1786930
1786950
1786960
1787000
1787010
1787030
1787040
1787050
1787070
1787080
1787100
1787110
1787120
1787140
1787150
1787160
1787170
1787180
1787190
1787210
1787230
1787320
1787360
1787390
1787400
1787410
1787420
1787440
1787450
1787460
1787470
1787480
1787500
1787520
1787580
1787600
1787610
1787620
1787630
1787640
1787650
1787670
1787680
1787690
1787730
1787740
1787760
1787770
1787790
1787800
1787810
1787840
1787860
1787870
1787900
1787910
1787920
1787960
1787980
1787990
1788040
1788060
1788100
1788120
1788130
1788160
1788170
1788180
1788220
1788260
1788270
1788380
1788390
1788410
1788430
1788460
1788490
1788500
1788520
1788560
1788620
1788650
1788660
1788700
1788710
1788720
1788730
1788740
1788750
1788760
1788780
1788790
1788800
1788810
1788840
1788850
1788860
1788880
1788890
1788900
1788910
1788920
1788930
1788940
1788950
1788960
1788970
1788980
1789030
1789050
1789060
1789070
1789080
1789090
1789100
1789110
1789130
1789170
1789180
1789210
1789220
1789270
1789280
1789310
1789340
1789360
1789370
1789380
1789440
1789460
1789470
1789480
1789490
1789500
1789560
1789600
1789620
1789650
1789660
1789670
1789680
1790210
1790250
1790330
1790340
1790350
1790360
1790370
1790380
1790400
1790420
1790470
1790490
1790550
1790560
1790580
1790600
1790620
1790630
1790640
1790690
1790700
1790710
1790740
1790760
1790770
1790800
1790810
1790820
1790840
1790860
1790870
1790880
1790890
1790900
1790930
1790940
1790960
1790990
1791030
1791080
1791090
1791100
1791120
1791230
1791300
1791310
1791360
1791400
1791410
1791430
1791460
1791480
1791510
1791580
1791590
1791610
1791630
1791650
1791660
1791680
1791700
1791710
1791750
1791790
1791820
1791850
1791860
1791870
1791880
1791890
1791900
1791910
1792000
1792010
1792020
1792070
1792100
1792130
1792150
1792160
1792170
1792200
1792210
1792230
1792250
1792270
1792280
1792290
1792350
1792360
1792380
1792390
1792430
1792460
1792500
1792520
1792530
1792600
1792610
1792650
1792660
1792700
1792730
1792770
1792780
1792790
1792810
1792820
1792850
1792860
1792890
1792920
1793000
1793020
1793030
1793040
1793060
1793070
1793090
1793110
1793120
1793150
1793170
1793190
1793200
1793210
1793220
1793240
1793250
1793260
1793300
1793330
1793340
1793350
1793360
1793370
1793380
1793400
1793420
1793440
1793530
1793560
1793580
1793610
1793680
1793740
1793780
1793800
1793810
1793840
1793890
1793900
1793910
1793920
1793960
1793970
1793990
1794000
1794020
1794030
1794120
1794130
1794160
1794170
1794190
1794210
1794240
1794250
1794270
1794300
1794320
1794330
1794340
1794370
1794380
1794390
1794400
1794420
1794430
1794440
1794450
1794470
1794490
1794510
1794520
1794530
1794560
1794580
1794600
1794620
1794640
1794670
1794680
1794690
1794700
1794710
1794730
1794740
1794750
1794760
1794780
1794800
1794830
1794840
1794860
1794880
1794920
1794930
1794950
1794960
1795010
1795030
1795070
1795080
1795090
1795100
1795110
1795150
1795170
1795180
1795190
1795260
1795310
1795340
1795370
1795390
1795410
1795420
1795430
1795440
1795470
1795510
1795530
1795540
1795550
1795560
1795570
1795580
1795630
1795640
1795670
1795750
1795760
1795770
1795780
1795790
1795820
1795830
1795880
1795970
1795980
1796040
1796060
1796070
1796080
1796100
1796110
1796130
1796180
1796190
1796200
1796210
1796220
1796270
1796280
1796310
1796340
1796350
1796410
1796440
1796450
1796470
1796500
1796550
1796570
1796580
1796590
1796610
1796630
1796640
1796660
1796720
1796750
1796790
1796840
1796870
1796890
1796900
1796910
1796920
1796930
1796950
1796970
1797040
1797060
1797130
1797140
1797180
1797250
1797260
1797270
1797300
1797370
1797380
1797390
1797400
1797410
1797440
1797450
1797480
1797490
1797500
1797510
1797550
1797560
1797570
1797580
1797590
1797610
1797630
1797680
1797710
1797740
1797750
1797790
1797820
1797840
1797850
1797880
1797930
1797940
1798010
1798020
1798110
1798130
1798150
1798160
1798170
1798180
1798210
1798220
1798230
1798240
1798270
1798300
1798320
1798340
1798350
1798410
1798460
1798470
1798480
1798520
1798540
1798570
1798600
1798620
1798640
1798670
1798690
1798720
1798740
1798750
1798760
1798770
1798780
1798810
1798820
1798870
1798880
1798910
1798950
1798970
1798980
1799000
1799020
1799060
1799080
1799110
1799140
1799160
1799180
1799190
1799220
1799260
1799280
1799290
1799370
1799380
1799400
1799490
1799520
1799530
1799560
1799570
1799580
1799590
1799620
1799650
1799660
1799670
1799710
1799720
1799730
1799820
1799840
1799850
1799890
1799900
1799930
1799940
1799950
1799990
1800000
1800010
1800030
1800070
1800080
1800120
1800230
1800250
1800290
1800300
1800340
1800360
1800370
1800390
1800430
1800440
1800470
1800480
1800510
1800520
1800560
1800570
1800580
1800600
1800650
1800670
1800730
1800780
1800790
1800850
1800860
1800890
1800910
1800920
1800940
1800950
1800970
1800980
1801010
1801030
1801050
1801060
1801070
1801090
1801110
1801140
1801150
1801190
1801200
1801220
1801230
1801270
1801280
1801360
1801370
1801400
1801410
1801430
1801440
1801450
1801460
1801490
1801520
1801620
1801630
1801640
1801650
1801660
1801670
1801700
1801850
1801860
1801920
1801940
1801950
1801980
1802070
1802080
1802090
1802100
1802110
1802120
1802160
1802190
1802210
1802240
1802270
1802330
1802340
1802370
1802420
1802430
1802460
1802500
1802520
1802530
1802550
1802560
1802570
1802590
1802610
1802620
1802630
1802640
1802670
1802680
1802690
1802700
1802720
1802810
1802820
1802850
1802860
1802870
1802880
1802900
1802920
1802930
1802980
1803020
1803060
1803070
1803090
1803110
1803140
1803150
1803160
1803170
1803190
1803210
1803220
1803230
1803290
1803310
1803330
1803360
1803380
1803390
1803400
1803410
1803420
1803440
1803450
1803460
1803470
1803490
1803500
1803510
1803530
1803550
1803560
1803570
1803580
1803590
1803600
1803610
1803620
1803630
1803640
1803690
1803700
1803720
1803760
1803810
1803820
1803830
1803840
1803850
1803870
1803920
1803960
1804000
1804010
1804020
1804040
1804070
1804130
1804170
1804270
1804290
1804320
1804340
1804360
1804370
1804380
1804390
1804440
1804450
1804470
1804500
1804520
1804530
1804570
1804580
1804590
1804600
1804610
1804620
1804640
1804650
1804710
1804720
1804730
1804740
1804760
1804780
1804820
1804860
1804870
1804890
1804900
1804950
1804970
1804980
1804990
1805000
1805040
1805070
1805080
1805100
1805110
1805130
1805140
1805150
1805170
1805190
1805200
1805210
1805220
1805230
1805240
1805250
1805260
1805270
1805310
1805320
1805340
1805390
1805400
1805470
1805480
1805490
1805500
1805510
1805520
1805560
1805570
1805610
1805640
1805650
1805670
1805680
1805700
1805720
1805730
1805740
1805750
1805810
1805820
1805840
1805930
1805960
1805970
1805980
1805990
1806000
1806030
1806040
1806050
1806070
1806110
1806120
1806130
1806190
1806200
1806210
1806290
1806330
1806400
1806420
1806430
1806440
1806480
1806540
1806570
1806580
1806610
1806630
1806640
1806670
1806690
1806700
1806830
1806840
1806860
1806910
1806920
1806940
1806960
1806970
1807000
1807020
1807080
1807090
1807140
1807150
1807190
1807200
1807220
1807240
1807250
1807260
1807300
1807310
1807320
1807330
1807360
1807370
1807380
1807410
1807430
1807450
1807460
1807480
1807500
1807540
1807560
1807570
1807580
1807590
1807600
1807610
1807640
1807660
1807690
1807700
1807730
1807740
1807750
1807810
1807920
1807930
1807940
1807950
1807960
1807980
1808040
1808060
1808080
1808110
1808130
1808140
1808150
1808160
1808200
1808210
1808230
1808240
1808250
1808260
1808270
1808320
1808330
1808350
1808360
1808380
1808400
1808420
1808440
1808480
1808490
1808500
1808540
1808550
1808570
1808620
1808630
1808640
1808680
1808690
1808700
1808730
1808770
1808780
1808800
1808810
1808820
1808860
1808870
1808890
1808900
1808910
1808920
1808950
1808960
1808980
1809040
1809090
1809130
1809160
1809170
1809230
1809250
1809300
1809310
1809350
1809370
1809390
1809420
1809480
1809500
1809530
1809540
1809560
1809570
1809610
1809700
1809710
1809730
1809740
1809750
1809760
1809770
1809820
1809850
1809860
1809890
1809900
1809930
1809960
1810000
1810020
1810050
1810130
1810180
1810190
1810200
1810210
1810220
1810230
1810270
1810280
1810310
1810320
1810330
1810340
1810350
1810410
1810430
1810450
1810460
1810490
1810500
1810510
1810530
1810580
1810600
1810610
1810620
1810630
1810650
1810670
1810700
1810710
1810720
1810730
1810810
1810820
1810840
1810870
1810900
1810960
1810980
1811000
1811040
1811070
1811140
1811190
1811290
1811300
1811330
1811340
1811350
1811380
1811390
1811400
1811410
1811430
1811440
1811480
1811490
1811500
1811520
1811590
1811600
1811640
1811710
1811740
1811750
1811780
1811820
1811870
1811900
1811910
1811920
1811940
1811950
1811990
1812060
1812070
1812090
1812130
1812140
1812170
1812180
1812200
1812210
1812230
1812240
1812250
1812280
1812290
1812300
1812340
1812370
1812390
1812400
1812410
1812420
1812430
1812440
1812450
1812510
1812560
1812580
1812600
1812640
1812650
1812710
1812760
1812820
1812840
1812850
1812860
1812870
1812890
1812910
1812920
1812930
1812950
1812970
1813000
1813010
1813060
1813100
1813110
1813120
1813130
1813140
1813170
1813180
1813190
1813200
1813230
1813240
1813250
1813270
1813290
1813300
1813310
1813320
1813330
1813340
1813370
1813400
1813420
1813430
1813440
1813470
1813500
1813540
1813550
1813560
1813570
1813590
1813610
1813640
1813650
1813690
1813740
1813820
1813840
1813850
1813860
1813890
1813910
1813980
1814010
1814030
1814050
1814060
1814090
1814100
1814110
1814120
1814150
1814160
1814170
1814200
1814220
1814230
1814240
1814250
1814260
1814270
1814310
1814340
1814360
1814380
1814400
1814460
1814480
1814490
1814510
1814520
1814540
1814560
1814570
1814590
1814600
1814610
1814630
1814670
1814690
1814700
1814710
1814720
1814730
1814770
1814780
1814800
1814850
1814870
1814890
1814920
1814930
1814950
1814980
1814990
1815000
1815010
1815020
1815030
1815050
1815060
1815080
1815090
1815110
1815130
1815140
1815150
1815160
1815170
1815200
1815230
1815260
1815270
1815290
1815310
1815340
1815350
1815370
1815400
1815430
1815440
1815450
1815520
1815530
1815540
1815550
1815570
1815580
1815600
1815650
1815660
1815690
1815720
1815730
1815750
1815780
1815800
1815820
1815860
1815880
1815890
1815970
1815990
1816050
1816070
1816080
1816120
1816140
1816200
1816270
1816300
1816370
1816380
1816390
1816410
1816420
1816480
1816520
1816530
1816560
1816570
1816640
1816650
1816690
1816710
1816770
1816810
1816890
1816900
1816910
1816920
1816930
1816950
1816960
1816980
1817000
1817020
1817030
1817070
1817110
1817120
1817130
1817140
1817190
1817200
1817230
1817250
1817260
1817290
1817310
1817320
1817330
1817350
1817400
1817470
1817500
1817510
1817540
1817560
1817610
1817660
1817670
1817680
1817720
1817780
1817800
1817880
1817890
1817910
1817940
1818000
1818080
1818140
1818150
1818180
1818200
1818220
1818230
1818240
1818250
1818270
1818280
1818290
1818320
1818340
1818370
1818450
1818470
1818480
1818560
1818570
1818580
1818590
1818600
1818610
1818630
1818640
1818660
1818690
1818770
1818780
1818790
1818800
1818810
1818820
1818830
1818840
1818880
1818940
1818960
1819020
1819040
1819060
1819120
1819160
1819180
1819190
1819210
1819230
1819240
1819250
1819280
1819290
1819300
1819370
1819430
1819440
1819450
1819460
1819520
1819540
1819560
1819570
1819580
1819600
1819610
1819620
1819630
1819650
1819660
1819750
1819770
1819780
1819800
1819820
1819860
1819870
1819880
1819890
1819900
1819930
1819950
1819960
1819970
1820000
1820020
1820030
1820050
1820060
1820070
1820090
1820100
1820140
1820160
1820170
1820180
1820210
1820270
1820320
1820330
1820350
1820380
1820390
1820400
1820430
1820460
1820470
1820480
1820560
1820570
1820620
1820640
1820690
1820700
1820710
1820720
1820740
1820770
1820790
1820810
1820860
1820890
1820910
1820930
1820940
1820980
1821000
1821060
1821070
1821090
1821110
1821140
1821150
1821170
1821220
1821270
1821310
1821340
1821350
1821410
1821420
1821440
1821460
1821490
1821500
1821510
1821530
1821540
1821550
1821570
1821580
1821590
1821600
1821630
1821670
1821680
1821690
1821730
1821740
1821800
1821810
1821820
1821850
1821860
1821870
1821890
1821910
1821920
1821960
1821970
1821980
1822010
1822020
1822030
1822040
1822060
1822070
1822080
1822090
1822120
1822130
1822180
1822190
1822230
1822240
1822270
1822300
1822340
1822450
1822460
1822470
1822490
1822500
1822510
1822530
1822540
1822550
1822560
1822580
1822590
1822640
1822660
1822700
1822710
1822760
1822770
1822880
1822890
1822900
1822910
1822940
1822970
1823020
1823030
1823070
1823080
1823090
1823100
1823170
1823190
1823200
1823210
1823250
1823260
1823300
1823320
1823330
1823340
1823350
1823370
1823380
1823390
1823430
1823470
1823480
1823490
1823540
1823550
1823570
1823590
1823600
1823610
1823630
1823670
1823700
1823710
1823730
1823740
1823750
1823760
1823790
1823810
1823830
1823840
1823890
1823900
1823910
1823930
1823940
1823950
1823980
1823990
1824010
1824020
1824040
1824070
1824080
1824090
1824110
1824120
1824130
1824150
1824160
1824170
1824210
1824220
1824250
1824260
1824290
1824380
1824390
1824440
1824450
1824480
1824520
1824530
1824540
1824570
1824580
1824590
1824710
1824740
1824750
1824760
1824800
1824830
1824840
1824910
1824960
1824970
1824990
1825000
1825010
1825020
1825030
1825040
1825050
1825060
1825080
1825110
1825130
1825150
1825160
1825180
1825200
1825210
1825220
1825250
1825290
1825310
1825350
1825380
1825390
1825440
1825460
1825480
1825510
1825530
1825540
1825550
1825620
1825650
1825670
1825690
1825700
1825740
1825760
1825850
1825880
1825900
1825930
1825970
1825990
1826000
1826020
1826030
1826060
1826070
1826080
1826090
1826100
1826120
1826130
1826160
1826200
1826210
1826230
1826290
1826300
1826350
1826380
1826400
1826410
1826420
1826450
1826460
1826480
1826490
1826530
1826540
1826570
1826590
1826640
1826650
1826660
1826680
1826690
1826710
1826760
1826770
1826820
1826830
1826860
1826880
1826900
1826910
1826920
1826980
1827040
1827060
1827180
1827200
1827220
1827240
1827260
1827290
1827300
1827440
1827450
1827460
1827500
1827550
1827560
1827570
1827600
1827640
1827650
1827660
1827680
1827690
1827700
1827720
1827730
1827740
1827760
1827770
1827780
1827820
1827840
1827870
1827900
1827910
1827940
1827950
1827960
1827970
1827980
1828010
1828030
1828040
1828070
1828080
1828090
1828100
1828140
1828160
1828180
1828220
1828270
1828280
1828310
1828320
1828380
1828400
1828410
1828450
1828490
1828510
1828540
1828550
1828630
1828640
1828650
1828660
1828690
1828700
1828710
1828720
1828740
1828750
1828770
1828780
1828800
1828830
1828870
1828900
1828910
1828940
1828950
1828970
1829000
1829010
1829070
1829080
1829090
1829110
1829120
1829140
1829170
1829200
1829240
1829250
1829260
1829270
1829310
1829370
1829420
1829430
1829450
1829470
1829490
1829500
1829520
1829540
1829560
1829620
1829640
1829650
1829700
1829730
1829740
1829760
1829800
1829810
1829850
1829880
1829910
1829920
1829940
1829960
1829980
1830000
1830040
1830050
1830100
1830110
1830130
1830150
1830160
1830170
1830180
1830190
1830210
1830240
1830260
1830270
1830280
1830290
1830320
1830350
1830430
1830450
1830480
1830490
1830540
1830620
1830630
1830640
1830700
1830720
1830730
1830740
1830760
1830770
1830780
1830830
1830840
1830850
1830870
1830900
1830910
1830950
1830970
1830980
1831010
1831020
1831050
1831060
1831090
1831100
1831110
1831120
1831130
1831140
1831150
1831160
1831190
1831230
1831260
1831270
1831290
1831320
1831340
1831350
1831370
1831380
1831400
1831410
1831460
1831480
1831520
1831530
1831540
1831550
1831560
1831580
1831610
1831650
1831670
1831680
1831700
1831720
1831740
1831780
1831790
1831800
1831830
1831850
1831870
1831900
1831930
1831960
1831970
1831980
1831990
1832000
1832010
1832030
1832040
1832050
1832070
1832090
1832110
1832130
1832140
1832170
1832180
1832220
1832230
1832240
1832250
1832260
1832270
1832280
1832300
1832370
1832380
1832480
1832560
1832580
1832620
1832640
1832680
1832690
1832700
1832760
1832780
1832790
1832850
1832950
1832980
1832990
1833020
1833040
1833060
1833080
1833130
1833170
1833190
1833200
1833210
1833240
1833300
1833340
1833350
1833360
1833380
1833480
1833490
1833530
1833540
1833550
1833560
1833570
1833620
1833650
1833660
1833670
1833680
1833710
1833730
1833770
1833820
1833840
1833850
1833860
1833870
1833890
1833900
1833920
1833930
1833950
1833960
1834000
1834010
1834110
1834120
1834140
1834170
1834200
1834220
1834290
1834310
1834320
1834370
1834390
1834420
1834430
1834470
1834530
1834540
1834550
1834560
1834570
1834580
1834620
1834640
1834680
1834690
1834700
1834710
1834720
1834740
1834750
1834760
1834820
1834870
1834920
1834930
1834940
1834950
1834960
1834980
1835010
1835020
1835030
1835040
1835060
1835070
1835080
1835090
1835120
1835190
1835200
1835210
1835220
1835240
1835260
1835290
1835310
1835330
1835350
1835360
1835370
1835440
1835460
1835470
1835490
1835500
1835510
1835530
1835540
1835560
1835570
1835580
1835640
1835670
1835690
1835790
1835810
1835820
1835830
1835840
1835870
1835930
1835970
1836030
1836040
1836120
1836150
1836160
1836170
1836180
1836210
1836220
1836240
1836280
1836290
1836310
1836320
1836350
1836360
1836390
1836400
1836420
1836440
1836450
1836500
1836510
1836520
1836550
1836560
1836590
1836600
1836660
1836680
1836690
1836730
1836740
1836770
1836790
1836840
1836850
1836860
1836880
1836890
1836900
1836920
1836940
1836950
1836970
1837000
1837060
1837090
1837130
1837140
1837160
1837190
1837200
1837210
1837220
1837230
1837250
1837280
1837330
1837340
1837400
1837440
1837480
1837500
1837510
1837530
1837550
1837570
1837580
1837590
1837610
1837620
1837630
1837650
1837670
1837690
1837700
1837730
1837780
1837800
1837810
1837820
1837840
1837870
1837890
1837900
1837910
1837920
1837980
1838030
1838070
1838080
1838100
1838120
1838130
1838140
1838200
1838220
1838240
1838250
1838290
1838340
1838380
1838400
1838420
1838480
1838490
1838530
1838540
1838550
1838560
1838580
1838600
1838650
1838660
1838670
1838680
1838730
1838740
1838770
1838780
1838790
1838800
1838820
1838830
1838860
1838900
1838970
1838980
1839010
1839020
1839040
1839050
1839060
1839070
1839080
1839090
1839150
1839180
1839190
1839230
1839260
1839280
1839320
1839340
1839350
1839360
1839380
1839420
1839430
1839440
1839500
1839510
1839540
1839570
1839590
1839600
1839610
1839630
1839660
1839670
1839680
1839710
1839750
1839760
1839780
1839810
1839820
1839840
1839850
1839860
1839870
1839880
1839900
1839910
1839930
1839940
1839950
1839960
1839980
1840020
1840060
1840070
1840080
1840100
1840120
1840130
1840140
1840150
1840170
1840210
1840250
1840280
1840330
1840350
1840360
1840380
1840410
1840430
1840440
1840450
1840480
1840490
1840510
1840520
1840540
1840570
1840580
1840590
1840610
1840620
1840660
1840700
1840710
1840730
1840770
1840780
1840790
1840800
1840810
1840820
1840840
1840850
1840860
1840870
1840880
1840920
1840940
1841010
1841020
1841030
1841040
1841050
1841060
1841070
1841080
1841100
1841150
1841160
1841180
1841190
1841200
1841220
1841230
1841240
1841250
1841260
1841270
1841320
1841330
1841350
1841360
1841380
1841430
