1291990
1292020
1292040
1292050
1292060
1292070
1292100
1292120
1292140
1292160
1292170
1292180
1292240
1292250
1292270
1292280
1292310
1292410
1292440
1292460
1292480
1292490
1292500
1292510
1292520
1292540
1292550
1292560
1292610
1292630
1292690
1292700
1292710
1292720
1292750
1292760
1292770
1292860
1292880
1292910
1292920
1292940
1292950
1292960
1292980
1293000
1293040
1293050
1293110
1293120
1293160
1293170
1293180
1293190
1293220
1293230
1293250
1293300
1293370
1293400
1293420
1293430
1293440
1293450
1293460
1293480
1293510
1293520
1293530
1293540
1293610
1293650
1293660
1293670
1293700
1293730
1293740
1293780
1293820
1293850
1293860
1293880
1293900
1293910
1293920
1293930
1293940
1293950
1293980
1293990
1294000
1294020
1294040
1294060
1294110
1294120
1294150
1294160
1294170
1294220
1294230
1294260
1294280
1294310
1294320
1294340
1294350
1294360
1294380
1294420
1294450
1294480
1294500
1294590
1294620
1294630
1294650
1294720
1294740
1294750
1294760
1294780
1294810
1294880
1294910
1294920
1294940
1294970
1295000
1295030
1295070
1295140
1295210
1295220
1295230
1295250
1295260
1295270
1295280
1295290
1295320
1295390
1295420
1295440
1295480
1295490
1295500
1295510
1295560
1295570
1295630
1295660
1295670
1295680
1295700
1295730
1295740
1295750
1295760
1295790
1295810
1295860
1295870
1295900
1295910
1295920
1295990
1296010
1296180
1296190
1296200
1296250
1296260
1296280
1296290
1296300
1296340
1296360
1296370
1296400
1296410
1296450
1296470
1296480
1296490
1296500
1296510
1296530
1296540
1296550
1296560
1296580
1296610
1296650
1296660
1296680
1296700
1296720
1296770
1296810
1296830
1296860
1296880
1296940
1296970
1296980
1297000
1297010
1297030
1297090
1297160
1297180
1297190
1297200
1297210
1297230
1297240
1297250
1297270
1297300
1297320
1297330
1297340
1297390
1297430
1297440
1297470
1297480
1297490
1297530
1297540
1297550
1297560
1297570
1297640
1297650
1297660
1297680
1297710
1297790
1297800
1297810
1297820
1297890
1297900
1297950
1298000
1298010
1298020
1298050
1298080
1298100
1298130
1298140
1298170
1298180
1298200
1298220
1298260
1298270
1298280
1298310
1298320
1298340
1298360
1298380
1298390
1298410
1298420
1298430
1298470
1298480
1298500
1298510
1298520
1298530
1298540
1298550
1298600
1298620
1298640
1298670
1298680
1298700
1298740
1298750
1298770
1298820
1298830
1298850
1298880
1298890
1298950
1298960
1299000
1299010
1299030
1299040
1299060
1299070
1299120
1299150
1299170
1299220
1299230
1299250
1299260
1299290
1299320
1299330
1299340
1299360
1299370
1299400
1299410
1299420
1299430
1299460
1299480
1299510
1299520
1299540
1299580
1299600
1299620
1299650
1299660
1299680
1299690
1299710
1299720
1299730
1299750
1299760
1299790
1299800
1299810
1299820
1299840
1299860
1299880
1299890
1299930
1299950
1299960
1299990
1300000
1300010
1300050
1300060
1300100
1300110
1300140
1300180
1300190
1300200
1300260
1300270
1300310
1300330
1300350
1300360
1300370
1300390
1300430
1300480
1300490
1300550
1300560
1300570
1300580
1300590
1300600
1300610
1300650
1300670
1300700
1300720
1300760
1300790
1300840
1300860
1300880
1300890
1300900
1300910
1300920
1300940
1300950
1300960
1301000
1301010
1301060
1301100
1301220
1301230
1301250
1301260
1301290
1301310
1301340
1301370
1301380
1301390
1301410
1301430
1301470
1301480
1301500
1301520
1301560
1301580
1301590
1301620
1301650
1301700
1301710
1301720
1301730
1301770
1301820
1301830
1301840
1301850
1301860
1301880
1301910
1301930
1301950
1301980
1301990
1302000
1302030
1302050
1302090
1302110
1302150
1302160
1302180
1302190
1302200
1302220
1302230
1302240
1302270
1302290
1302300
1302310
1302400
1302420
1302430
1302440
1302460
1302470
1302480
1302490
1302510
1302530
1302540
1302550
1302570
1302590
1302600
1302610
1302620
1302700
1302720
1302730
1302750
1302760
1302770
1302780
1302800
1302820
1302840
1302850
1302860
1302910
1302920
1302930
1302970
1302990
1303000
1303010
1303050
1303090
1303130
1303140
1303160
1303170
1303210
1303260
1303270
1303280
1303350
1303370
1303390
1303400
1303420
1303440
1303460
1303470
1303480
1303550
1303590
1303620
1303630
1303640
1303660
1303670
1303680
1303720
1303740
1303760
1303790
1303820
1303850
1303860
1303870
1303930
1303940
1303950
1303990
1304050
1304070
1304090
1304100
1304120
1304130
1304160
1304170
1304220
1304280
1304290
1304300
1304310
1304320
1304340
1304350
1304360
1304390
1304400
1304420
1304430
1304470
1304490
1304510
1304520
1304530
1304550
1304560
1304580
1304610
1304620
1304640
1304660
1304680
1304690
1304770
1304780
1304790
1304800
1304810
1304850
1304870
1304910
1304930
1305050
1305060
1305080
1305150
1305180
1305190
1305220
1305250
1305270
1305280
1305300
1305310
1305320
1305350
1305370
1305380
1305390
1305420
1305430
1305440
1305450
1305470
1305490
1305500
1305530
1305540
1305570
1305590
1305610
1305640
1305660
1305690
1305720
1305730
1305760
1305780
1305820
1305880
1305890
1305940
1305960
1305970
1305990
1306010
1306020
1306060
1306110
1306160
1306180
1306210
1306240
1306250
1306260
1306570
1306580
1306620
1306630
1306720
1306750
1306770
1306780
1306790
1306840
1306850
1306860
1306900
1306910
1306950
1306970
1306990
1307070
1307080
1307090
1307110
1307150
1307160
1307180
1307200
1307220
1307230
1307240
1307250
1307270
1307300
1307310
1307330
1307370
1307380
1307450
1307460
1307480
1307490
1307530
1307550
1307560
1307580
1307610
1307630
1307640
1307660
1307670
1307690
1307710
1307730
1307740
1307760
1307780
1307810
1307850
1307860
1307870
1307880
1307890
1307900
1307960
1307980
1308040
1308060
1308130
1308140
1308150
1308170
1308220
1308240
1308250
1308280
1308350
1308360
1308410
1308420
1308450
1308470
1308500
1308510
1308520
1308540
1308550
1308560
1308570
1308630
1308660
1308700
1308740
1308750
1308760
1308770
1308780
1308790
1308800
1308840
1308870
1308880
1308920
1308940
1308950
1308960
1308980
1309000
1309040
1309080
1309090
1309130
1309140
1309170
1309200
1309280
1309290
1309300
1309340
1309350
1309430
1309440
1309460
1309510
1309550
1309590
1309610
1309620
1309680
1309700
1309710
1309720
1309730
1309760
1309780
1309820
1309850
1309860
1309870
1309890
1309910
1309940
1309950
1309980
1309990
1310050
1310080
1310120
1310150
1310210
1310230
1310270
1310330
1310350
1310390
1310410
1310470
1310480
1310500
1310510
1310590
1310620
1310650
1310690
1310740
1310770
1310790
1310840
1310910
1310950
1310970
1310990
1311070
1311080
1311140
1311150
1311160
1311190
1311210
1311220
1311240
1311250
1311310
1311320
1311400
1311440
1311460
1311510
1311540
1311560
1311570
1311610
1311640
1311650
1311660
1311670
1311690
1311700
1311710
1311740
1311770
1311780
1311800
1311830
1311930
1311960
1311990
1312000
1312050
1312060
1312070
1312080
1312160
1312190
1312210
1312230
1312240
1312250
1312270
1312290
1312310
1312380
1312420
1312450
1312470
1312480
1312490
1312510
1312540
1312570
1312660
1312740
1312760
1312780
1312880
1312900
1312950
1312960
1312990
1313050
1313090
1313110
1313120
1313140
1313150
1313200
1313210
1313230
1313290
1313310
1313330
1313340
1313350
1313360
1313400
1313470
1313490
1313530
1313580
1313600
1313630
1313640
1313700
1313730
1313810
1313870
1313880
1313940
1313960
1313970
1314000
1314010
1314040
1314090
1314140
1314170
1314190
1314230
1314270
1314290
1314300
1314410
1314460
1314480
1314500
1314540
1314590
1314600
1314620
1314630
1314670
1314680
1314690
1314770
1314820
1314840
1314870
1314880
1314930
1314970
1314980
1315000
1315040
1315070
1315100
1315120
1315130
1315160
1315180
1315200
1315210
1315220
1315240
1315250
1315270
1315320
1315360
1315370
1315390
1315410
1315610
1315620
1315630
1315650
1315660
1315670
1315680
1315710
1315780
1315810
1315840
1315860
1315890
1315900
1315910
1315920
1315980
1316000
1316050
1316060
1316100
1316130
1316150
1316160
1316200
1316220
1316230
1316280
1316290
1316310
1316330
1316380
1316390
1316440
1316520
1316530
1316560
1316570
1316640
1316680
1316700
1316720
1316740
1316760
1316770
1316800
1316830
1316870
1316910
1316950
1317020
1317070
1317120
1317240
1317270
1317310
1317360
1317500
1317800
1317850
1317950
1318000
1318020
1318060
1318090
1318110
1318130
1318140
1318150
1318180
1318190
1318210
1318240
1318260
1318280
1318420
1318450
1318480
1318520
1318530
1318550
1318560
1318610
1318690
1318700
1318730
1318740
1318750
1318790
1318800
1318820
1318840
1318870
1318940
1318970
1318980
1318990
1319060
1319100
1319160
1319210
1319220
1319270
1319290
1319310
1319320
1319400
1319420
1319430
1319460
1319480
1319530
1319550
1319570
1319690
1319720
1319790
1319850
1319880
1319950
1319990
1320000
1320030
1320060
1320100
1320110
1320140
1320150
1320170
1320230
1320240
1320260
1320400
1320430
1320440
1320490
1320500
1320510
1320520
1320530
1320550
1320710
1320810
1320830
1320940
1320950
1320990
1321010
1321030
1321040
1321070
1321080
1321110
1321120
1321160
1321220
1321230
1321270
1321350
1321400
1321440
1321450
1321520
1321590
1321630
1321650
1321680
1321840
1321870
1321890
1321920
1322010
1322080
1322090
1322100
1322170
1322180
1322260
1322270
1322280
1322290
1322300
1322370
1322490
1322520
1322540
1322550
1322580
1322600
1322650
1322730
1322740
1322830
1323000
1323060
1323080
1323140
1323190
1323200
1323220
1323350
1323370
1323410
1323420
1323470
1323490
1323540
1323600
1323610
1323620
1323710
1323770
1323800
1323830
1323860
1323870
1323880
1323900
1323910
1323930
1323950
1324010
1324030
1324040
1324070
1324130
1324150
1324270
1324320
1324340
1324350
1324360
1324400
1324410
1324420
1324490
1324510
1324530
1324540
1324560
1324630
1324710
1324720
1324730
1324760
1324780
1324830
1324840
1324860
1324870
1324980
1325000
1325030
1325040
1325080
1325200
1325220
1325230
1325260
1325270
1325310
1325340
1325370
1325380
1325420
1325430
1325470
1325520
1325580
1325800
1325870
1325890
1325900
1325910
1325960
1325970
1326000
1326080
1326110
1326170
1326220
1326270
1326290
1326330
1326470
1326660
1326760
1326870
1326920
1326930
1327020
1327040
1327080
1327090
1327100
1327200
1327260
1327310
1327370
1327390
1327430
1327440
1327450
1327540
1327600
1327640
1327720
1327810
1327820
1327870
1327920
1327970
1328000
1328050
1328220
1328350
1328400
1328410
1328430
1328460
1328470
1328490
1328500
1328510
1328530
1328540
1328560
1328570
1328590
1328620
1328660
1328670
1328710
1328720
1328750
1328760
1328780
1328810
1328830
1328840
1328850
1328870
1328890
1328900
1328910
1328920
1328990
1329000
1329030
1329080
1329110
1329130
1329170
1329180
1329190
1329210
1329240
1329280
1329320
1329350
1329360
1329390
1329400
1329420
1329430
1329440
1329450
1329460
1329470
1329480
1329490
1329500
1329510
1329530
1329540
1329600
1329630
1329790
1329800
1329810
1329830
1329850
1329880
1329990
1330000
1330010
1330080
1330100
1330120
1330140
1330160
1330170
1330180
1330190
1330250
1330270
1330290
1330300
1330330
1330360
1330370
1330390
1330400
1330430
1330460
1330470
1330500
1330550
1330560
1330570
1330620
1330630
1330660
1330670
1330690
1330710
1330730
1330760
1330770
1330790
1330800
1330820
1330830
1330850
1330890
1330920
1330930
1330940
1330960
1330990
1331030
1331040
1331060
1331070
1331080
1331090
1331120
1331170
1331180
1331210
1331240
1331290
1331310
1331330
1331340
1331370
1331390
1331400
1331410
1331420
1331460
1331470
1331480
1331510
1331530
1331540
1331550
1331560
1331570
1331590
1331600
1331610
1331620
1331650
1331660
1331670
1331710
1331860
1331870
1331880
1331900
1331910
1332010
1332040
1332090
1332100
1332120
1332180
1332190
1332200
1332210
1332220
1332250
1332260
1332280
1332290
1332310
1332340
1332360
1332370
1332380
1332430
1332440
1332450
1332460
1332470
1332490
1332540
1332570
1332590
1332620
1332630
1332660
1332670
1332690
1332720
1332730
1332760
1332780
1332790
1332800
1332820
1332830
1332840
1332860
1332890
1332940
1332950
1332970
1332990
1333020
1333030
1333050
1333080
1333090
1333100
1333110
1333120
1333130
1333150
1333160
1333190
1333200
1333270
1333280
1333300
1333330
1333340
1333350
1333360
1333380
1333410
1333420
1333430
1333460
1333470
1333480
1333490
1333500
1333530
1333540
1333560
1333590
1333620
1333650
1333700
1333720
1333800
1333810
1333840
1333860
1333870
1333890
1333900
1333910
1333920
1333930
1333940
1333950
1333980
1333990
1334000
1334010
1334020
1334040
1334050
1334070
1334080
1334110
1334120
1334150
1334170
1334200
1334230
1334240
1334280
1334290
1334300
1334310
1334330
1334360
1334420
1334440
1334500
1334510
1334530
1334560
1334570
1334580
1334590
1334610
1334620
1334630
1334650
1334700
1334730
1334780
1334800
1334830
1334840
1334910
1334960
1334970
1334980
1335020
1335030
1335200
1335230
1335240
1335270
1335300
1335340
1335350
1335360
1335370
1335400
1335410
1335440
1335480
1335500
1335510
1335520
1335530
1335560
1335580
1335610
1335630
1335680
1335700
1335780
1335790
1335810
1335820
1335830
1335880
1335890
1335910
1335940
1335970
1336020
1336040
1336060
1336070
1336090
1336100
1336120
1336130
1336150
1336160
1336170
1336180
1336210
1336230
1336290
1336340
1336380
1336400
1336420
1336430
1336440
1336450
1336460
1336490
1336560
1336570
1336590
1336600
1336620
1336680
1336690
1336700
1336790
1336800
1336830
1336840
1336880
1336910
1336940
1336950
1336960
1336970
1336980
1337000
1337010
1337020
1337030
1337070
1337080
1337170
1337200
1337210
1337250
1337260
1337270
1337280
1337300
1337410
1337430
1337520
1337530
1337590
1337600
1337610
1337640
1337650
1337710
1337720
1337760
1337780
1337810
1337820
1337840
1337870
1337880
1337890
1337910
1337920
1337930
1338020
1338030
1338090
1338100
1338130
1338140
1338160
1338180
1338220
1338250
1338320
1338330
1338360
1338390
1338410
1338420
1338430
1338460
1338490
1338520
1338560
1338570
1338580
1338620
1338640
1338660
1338730
1338770
1338780
1338790
1338830
1338840
1338920
1338930
1338940
1338950
1338980
1339000
1339030
1339080
1339170
1339180
1339200
1339220
1339260
1339290
1339310
1339330
1339340
1339360
1339370
1339380
1339410
1339420
1339450
1339460
1339490
1339530
1339550
1339560
1339580
1339590
1339620
1339640
1339650
1339670
1339750
1339790
1339800
1339820
1339850
1339860
1339870
1339890
1339900
1339920
1339960
1340020
1340050
1340080
1340120
1340130
1340140
1340180
1340210
1340240
1340260
1340300
1340310
1340320
1340330
1340360
1340380
1340400
1340410
1340420
1340440
1340470
1340480
1340490
1340500
1340520
1340530
1340540
1340570
1340600
1340640
1340690
1340720
1340730
1340740
1340760
1340770
1340810
1340820
1340850
1340860
1340870
1340890
1340910
1340920
1340950
1340980
1340990
1341050
1341080
1341090
1341100
1341120
1341140
1341160
1341170
1341190
1341200
1341210
1341220
1341240
1341250
1341270
1341280
1341290
1341300
1341310
1341330
1341340
1341400
1341430
1341440
1341450
1341460
1341470
1341490
1341500
1341550
1341570
1341620
1341630
1341640
1341650
1341660
1341710
1341720
1341740
1341760
1341780
1341820
1341830
1341890
1341900
1341930
1341960
1341980
1342020
1342040
1342050
1342060
1342070
1342080
1342090
1342100
1342110
1342120
1342130
1342150
1342180
1342220
1342260
1342270
1342290
1342330
1342340
1342360
1342400
1342410
1342480
1342490
1342500
1342520
1342540
1342550
1342560
1342600
1342620
1342630
1342640
1342660
1342690
1342730
1342740
1342750
1342770
1342790
1342810
1342850
1342890
1342900
1342910
1342940
1343010
1343040
1343050
1343060
1343070
1343090
1343100
1343110
1343140
1343150
1343220
1343230
1343240
1343260
1343310
1343330
1343340
1343350
1343370
1343390
1343400
1343410
1343450
1343460
1343480
1343510
1343520
1343550
1343580
1343620
1343640
1343660
1343670
1343680
1343690
1343700
1343750
1343810
1343830
1343850
1343920
1343950
1343970
1343990
1344070
1344110
1344120
1344140
1344170
1344210
1344340
1344350
1344420
1344430
1344440
1344450
1344520
1344530
1344550
1344570
1344630
1344660
1344690
1344730
1344740
1344780
1344790
1344800
1344810
1344820
1344840
1344860
1344880
1344890
1344900
1344930
1344950
1344970
1344980
1344990
1345030
1345040
1345050
1345080
1345120
1345140
1345150
1345180
1345190
1345200
1345220
1345240
1345270
1345280
1345300
1345320
1345340
1345350
1345360
1345370
1345380
1345390
1345400
1345430
1345440
1345450
1345470
1345520
1345720
1345740
1345750
1345760
1345770
1345780
1345810
1345820
1345830
1345850
1345860
1345870
1345890
1345910
1345940
1345950
1346010
1346020
1346030
1346100
1346110
1346120
1346170
1346210
1346220
1346240
1346250
1346260
1346270
1346280
1346290
1346300
1346310
1346320
1346330
1346350
1346360
1346390
1346400
1346420
1346460
1346480
1346550
1346600
1346620
1346630
1346660
1346700
1346720
1346740
1346770
1346790
1346800
1346830
1346840
1346850
1346860
1346870
1346890
1346960
1346970
1346980
1347010
1347030
1347070
1347080
1347110
1347130
1347140
1347170
1347230
1347250
1347290
1347310
1347350
1347360
1347390
1347420
1347450
1347460
1347490
1347540
1347550
1347560
1347580
1347590
1347600
1347630
1347690
1347700
1347710
1347760
1347780
1347800
1347870
1347880
1347950
1347960
1347970
1348020
1348030
1348040
1348060
1348160
1348180
1348220
1348240
1348250
1348260
1348270
1348300
1348330
1348380
1348390
1348400
1348430
1348510
1348520
1348600
1348640
1348680
1348690
1348700
1348750
1348770
1348800
1348810
1348920
1348930
1348960
1348970
1348980
1348990
1349000
1349030
1349040
1349060
1349070
1349100
1349120
1349130
1349140
1349170
1349230
1349290
1349300
1349310
1349320
1349340
1349390
1349420
1349460
1349540
1349600
1349620
1349640
1349670
1349680
1349720
1349730
1349740
1349760
1349790
1349820
1349830
1349850
1349860
1349890
1349900
1349910
1349920
1349930
1349940
1349960
1349970
1350010
1350030
1350050
1350060
1350080
1350100
1350120
1350170
1350200
1350250
1350280
1350300
1350310
1350340
1350350
1350370
1350390
1350430
1350440
1350470
1350480
1350500
1350540
1350560
1350570
1350580
1350590
1350610
1350630
1350650
1350690
1350710
1350720
1350780
1350820
1350830
1350840
1350850
1350860
1350920
1351000
1351070
1351080
1351120
1351140
1351170
1351180
1351200
1351210
1351220
1351240
1351250
1351290
1351300
1351310
1351350
1351360
1351370
1351380
1351400
1351440
1351450
1351480
1351500
1351510
1351550
1351560
1351610
1351630
1351650
1351670
1351710
1351720
1351820
1351830
1351840
1351870
1351880
1351900
1351950
1351960
1351970
1351980
1352020
1352080
1352120
1352130
1352140
1352180
1352200
1352230
1352270
1352280
1352290
1352300
1352330
1352340
1352440
1352450
1352470
1352510
1352520
1352530
1352540
1352560
1352590
1352650
1352660
1352670
1352680
1352690
1352700
1352730
1352740
1352760
1352770
1352830
1352840
1352850
1352870
1352890
1352910
1352930
1353030
1353040
1353050
1353130
1353140
1353150
1353160
1353200
1353210
1353230
1353250
1353270
1353300
1353310
1353330
1353350
1353370
1353450
1353470
1353550
1353560
1353650
1353660
1353670
1353680
1353690
1353730
1353830
1353900
1353910
1353920
1353950
1354000
1354020
1354060
1354070
1354100
1354180
1354230
1354240
1354260
1354270
1354300
1354370
1354420
1354450
1354460
1354520
1354530
1354540
1354570
1354580
1354590
1354690
1354750
1354760
1354770
1354800
1354830
1354850
1354910
1354940
1354970
1354980
1354990
1355000
1355010
1355020
1355050
1355060
1355070
1355090
1355100
1355140
1355160
1355200
1355210
1355240
1355250
1355290
1355310
1355360
1355370
1355390
1355400
1355410
1355420
1355430
1355440
1355450
1355470
1355500
1355510
1355560
1355570
1355580
1355590
1355610
1355620
1355630
1355650
1355680
1355720
1355770
1355780
1355790
1355810
1355820
1355830
1355880
1355900
1355910
1355930
1355960
1355980
1356030
1356040
1356070
1356080
1356120
1356140
1356160
1356180
1356190
1356240
1356250
1356260
1356280
1356300
1356360
1356380
1356440
1356460
1356480
1356530
1356580
1356610
1356640
1356670
1356680
1356710
1356760
1356790
1356800
1356810
1356830
1356860
1356870
1356940
1356950
1356970
1357000
1357020
1357090
1357120
1357150
1357190
1357200
1357210
1357220
1357230
1357270
1357280
1357320
1357390
1357400
1357410
1357430
1357490
1357520
1357540
1357550
1357570
1357580
1357590
1357610
1357640
1357670
1357680
1357700
1357710
1357750
1357830
1357840
1357860
1357870
1357890
1357930
1357960
1357990
1358000
1358010
1358020
1358030
1358050
1358090
1358100
1358110
1358120
1358140
1358150
1358180
1358250
1358260
1358270
1358320
1358360
1358370
1358430
1358440
1358490
1358510
1358530
1358540
1358560
1358590
1358610
1358630
1358640
1358650
1358660
1358700
1358710
1358730
1358760
1358770
1358780
1358790
1358810
1358830
1358840
1358880
1358900
1358930
1358940
1358970
1358990
1359000
1359020
1359090
1359110
1359120
1359160
1359170
1359240
1359250
1359260
1359270
1359280
1359300
1359310
1359340
1359380
1359400
1359430
1359440
1359450
1359470
1359630
1359640
1359650
1359720
1359730
1359760
1359800
1359820
1359840
1359850
1359890
1359900
1359910
1359920
1359950
1359970
1359980
1359990
1360000
1360040
1360080
1360130
1360140
1360150
1360160
1360190
1360210
1360220
1360250
1360260
1360270
1360280
1360290
1360360
1360380
1360390
1360430
1360440
1360480
1360490
1360500
1360520
1360530
1360550
1360560
1360570
1360580
1360600
1360620
1360660
1360670
1360700
1360720
1360760
1360780
1360790
1360810
1360820
1360850
1360870
1360880
1360890
1360900
1360960
1360980
1361000
1361010
1361020
1361050
1361060
1361070
1361090
1361100
1361110
1361120
1361150
1361180
1361190
1361200
1361210
1361230
1361240
1361260
1361270
1361300
1361320
1361330
1361360
1361390
1361400
1361430
1361440
1361460
1361470
1361480
1361490
1361500
1361510
1361520
1361540
1361580
1361610
1361630
1361660
1361670
1361680
1361690
1361700
1361720
1361740
1361750
1361760
1361810
1361840
1361860
1361870
1361900
1361920
1361950
1361970
1361980
1361990
1362000
1362010
1362040
1362070
1362130
1362190
1362260
1362270
1362290
1362300
1362310
1362340
1362350
1362390
1362400
1362420
1362430
1362440
1362460
1362470
1362480
1362510
1362520
1362550
1362560
1362580
1362620
1362650
1362670
1362690
1362700
1362720
1362750
1362760
1362780
1362830
1362840
1362850
1362860
1362890
1362910
1362940
1362960
1362980
1362990
1363020
1363040
1363080
1363090
1363120
1363140
1363160
1363170
1363200
1363210
1363230
1363270
1363290
1363310
1363350
1363360
1363380
1363390
1363400
1363430
1363490
1363560
1363600
1363620
1363660
1363680
1363690
1363730
1363740
1363770
1363780
1363790
1363810
1363840
1363850
1363860
1363900
1363940
1363960
1363980
1364010
1364090
1364100
1364130
1364150
1364160
1364170
1364180
1364210
1364230
1364240
1364290
1364330
1364340
1364350
1364360
1364380
1364400
1364430
1364450
1364490
1364500
1364510
1364570
1364580
1364610
1364620
1364690
1364710
1364730
1364740
1364750
1364760
1364780
1364800
1364830
1364940
1364960
1364980
1365010
1365030
1365140
1365380
1365390
1365400
1365410
1365490
1365500
1365510
1365530
1365540
1365550
1365590
1365600
1365620
1365630
1365680
1365700
1365720
1365730
1365750
1365780
1365800
1365810
1365900
1365930
1365950
1366000
1366010
1366040
1366060
1366070
1366100
1366110
1366130
1366150
1366160
1366180
1366200
1366230
1366240
1366260
1366270
1366280
1366290
1366310
1366320
1366390
1366420
1366510
1366520
1366530
1366540
1366550
1366560
1366570
1366590
1366610
1366650
1366680
1366700
1366710
1366720
1366730
1366740
1366760
1366770
1366810
1366830
1366850
1366930
1366940
1366970
1366980
1367040
1367050
1367080
1367090
1367110
1367130
1367160
1367170
1367190
1367220
1367230
1367240
1367250
1367270
1367300
1367320
1367330
1367340
1367350
1367360
1367380
1367420
1367430
1367460
1367490
1367520
1367530
1367550
1367580
1367590
1367620
1367680
1367690
1367710
1367720
1367730
1367770
1367780
1367860
1367880
1367940
1367950
1367960
1367970
1367980
1368000
1368010
1368030
1368040
1368050
1368060
1368120
1368130
1368160
1368180
1368230
1368240
1368260
1368330
1368340
1368350
1368400
1368410
1368420
1368480
1368540
1368560
1368580
1368620
1368640
1368670
1368690
1368700
1368750
1368770
1368780
1368820
1368830
1368850
1368860
1368870
1368880
1368890
1368960
1368970
1369050
1369090
1369320
1369340
1369350
1369370
1369390
1369400
1369410
1369420
1369430
1369470
1369480
1369510
1369520
1369560
1369570
1369580
1369610
1369630
1369670
1369690
1369700
1369720
1369730
1369740
1369760
1369770
1369780
1369790
1369800
1369830
1369950
1369970
1369980
1369990
1370000
1370040
1370050
1370060
1370110
1370120
1370130
1370140
1370170
1370180
1370220
1370250
1370300
1370310
1370370
1370390
1370400
1370410
1370430
1370470
1370510
1370550
1370560
1370570
1370580
1370600
1370610
1370620
1370630
1370640
1370660
1370680
1370690
1370710
1370720
1370770
1370820
1370830
1370840
1370850
1370940
1370950
1370960
1370970
1370980
1371000
1371040
1371050
1371090
1371110
1371120
1371160
1371170
1371180
1371210
1371220
1371230
1371270
1371280
1371300
1371320
1371330
1371340
1371350
1371380
1371460
1371470
1371500
1371510
1371540
1371550
1371560
1371570
1371580
1371600
1371610
1371620
1371630
1371640
1371660
1371690
1371700
1371710
1371720
1371730
1371740
1371750
1371760
1371770
1371780
1371790
1371800
1371810
1371860
1371880
1371900
1371910
1371930
1371940
1371980
1372000
1372010
1372090
1372110
1372120
1372150
1372180
1372210
1372260
1372270
1372280
1372300
1372310
1372320
1372350
1372370
1372380
1372390
1372410
1372430
1372450
1372460
1372470
1372480
1372530
1372550
1372560
1372570
1372630
1372640
1372650
1372660
1372670
1372700
1372730
1372800
1372810
1372820
1372830
1372840
1372870
1372910
1372940
1372990
1373020
1373080
1373090
1373100
1373110
1373170
1373180
1373230
1373240
1373250
1373260
1373280
1373310
1373320
1373350
1373380
1373390
1373400
1373410
1373420
1373430
1373440
1373450
1373460
1373470
1373500
1373510
1373530
1373550
1373560
1373580
1373600
1373620
1373630
1373670
1373680
1373700
1373710
1373750
1373760
1373770
1373780
1373810
1373830
1373850
1373880
1373890
1373910
1373920
1373930
1373950
1373960
1373980
1373990
1374010
1374040
1374050
1374090
1374170
1374200
1374220
1374230
1374260
1374280
1374290
1374320
1374330
1374350
1374370
1374390
1374400
1374410
1374430
1374440
1374460
1374470
1374480
1374490
1374500
1374580
1374590
1374600
1374630
1374640
1374680
1374700
1374740
1374750
1374810
1374820
1374840
1374850
1374860
1374890
1374920
1374930
1374940
1374950
1374960
1374970
1374990
1375000
1375020
1375030
1375040
1375070
1375090
1375120
1375140
1375160
1375220
1375230
1375260
1375270
1375290
1375300
1375400
1375420
1375440
1375450
1375460
1375480
1375510
1375520
1375530
1375540
1375560
1375630
1375640
1375650
1375670
1375690
1375750
1375760
1375780
1375790
1375800
1375810
1375820
1375850
1375860
1375870
1375880
1375890
1375900
1375920
1375930
1375940
1375950
1375970
1376010
1376020
1376030
1376040
1376060
1376070
1376090
1376110
1376140
1376150
1376180
1376200
1376270
1376290
1376300
1376320
1376340
1376350
1376360
1376370
1376390
1376420
1376470
1376480
1376520
1376550
1376580
1376590
1376630
1376640
1376690
1376730
1376760
1376790
1376800
1376830
1376840
1376870
1376880
1376890
1376910
1376940
1376950
1376960
1377010
1377030
1377050
1377060
1377110
1377120
1377140
1377150
1377160
1377200
1377240
1377260
1377280
1377300
1377320
1377350
1377360
1377370
1377380
1377410
1377420
1377430
1377450
1377540
1377550
1377560
1377580
1377590
1377600
1377680
1377700
1377710
1377780
1377800
1377850
1377890
1377900
1377920
1377970
1377980
1377990
1378020
1378040
1378060
1378070
1378080
1378100
1378120
1378180
1378200
1378250
1378260
1378270
1378280
1378290
1378320
1378330
1378350
1378360
1378370
1378380
1378390
1378470
1378500
1378570
1378580
1378660
1378670
1378690
1378710
1378730
1378750
1378780
1378790
1378800
1378820
1378840
1378850
1378860
1378870
1378890
1378940
1378990
1379020
1379040
1379050
1379110
1379120
1379130
1379150
1379160
1379200
1379270
1379320
1379350
1379370
1379380
1379450
1379460
1379470
1379510
1379550
1379570
1379580
1379590
1379600
1379610
1379640
1379660
1379670
1379680
1379830
1379870
1379880
1379900
1379930
1379940
1379960
1379970
1379980
1380010
1380060
1380070
1380120
1380150
1380160
1380190
1380200
1380220
1380230
1380250
1380260
1380280
1380290
1380310
1380320
1380340
1380360
1380370
1380390
1380400
1380410
1380420
1380430
1380470
1380480
1380490
1380500
1380510
1380520
1380560
1380600
1380620
1380650
1380660
1380690
1380720
1380750
1380760
1380820
1380830
1380840
1380850
1380860
1380880
1380890
1380900
1380910
1380970
1380980
1380990
1381030
1381070
1381130
1381150
1381200
1381260
1381270
1381280
1381290
1381350
1381360
1381370
1381440
1381450
1381460
1381490
1381500
1381520
1381530
1381590
1381630
1381640
1381650
1381690
1381720
1381610
1381770
1381850
1381880
1381980
1381990
1382020
1382070
1382080
1382160
1382180
1382190
1382200
1382290
1382310
1382320
1382330
1382350
1382370
1382380
1382390
1382450
1382490
1382530
1382630
1382670
1382710
1382730
1382770
1382790
1382800
1382840
1382860
1382870
1382890
1382910
1382920
1382980
1383010
1383020
1383030
1383040
1383050
1383060
1383090
1383120
1383140
1383150
1383160
1383170
1383200
1383220
1383250
1383270
1383280
1383290
1383310
1383340
1383370
1383400
1383410
1383450
1383480
1383490
1383500
1383510
1383520
1383570
1383580
1383620
1383630
1383640
1383650
1383660
1383670
1383680
1383690
1383700
1383720
1383740
1383760
1383770
1383780
1383830
1383850
1383880
1383910
1383920
1383930
1383960
1383970
1383980
1383990
1384000
1384010
1384030
1384060
1384090
1384110
1384130
1384160
1384170
1384180
1384290
1384310
1384320
1384330
1384350
1384380
1384390
1384400
1384420
1384440
1384450
1384480
1384490
1384500
1384510
1384520
1384530
1384540
1384550
1384570
1384620
1384630
1384660
1384670
1384680
1384700
1384740
1384760
1384770
1384790
1384820
1384840
1384880
1384890
1384910
1384940
1384960
1384970
1384990
1385050
1385090
1385100
1385130
1385180
1385190
1385210
1385260
1385280
1385290
1385320
1385340
1385350
1385370
1385380
1385480
1385500
1385540
1385570
1385580
1385590
1385620
1385650
1385660
1385670
1385680
1385690
1385700
1385730
1385750
1385760
1385780
1385790
1385810
1385820
1385830
1385840
1385880
1385910
1385920
1385940
1385950
1385960
1385970
1385990
1386020
1386040
1386090
1386110
1386140
1386160
1386190
1386200
1386210
1386220
1386280
1386290
1386300
1386310
1386320
1386330
1386340
1386360
1386460
1386500
1386510
1386520
1386530
1386550
1386560
1386620
1386630
1386650
1386680
1386700
1386710
1386720
1386730
1386750
1386770
1386780
1386790
1386810
1386830
1386870
1386890
1386900
1386910
1386940
1386950
1386980
1386990
1387000
1387010
1387030
1387110
1387120
1387150
1387170
1387190
1387200
1387210
1387230
1387250
1387260
1387290
1387300
1387320
1387350
1387400
1387410
1387430
1387450
1387460
1387480
1387500
1387510
1387530
1387560
1387570
1387580
1387590
1387610
1387620
1387640
1387650
1387810
1387830
1387870
1387900
1387910
1387940
1387950
1387970
1387980
1388010
1388030
1388110
1388130
1388140
1388150
1388160
1388170
1388190
1388230
1388240
1388260
1388270
1388280
1388310
1388320
1388330
1388350
1388370
1388390
1388400
1388420
1388430
1388490
1388510
1388520
1388530
1388550
1388570
1388580
1388590
1388650
1388670
1388690
1388700
1388720
1388740
1388760
1388770
1388860
1388870
1388880
1388890
1388900
1388940
1389000
1389010
1389020
1389030
1389040
1389070
1389090
1389130
1389140
1389160
1389170
1389180
1389190
1389200
1389260
1389270
1389300
1389360
1389380
1389410
1389420
1389430
1389450
1389510
1389530
1389540
1389550
1389560
1389610
1389630
1389650
1389690
1389700
1389710
1389730
1389740
1389750
1389760
1389780
1389820
1389830
1389840
1389850
1389870
1389890
1389900
1389930
1389980
1389990
1390000
1390010
1390020
1390040
1390060
1390070
1390080
1390120
1390140
1390190
1390290
1390300
1390340
1390350
1390370
1390380
1390390
1390410
1390420
1390490
1390560
1390580
1390600
1390650
1390670
1390690
1390700
1390740
1390760
1390810
1390830
1390850
1390860
1390870
1390880
1390920
1390960
1390970
1391050
1391070
1391090
1391130
1391150
1391200
1391250
1391280
1391340
1391350
1391370
1391380
1391400
1391430
1391450
1391490
1391530
1391540
1391550
1391570
1391580
1391600
1391610
1391620
1391630
1391640
1391650
1391680
1391690
1391710
1391720
1391740
1391790
1391800
1391940
1391960
1391990
1392030
1392040
1392060
1392070
1392080
1392130
1392140
1392150
1392170
1392190
1392230
1392240
1392280
1392340
1392390
1392410
1392430
1392450
1392460
1392480
1392490
1392510
1392520
1392540
1392560
1392570
1392590
1392600
1392650
1392660
1392670
1392690
1392700
1392750
1392760
1392770
1392780
1392790
1392820
1392860
1392940
1392960
1392980
1393080
1393100
1393120
1393210
1393220
1393270
1393310
1393320
1393340
1393350
1393360
1393370
1393380
1393410
1393420
1393430
1393440
1393460
1393480
1393490
1393500
1393550
1393560
1393570
1393580
1393610
1393620
1393630
1393640
1393650
1393670
1393680
1393690
1393740
1393750
1393770
1393800
1393810
1393820
1393830
1393850
1393910
1393950
1393960
1393970
1394030
1394040
1394060
1394070
1394090
1394100
1394130
1394140
1394150
1394210
1394240
1394250
1394270
1394320
1394330
1394340
1394370
1394400
1394410
1394420
1394440
1394460
1394470
1394480
1394490
1394500
1394510
1394520
1394540
1394550
1394570
1394580
1394600
1394640
1394650
1394660
1394680
1394700
1394720
1394750
1394760
1394780
1394800
1394810
1394830
1394880
1394930
1394940
1394960
1394990
1395000
1395010
1395020
1395030
1395040
1395080
1395120
1395170
1395180
1395190
1395230
1395250
1395270
1395290
1395310
1395330
1395380
1395400
1395410
1395420
1395450
1395470
1395480
1395510
1395520
1395540
1395560
1395600
1395630
1395660
1395710
1395750
1395760
1395780
1395830
1395840
1395850
1395890
1395900
1395920
1395930
1396010
1396020
1396050
1396140
1396150
1396160
1396170
1396190
1396290
1396310
1396350
1396390
1396450
1396480
1396490
1396500
1396540
1396580
1396610
1396630
1396870
1396890
1396950
1396970
1396980
1397000
1397010
1397030
1397040
1397050
1397060
1397110
1397130
1397140
1397160
1397170
1397180
1397230
1397240
1397280
1397290
1397300
1397350
1397360
1397390
1397410
1397440
1397470
1397500
1397530
1397540
1397580
1397620
1397650
1397680
1397690
1397710
1397720
1397760
1397790
1397800
1397810
1397820
1397830
1397840
1397850
1397880
1397920
1397940
1397950
1397960
1397980
1398070
1398080
1398100
1398110
1398120
1398130
1398170
1398180
1398200
1398210
1398220
1398270
1398290
1398300
1398340
1398390
1398400
1398410
1398420
1398440
1398460
1398470
1398500
1398510
1398570
1398590
1398600
1398630
1398660
1398670
1398680
1398690
1398700
1398710
1398720
1398730
1398740
1398750
1398790
1398820
1398890
1398900
1398910
1398920
1398950
1398990
1399030
1399040
1399080
1399090
1399140
1399150
1399160
1399170
1399180
1399190
1399200
1399210
1399220
1399230
1399240
1399250
1399270
1399280
1399300
1399380
1399400
1399440
1399460
1399480
1399530
1399540
1399600
1399620
1399630
1399660
1399670
1399690
1399700
1399720
1399750
1399760
1399800
1399840
1399850
1399870
1399910
1399930
1399940
1399990
1400000
1400030
1400040
1400060
1400070
1400080
1400110
1400140
1400150
1400170
1400180
1400190
1400200
1400210
1400260
1400270
1400290
1400320
1400350
1400360
1400390
1400480
1400520
1400560
1400610
1400620
1400630
1400650
1400660
1400680
1400700
1400710
1400740
1400760
1400830
1400850
1400870
1400910
1400920
1400930
1400940
1400980
1401020
1401070
1401110
1401130
1401150
1401170
1401200
1401220
1401320
1401340
1401360
1401370
1401400
1401500
1401560
1401570
1401590
1401610
1401620
1401630
1401670
1401680
1401730
1401750
1401840
1401870
1401880
1401890
1401910
1401930
1401940
1401970
1401990
1402000
1402010
1402020
1402030
1402060
1402090
1402110
1402120
1402130
1402280
1402290
1402320
1402350
1402380
1402400
1402410
1402420
1402440
1402460
1402580
1402600
1402650
1402700
1402740
1402780
1402790
1402820
1402880
1402900
1402940
1402960
1403020
1403030
1403040
1403080
1403110
1403130
1403190
1403230
1403250
1403270
1403280
1403310
1403350
1403370
1403400
1403440
1403450
1403460
1403520
1403550
1403570
1403590
1403650
1403680
1403710
1403720
1403740
1403750
1403830
1403850
1403890
1403940
1403960
1403990
1404010
1404030
1404050
1404070
1404080
1404090
1404100
1404130
1404150
1404160
1404180
1404190
1404210
1404240
1404300
1404330
1404360
1404450
1404490
1404520
1404530
1404550
1404560
1404630
1404660
1404710
1404750
1404770
1404790
1404800
1404840
1404850
1404870
1404930
1404960
1404970
1404980
1405000
1405010
1405050
1405090
1405130
1405170
1405180
1405220
1405260
1405270
1405320
1405360
1405380
1405390
1405440
1405470
1405480
1405500
1405660
1405670
1405730
1405740
1405780
1405810
1405930
1405950
1405960
1405970
1405980
1406000
1406020
1406030
1406080
1406090
1406110
1406140
1406150
1406160
1406200
1406240
1406250
1406260
1406270
1406280
1406340
1406350
1406490
1406560
1406570
1406610
1406630
1406670
1406690
1406700
1406720
1406740
1406750
1406770
1406780
1406810
1406850
1406860
1406900
1406930
1406990
1407000
1407050
1407060
1407080
1407090
1407100
1407140
1407150
1407160
1407180
1407190
1407200
1407210
1407240
1407300
1407340
1407420
1407430
1407450
1407460
1407520
1407530
1407540
1407620
1407640
1407750
1407760
1407790
1407850
1407860
1407870
1407890
1407920
1407950
1408000
1408040
1408050
1408060
1408070
1408080
1408090
1408100
1408110
1408130
1408150
1408160
1408200
1408220
1408230
1408240
1408260
1408300
1408310
1408350
1408370
1408380
1408400
1408410
1408420
1408430
1408450
1408470
1408480
1408490
1408530
1408550
1408560
1408570
1408580
1408590
1408610
1408630
1408700
1408710
1408730
1408760
1408810
1408850
1408860
1408890
1408930
1408960
1409020
1409030
1409070
1409160
1409170
1409180
1409190
1409200
1409250
1409260
1409270
1409300
1409320
1409330
1409340
1409350
1409360
1409370
1409410
1409460
1409470
1409510
1409520
1409530
1409550
1409560
1409570
1409600
1409610
1409630
1409640
1409650
1409680
1409700
1409710
1409730
1409740
1409760
1409770
1409780
1409810
1409820
1409830
1409840
1409910
1409930
1410000
1410040
1410070
1410080
1410090
1410100
1410140
1410160
1410200
1410210
1410260
1410300
1410320
1410330
1410360
1410370
1410380
1410400
1410410
1410430
1410440
1410450
1410470
1410490
1410500
1410540
1410560
1410580
1410600
1410620
1410640
1410660
1410680
1410700
1410710
1410740
1410770
1410790
1410800
1410810
1410830
1410840
1410850
1410860
1410870
1410980
1411000
1411010
1411020
1411030
1411040
1411090
1411140
1411160
1411170
1411180
1411200
1411260
1411330
1411360
1411370
1411380
1411400
1411410
1411420
1411460
1411480
1411490
1411550
1411580
1411630
1411660
1411670
1411700
1411710
1411740
1411750
1411770
1411780
1411800
1411810
1411840
1411860
1411880
1411890
1411900
1411910
1411920
1411940
1411970
1412000
1412010
1412020
1412030
1412040
1412070
1412080
1412150
1412170
1412180
1412190
1412220
1412240
1412250
1412260
1412310
1412370
1412380
1412390
1412400
1412420
1412470
1412500
1412560
1412580
1412610
1412620
1412630
1412640
1412650
1412660
1412680
1412740
1412780
1412810
1412820
1412840
1412850
1412870
1412880
1412890
1412900
1412950
1412960
1412970
1412980
1412990
1413000
1413010
1413020
1413070
1413090
1413170
1413210
1413250
1413260
1413270
1413290
1413300
1413310
1413350
1413370
1413440
1413470
1413480
1413500
1413540
1413550
1413560
1413570
1413580
1413590
1413600
1413610
1413630
1413650
1413660
1413670
1413680
1413780
1413790
1413820
1413870
1413890
1413900
1413930
1413960
1413970
1413980
1413990
1414000
1414020
1414030
1414060
1414070
1414080
1414090
1414180
1414210
1414220
1414240
1414250
1414270
1414280
1414290
1414300
1414320
1414380
1414400
1414410
1414430
1414440
1414470
1414480
1414490
1414500
1414520
1414530
1414550
1414570
1414610
1414640
1414650
1414660
1414680
1414700
1414710
1414720
1414770
1414790
1414800
1414840
1414850
1414900
1414910
1414920
1414930
1414990
1415010
1415020
1415030
1415110
1415120
1415140
1415150
1415200
1415220
1415230
1415250
1415270
1415280
1415300
1415320
1415330
1415370
1415470
1415480
1415520
1415540
1415570
1415580
1415590
1415600
1415620
1415630
1415670
1415750
1415830
1415840
1415870
1415890
1415920
1415950
1416000
1416040
1416050
1416060
1416070
1416120
1416130
1416140
1416150
1416160
1416180
1416200
1416210
1416220
1416230
1416240
1416260
1416290
1416300
1416340
1416350
1416360
1416380
1416430
1416450
1416460
1416480
1416520
1416600
1416690
1416700
1416710
1416720
1416730
1416760
1416770
1416780
1416800
1416820
1416850
1416900
1416920
1416930
1416940
1416960
1416970
1416980
1417000
1417010
1417020
1417050
1417090
1417130
1417150
1417160
1417170
1417180
1417200
1417230
1417250
1417270
1417280
1417310
1417320
1417340
1417360
1417380
1417400
1417420
1417450
1417460
1417490
1417500
1417520
1417540
1417570
1417590
1417610
1417620
1417640
1417650
1417670
1417690
1417720
1417730
1417740
1417750
1417770
1417870
1417880
1417890
1417930
1417940
1417950
1417960
1417970
1418010
1418020
1418090
1418140
1418160
1418180
1418190
1418290
1418310
1418320
1418350
1418360
1418380
1418390
1418420
1418430
1418460
1418470
1418490
1418520
1418540
1418570
1418610
1418650
1418670
1418680
1418720
1418750
1418760
1418780
1418820
1418830
1418990
1419040
1419060
1419070
1419100
1419110
1419130
1419140
1419150
1419160
1419170
1419180
1419190
1419200
1419290
1419300
1419310
1419320
1419330
1419350
1419360
1419370
1419380
1419390
1419440
1419480
1419510
1419580
1419620
1419640
1419670
1419680
1419730
1419740
1419750
1419760
1419770
1419850
1419860
1419870
1419880
1419980
1420050
1420060
1420080
1420120
1420160
1420180
1420290
1420300
1420320
1420330
1420350
1420400
1420420
1420490
1420510
1420540
1420580
1420630
1420650
1420680
1420700
1420720
1420730
1420740
1420770
1420780
1420790
1420810
1420830
1420850
1420860
1420950
1420960
1420970
1420980
1420990
1421020
1421120
1421130
1421140
1421190
1421200
1421240
1421250
1421280
1421290
1421310
1421320
1421350
1421380
1421390
1421410
1421420
1421490
1421520
1421600
1421610
1421630
1421690
1421700
1421710
1421730
1421760
1421770
1421790
1421900
1421930
1422000
1422020
1422080
1422130
1422180
1422190
1422200
1422210
1422220
1422240
1422260
1422270
1422280
1422290
1422360
1422380
1422410
1422420
1422430
1422440
1422450
1422520
1422540
1422550
1422570
1422580
1422600
1422610
1422620
1422630
1422650
1422670
1422730
1422740
1422750
1422760
1422780
1422790
1422810
1422820
1422880
1422910
1422930
1422940
1422950
1422980
1423000
1423010
1423050
1423060
1423090
1423140
1423150
1423180
1423200
1423230
1423260
1423270
1423280
1423330
1423340
1423360
1423370
1423400
1423410
1423420
1423450
1423480
1423500
1423540
1423590
1423600
1423610
1423620
1423630
1423670
1423680
1423720
1423780
1423790
1423820
1423830
1423970
1423980
1424020
1424050
1424070
1424080
1424120
1424130
1424190
1424250
1424270
1424290
1424300
1424330
1424350
1424360
1424380
1424400
1424420
1424500
1424520
1424540
1424560
1424570
1424590
1424600
1424610
1424630
1424640
1424650
1424660
1424690
1424700
1424710
1424720
1424770
1424780
1424790
1424850
1424860
1424870
1424890
1424900
1424910
1424960
1424980
1425000
1425010
1425030
1425050
1425070
1425090
1425110
1425120
1425130
1425140
1425160
1425170
1425180
1425190
1425220
1425240
1425250
1425260
1425270
1425280
1425300
1425330
1425350
1425360
1425370
1425380
1425390
1425410
1425510
1425550
1425580
1425590
1425620
1425630
1425640
1425660
1425670
1425690
1425720
1425730
1425760
1425770
1425780
1425790
1425830
1425920
1425980
1425990
1426010
1426060
1426090
1426100
1426110
1426120
1426130
1426160
1426190
1426210
1426230
1426280
1426310
1426330
1426340
1426350
1426370
1426400
1426440
1426450
1426480
1426490
1426500
1426530
1426540
1426570
1426580
1426740
1426870
1426890
1426900
1426930
1426950
1426980
1426990
1427030
1427040
1427070
1427080
1427100
1427120
1427130
1427150
1427210
1427240
1427290
1427300
1427320
1427340
1427400
1427420
1427450
1427480
1427510
1427540
1427570
1427620
1427640
1427680
1427700
1427710
1427740
1427760
1427780
1427800
1427810
1427860
1427880
1427890
1427900
1427910
1427920
1427930
1427940
1427950
1427960
1427970
1427980
1427990
1428030
1428040
1428060
1428080
1428090
1428100
1428130
1428140
1428150
1428160
1428180
1428270
1428290
1428300
1428310
1428320
1428340
1428360
1428370
1428420
1428440
1428460
1428470
1428480
1428520
1428530
1428550
1428560
1428570
1428580
1428600
1428610
1428630
1428650
1428660
1428680
1428700
1428710
1428730
1428770
1428780
1428790
1428800
1428820
1428840
1428870
1428880
1428900
1428920
1428960
1428980
1429040
1429070
1429080
1429100
1429130
1429150
1429160
1429200
1429210
1429220
1429260
1429350
1429400
1429440
1429480
1429500
1429530
1429610
1429620
1429630
1429640
1429670
1429680
1429700
1429730
1429740
1429780
1429820
1429850
1429870
1429880
1429890
1429950
1430010
1430020
1430030
1430040
1430050
1430070
1430100
1430120
1430140
1430160
1430170
1430180
1430190
1430200
1430220
1430240
1430280
1430310
1430320
1430330
1430340
1430350
1430420
1430530
1430540
1430570
1430640
1430670
1430680
1430690
1430720
1430740
1430760
1430810
1430820
1430930
1430970
1430980
1431020
1431040
1431100
1431150
1431170
1431190
1431210
1431220
1431230
1431240
1431250
1431270
1431290
1431300
1431350
1431370
1431380
1431420
1431430
1431440
1431450
1431470
1431540
1431550
1431570
1431610
1431620
1431630
1431690
1431720
1431730
1431750
1431770
1431780
1431790
1431840
1431850
1431890
1431900
1431910
1431920
1431930
1431940
1431950
1432000
1432020
1432050
1432100
1432110
1432200
1432250
1432260
1432280
1432290
1432310
1432320
1432330
1432340
1432350
1432360
1432380
1432390
1432400
1432410
1432430
1432480
1432500
1432560
1432570
1432590
1432610
1432620
1432630
1432650
1432670
1432680
1432710
1432750
1432760
1432810
1432840
1432850
1432860
1432880
1432890
1432910
1432930
1432960
1432970
1432980
1433000
1433010
1433020
1433030
1433040
1433070
1433090
1433110
1433130
1433140
1433190
1433210
1433240
1433310
1433320
1433340
1433390
1433420
1433430
1433460
1433470
1433480
1433490
1433500
1433520
1433530
1433550
1433570
1433770
1433830
1433860
1433870
1433890
1433900
1433910
1433940
1433950
1433960
1433970
1433980
1433990
1434000
1434010
1434040
1434050
1434140
1434160
1434200
1434230
1434260
1434270
1434300
1434310
1434320
1434340
1434350
1434440
1434470
1434480
1434490
1434510
1434540
1434550
1434620
1434650
1434730
1434750
1434760
1434770
1434840
1434850
1434880
1434890
1434900
1434910
1434940
1434950
1434970
1435010
1435020
1435090
1435100
1435160
1435210
1435220
1435250
1435310
1435330
1435370
1435410
1435420
1435440
1435470
1435480
1435500
1435540
1435560
1435590
1435660
1435670
1435680
1435750
1435770
1435780
1435790
1435800
1435840
1435900
1435950
1435960
1435970
1435980
1436000
1436190
1436210
1436220
1436240
1436370
1436390
1436410
1436420
1436450
1436490
1436570
1436580
1436590
1436600
1436620
1436640
1436680
1436700
1436810
1436870
1436910
1436920
1436930
1436940
1436990
1437020
1437030
1437040
1437050
1437060
1437080
1437100
1437120
1437160
1437170
1437200
1437210
1437220
1437270
1437280
1437290
1437340
1437370
1437400
1437410
1437420
1437430
1437480
1437490
1437500
1437520
1437550
1437580
1437600
1437650
1437680
1437700
1437710
1437720
1437750
1437760
1437790
1437820
1437830
1437840
1437850
1437860
1437870
1437880
1437890
1437940
1437950
1437980
1438060
1438090
1438100
1438190
1438260
1438280
1438430
1438440
1438450
1438480
1438680
1438700
1438710
1438750
1438760
1438800
1438810
1438830
1438850
1438870
1438940
1438950
1439010
1439030
1439040
1439070
1439100
1439120
1439130
1439150
1439170
1439180
1439220
1439270
1439310
1439320
1439340
1439400
1439420
1439440
1439460
1439550
1439630
1439700
1439710
1439750
1439790
1439800
1439840
1439900
1439920
1439930
1439960
1439970
1439980
1440010
1440020
1440030
1440050
1440110
1440130
1440150
1440220
1440280
1440290
1440330
1440340
1440350
1440360
1440370
1440440
1440470
1440500
1440510
1440530
1440570
1440670
1440680
1440720
1440730
1440750
1440780
1440790
1440810
1440840
1440850
1440870
1440890
1440910
1440940
1440950
1441090
1441100
1441120
1441130
1441160
1441180
1441210
1441230
1441240
1441280
1441300
1441340
1441400
1441430
1441480
1441500
1441520
1441530
1441550
1441560
1441570
1441590
1441630
1441670
1441680
1441690
1441740
1441750
1441760
1441770
1441790
1441830
1441840
1441850
1442020
1442040
1442050
1442070
1442080
1442090
1442150
1442160
1442170
1442190
1442240
1442300
1442350
1442360
1442380
1442390
1442410
1442430
1442450
1442460
1442470
1442480
1442520
1442530
1442590
1442610
1442630
1442650
1442670
1442750
1442770
1442820
1442840
1442850
1443030
1443100
1443120
1443160
1443170
1443190
1443200
1443250
1443260
1443300
1443310
1443330
1443360
1443370
1443400
1443430
1443450
1443470
1443490
1443500
1443600
1443620
1443630
1443640
1443680
1443690
1443700
1443760
1443810
1443820
1443850
1443910
1443920
1443950
1443960
1443980
1443990
1444020
1444080
1444090
1444110
1444130
1444150
1444170
1444190
1444300
1444320
1444350
1444360
1444370
1444390
1444410
1444420
1444430
1444480
1444490
1444510
1444540
1444550
1444570
1444580
1444610
1444650
1444670
1444700
1444710
1444740
1444750
1444760
1444770
1444780
1444800
1444820
1444860
1444870
1444890
1444920
1444940
1444950
1444980
1445010
1445040
1445070
1445090
1445110
1445120
1445150
1445190
1445240
1445250
1445260
1445360
1445370
1445400
1445410
1445430
1445440
1445480
1445500
1445540
1445580
1445600
1445650
1445670
1445720
1445740
1445750
1445790
1445810
1445850
1445860
1445870
1445880
1445890
1445980
1446000
1446050
1446090
1446100
1446160
1446180
1446200
1446230
1446250
1446280
1446310
1446320
1446330
1446340
1446350
1446370
1446410
1446420
1446450
1446460
1446470
1446480
1446510
1446530
1446540
1446560
1446640
1446650
1446670
1446690
1446720
1446750
1446780
1446790
1446830
1446840
1446850
1446860
1446880
1446890
1446900
1446920
1446930
1446950
1446980
1447000
1447020
1447050
1447060
1447070
1447080
1447090
1447140
1447160
1447190
1447210
1447240
1447250
1447260
1447280
1447300
1447310
1447330
1447350
1447400
1447410
1447470
1447490
1447540
1447570
1447590
1447600
1447640
1447650
1447700
1447710
1447730
1447740
1447800
1447820
1447830
1447870
1447900
1447920
1447970
1448000
1448030
1448040
1448060
1448070
1448090
1448110
1448120
1448130
1448140
1448150
1448160
1448170
1448180
1448190
1448200
1448220
1448230
1448260
1448290
1448300
1448310
1448320
1448330
1448350
1448400
1448440
1448450
1448520
1448540
1448560
1448590
1448600
1448610
1448620
1448630
1448640
1448650
1448740
1448750
1448760
1448780
1448790
1448800
1448820
1448840
1448850
1448880
1448910
1448940
1448950
1448960
1448970
1448990
1449000
1449010
1449020
1449040
1449050
1449060
1449070
1449100
1449110
1449140
1449180
1449190
1449200
1449230
1449250
1449270
1449280
1449290
1449320
1449330
1449370
1449380
1449400
1449420
1449430
1449470
1449480
1449500
1449510
1449550
1449570
1449580
1449590
1449620
1449630
1449640
1449650
1449660
1449670
1449690
1449700
1449730
1449750
1449760
1449780
1449820
1449840
1449850
1449920
1449940
1449960
1449980
1450000
1450020
1450050
1450060
1450070
1450080
1450090
1450100
1450120
1450150
1450160
1450170
1450180
1450190
1450200
1450210
1450240
1450250
1450270
1450290
1450300
1450310
1450330
1450410
1450530
1450590
1450620
1450640
1450650
1450660
1450720
1450730
1450750
1450760
1450780
1450790
1450800
1450830
1450880
1450900
1451010
1451030
1451040
1451050
1451080
1451090
1451110
1451120
1451160
1451190
1451200
1451210
1451220
1451230
1451240
1451300
1451360
1451410
1451420
1451430
1451440
1451470
1451480
1451500
1451530
1451540
1451560
1451570
1451580
1451650
1451680
1451720
1451740
1451760
1451770
1451800
1451810
1451830
1451840
1451860
1451870
1451880
1451890
1451920
1451940
1451950
1451970
1451980
1452000
1452020
1452070
1452110
1452130
1452200
1452210
1452220
1452250
1452260
1452270
1452280
1452300
1452320
1452330
1452350
1452360
1452410
1452500
1452540
1452600
1452630
1452670
1452700
1452770
1452790
1452830
1452850
1452860
1452870
1452890
1452900
1452910
1452950
1452990
1453000
1453010
1453030
1453080
1453130
1453140
1453160
1453200
1453220
1453230
1453250
1453270
1453280
1453350
1453400
1453420
1453430
1453440
1453450
1453460
1453480
1453490
1453600
1453640
1453660
1453670
1453680
1453710
1453740
1453790
1453840
1453850
1453870
1453900
1453920
1453940
1453960
1453990
1454000
1454010
1454030
1454050
1454060
1454080
1454090
1454100
1454110
1454130
1454140
1454150
1454160
1454220
1454270
1454320
1454340
1454360
1454370
1454380
1454390
1454400
1454410
1454430
1454480
1454490
1454520
1454540
1454550
1454570
1454580
1454600
1454640
1454650
1454660
1454690
1454700
1454720
1454730
1454800
1454830
1454930
1454950
1454960
1454970
1455000
1455020
1455040
1455060
1455070
1455080
1455090
1455100
1455120
1455130
1455140
1455200
1455220
1455230
1455290
1455300
1455380
1455390
1455420
1455430
1455450
1455460
1455490
1455510
1455540
1455590
1455610
1455630
1455650
1455680
1455730
1455740
1455750
1455760
1455780
1455790
1455840
1455900
1455910
1455920
1455930
1456000
1456020
1456040
1456060
1456080
1456200
1456220
1456230
1456250
1456260
1456280
1456290
1456340
1456380
1456410
1456420
1456430
1456440
1456470
1456490
1456560
1456570
1456580
1456630
1456640
1456650
1456710
1456720
1456760
1456770
1456810
1456820
1456830
1456880
1456900
1456940
1456980
1457020
1457030
1457070
1457080
1457130
1457140
1457160
1457180
1457220
1457230
1457320
1457330
1457340
1457360
1457370
1457430
1457470
1457480
1457490
1457500
1457510
1457520
1457540
1457550
1457570
1457580
1457600
1457620
1457630
1457640
1457650
1457660
1457690
1457710
1457730
1457740
1457820
1457840
1457870
1457920
1457930
1457940
1457980
1457990
1458000
1458020
1458090
1458100
1458140
1458210
1458250
1458300
1458330
1458340
1458350
1458370
1458390
1458460
1458480
1458530
1458540
1458550
1458560
1458590
1458600
1458620
1458650
1458690
1458810
1458880
1458900
1458920
1458930
1458950
1458960
1458970
1458980
1459000
1459010
1459020
1459070
1459160
1459170
1459210
1459240
1459250
1459260
1459280
1459300
1459340
1459360
1459370
1459410
1459500
1459510
1459530
1459540
1459550
1459560
1459570
1459580
1459590
1459630
1459640
1459650
1459660
1459690
1459700
1459710
1459720
1459740
1459760
1459790
1459800
1459810
1459870
1459890
1459910
1459930
1459960
1459980
1459990
1460000
1460010
1460040
1460050
1460070
1460080
1460090
1460100
1460120
1460200
1460210
1460220
1460230
1460250
1460290
1460300
1460310
1460440
1460480
1460490
1460510
1460520
1460530
1460540
1460550
1460600
1460610
1460650
1460670
1460700
1460710
1460750
1460770
1460790
1460820
1460830
1460870
1460910
1460930
1460950
1460970
1461000
1461020
1461030
1461040
1461060
1461090
1461100
1461110
1461130
1461140
1461150
1461190
1461200
1461230
1461320
1461360
1461370
1461390
1461400
1461410
1461420
1461470
1461480
1461490
1461500
1461570
1461580
1461600
1461630
1461680
1461710
1461730
1461740
1461770
1461800
1461810
1461900
1461910
1461920
1461930
1461960
1461980
1461990
1462010
1462020
1462030
1462040
1462060
1462120
1462160
1462170
1462180
1462190
1462200
1462210
1462220
1462260
1462290
1462330
1462340
1462420
1462430
1462440
1462470
1462510
1462520
1462540
1462550
1462560
1462570
1462580
1462600
1462620
1462640
1462650
1462680
1462700
1462720
1462730
1462740
1462750
1462760
1462780
1462790
1462810
1462830
1462860
1462870
1462910
1462960
1462970
1462990
1463010
1463020
1463030
1463040
1463050
1463080
1463100
1463120
1463130
1463140
1463170
1463180
1463320
1463350
1463360
1463380
1463420
1463450
1463470
1463500
1463510
1463530
1463570
1463730
1463760
1463780
1463830
1463840
1463870
1463880
1463890
1463900
1463920
1463930
1463960
1463970
1463980
1464000
1464010
1464050
1464090
1464100
1464120
1464130
1464150
1464170
1464190
1464200
1464220
1464250
1464290
1464320
1464330
1464350
1464370
1464380
1464390
1464400
1464410
1464420
1464480
1464500
1464520
1464540
1464550
1464610
1464620
1464630
1464650
1464700
1464730
1464840
1464850
1464910
1464930
1464940
1465010
1465020
1465030
1465040
1465050
1465060
1465070
1465110
1465120
1465130
1465140
1465170
1465190
1465200
1465210
1465220
1465260
1465300
1465310
1465330
1465340
1465350
1465360
1465370
1465380
1465390
1465400
1465410
1465440
1465450
1465460
1465470
1465500
1465510
1465550
1465560
1465580
1465610
1465620
1465640
1465710
1465740
1465780
1465790
1465830
1465860
1465890
1465900
1465910
1465950
1466010
1466030
1466060
1466070
1466090
1466100
1466110
1466140
1466170
1466180
1466190
1466230
1466240
1466260
1466290
1466300
1466310
1466350
1466360
1466390
1466400
1466450
1466490
1466500
1466520
1466530
1466550
1466560
1466570
1466580
1466610
1466640
1466650
1466660
1466680
1466690
1466700
1466750
1466840
1466860
1466870
1466950
1466970
1467020
1467060
1467070
1467090
1467110
1467140
1467190
1467200
1467230
1467250
1467260
1467270
1467330
1467340
1467360
1467380
1467390
1467410
1467530
1467550
1467580
1467590
1467600
1467620
1467670
1467740
1467780
1467810
1467830
1467850
1467870
1467920
1467970
1468000
1468040
1468060
1468110
1468160
1468180
1468190
1468220
1468240
1468250
1468260
1468280
1468340
1468370
1468380
1468400
1468420
1468430
1468470
1468500
1468600
1468610
1468680
1468720
1468750
1468800
1468810
1468820
1468950
1468960
1469000
1469090
1469160
1469170
1469220
1469230
1469260
1469280
1469290
1469300
1469310
1469330
1469340
1469350
1469360
1469370
1469390
1469430
1469450
1469460
1469490
1469540
1469550
1469610
1469620
1469660
1469690
1469750
1469800
1469830
1469840
1469860
1469890
1469910
1469920
1469960
1470030
1470060
1470120
1470130
1470150
1470220
1470270
1470280
1470300
1470310
1470320
1470350
1470360
1470380
1470390
1470420
1470430
1470480
1470540
1470550
1470650
1470660
1470670
1470680
1470690
1470720
1470730
1470740
1470750
1470790
1470800
1470860
1470870
1470880
1470910
1470920
1470930
1470940
1470970
1471040
1471080
1471120
1471180
1471220
1471250
1471270
1471320
1471410
1471430
1471450
1471460
1471470
1471480
1471490
1471500
1471510
1471530
1471550
1471570
1471580
1471600
1471610
1471620
1471630
1471650
1471680
1471700
1471730
1471830
1471850
1471900
1471910
1471940
1471950
1471960
1471990
1472010
1472040
1472060
1472160
1472180
1472250
1472260
1472320
1472330
1472380
1472430
1472540
1472550
1472560
1472570
1472600
1472620
1472660
1472730
1472740
1472810
1472820
1472930
1472950
1472970
1473000
1473050
1473060
1473070
1473100
1473130
1473170
1473180
1473220
1473250
1473260
1473270
1473300
1473350
1473380
1473480
1473490
1473500
1473540
1473550
1473630
1473640
1473650
1473660
1473740
1473750
1473760
1473780
1473790
1473820
1473830
1473840
1473850
1473870
1473880
1473900
1473920
1473930
1473940
1473960
1474000
1474050
1474060
1474100
1474120
1474130
1474190
1474200
1474220
1474280
1474300
1474390
1474420
1474440
1474480
1474500
1474550
1474570
1474580
1474700
1474740
1474770
1474790
1474840
1474850
1474860
1474880
1474900
1474910
1474930
1474940
1474950
1474990
1475000
1475080
1475100
1475120
1475140
1475150
1475160
1475170
1475180
1475200
1475250
1475260
1475300
1475310
1475330
1475350
1475370
1475380
1475400
1475420
1475430
1475440
1475450
1475460
1475470
1475600
1475650
1475670
1475700
1475740
1475760
1475770
1475780
1475810
1475840
1475850
1475860
1475890
1475900
1475940
1475960
1475970
1476000
1476020
1476040
1476080
1476100
1476130
1476140
1476160
1476170
1476220
1476230
1476330
1476340
1476350
1476360
1476380
1476390
1476400
1476410
1476420
1476430
1476450
1476520
1476680
1476690
1476710
1476720
1476750
1476760
1476790
1476800
1476830
1476850
1476870
1476880
1476920
1476930
1476940
1476950
1476970
1477000
1477010
1477020
1477030
1477040
1477050
1477060
1477070
1477080
1477120
1477130
1477170
1477200
1477250
1477290
1477300
1477310
1477320
1477330
1477380
1477420
1477450
1477460
1477470
1477560
1477570
1477590
1477640
1477650
1477660
1477700
1477710
1477750
1477770
1477790
1477810
1477850
1477870
1477880
1477890
1477900
1477920
1477930
1477940
1477950
1477970
1477980
1478030
1478050
1478070
1478080
1478140
1478160
1478180
1478200
1478210
1478220
1478230
1478240
1478260
1478270
1478310
1478320
1478340
1478350
1478380
1478400
1478410
1478420
1478440
1478470
1478480
1478500
1478590
1478600
1478620
1478630
1478650
1478670
1478700
1478710
1478730
1478780
1478830
1478850
1478880
1478910
1478960
1478970
1478980
1479000
1479010
1479020
1479030
1479080
1479090
1479100
1479120
1479140
1479210
1479300
1479310
1479320
1479330
1479340
1479360
1479370
1479390
1479400
1479460
1479470
1479480
1479490
1479500
1479530
1479540
1479610
1479730
1479750
1479760
1479780
1479810
1479830
1479840
1479850
1479870
1479880
1479890
1479910
1479930
1479940
1479960
1479970
1479990
1480010
1480030
1480040
1480050
1480060
1480090
1480110
1480120
1480130
1480190
1480220
1480240
1480260
1480370
1480400
1480410
1480440
1480470
1480480
1480520
1480540
1480560
1480570
1480600
1480630
1480650
1480690
1480730
1480740
1480810
1480830
1480860
1480870
1480910
1480930
1480960
1480970
1480990
1481000
1481020
1481060
1481070
1481080
1481120
1481140
1481150
1481160
1481170
1481210
1481310
1481330
1481340
1481360
1481370
1481400
1481440
1481480
1481500
1481550
1481580
1481600
1481620
1481630
1481660
1481680
1481700
1481710
1481720
1481730
1481740
1481760
1481780
1481810
1481820
1481830
1481840
1481860
1481870
1481880
1481900
1481910
1481930
1481940
1481960
1481970
1481990
1482000
1482050
1482060
1482090
1482130
1482150
1482240
1482320
1482330
1482340
1482360
1482380
1482400
1482420
1482430
1482470
1482480
1482490
1482500
1482510
1482530
1482540
1482550
1482600
1482610
1482620
1482640
1482660
1482670
1482680
1482690
1482700
1482720
1482740
1482750
1482770
1482780
1482790
1482800
1482820
1482830
1482840
1482850
1482860
1482870
1482880
1482890
1482910
1482920
1482940
1482970
1482980
1482990
1483000
1483010
1483020
1483030
1483040
1483060
1483090
1483100
1483110
1483130
1483140
1483190
1483300
1483310
1483320
1483330
1483340
1483350
1483370
1483380
1483390
1483430
1483440
1483470
1483550
1483570
1483580
1483600
1483610
1483750
1483770
1483780
1483800
1483830
1483850
1483860
1483870
1483890
1483940
1483970
1483980
1483990
1484010
1484050
1484070
1484100
1484130
1484140
1484150
1484170
1484180
1484210
1484250
1484280
1484320
1484340
1484560
1484580
1484600
1484610
1484620
1484660
1484720
1484730
1484740
1484750
1484760
1484790
1484800
1484830
1484890
1484900
1484940
1484950
1484960
1484970
1484980
1485010
1485030
1485050
1485070
1485080
1485100
1485110
1485120
1485140
1485160
1485190
1485200
1485210
1485230
1485240
1485250
1485260
1485270
1485340
1485350
1485370
1485380
1485450
1485460
1485580
1485590
1485600
1485630
1485640
1485650
1485690
1485730
1485840
1485860
1485870
1485900
1485940
1485970
1485980
1485990
1486000
1486030
1486050
1486060
1486070
1486080
1486120
1486140
1486170
1486180
1486190
1486200
1486270
1486290
1486300
1486330
1486340
1486370
1486410
1486430
1486440
1486450
1486520
1486540
1486600
1486620
1486630
1486660
1486670
1486690
1486720
1486730
1486750
1486790
1486800
1486810
1486840
1486860
1486870
1486890
1486900
1486910
1486920
1486940
1486950
1486970
1486980
1486990
1487000
1487030
1487060
1487100
1487120
1487140
1487160
1487180
1487190
1487200
1487210
1487220
1487230
1487240
1487270
1487280
1487300
1487320
1487360
1487380
1487390
1487420
1487430
1487440
1487450
1487460
1487470
1487480
1487520
1487560
1487570
1487590
1487630
1487640
1487650
1487680
1487710
1487730
1487740
1487750
1487760
1487790
1487800
1487840
1487860
1487870
1487900
1487940
1487970
1487990
1488000
1488050
1488060
1488070
1488080
1488100
1488110
1488150
1488160
1488170
1488200
1488220
1488240
1488250
1488310
1488320
1488380
1488400
1488430
1488440
1488490
1488500
1488510
1488530
1488540
1488560
1488620
1488640
1488650
1488670
1488700
1488720
1488730
1488740
1488750
1488760
1488810
1488820
1488860
1488960
1489000
1489010
1489020
1489110
1489120
1489130
1489140
1489150
1489160
1489220
1489290
1489300
1489310
1489330
1489340
1489380
1489390
1489400
1489410
1489470
1489480
1489490
1489500
1489520
1489590
1489600
1489610
1489620
1489630
1489660
1489680
1489780
1489810
1489830
1489840
1489850
1489880
1489900
1489970
1489980
1490020
1490030
1490050
1490060
1490130
1490180
1490190
1490240
1490250
1490290
1490310
1490330
1490340
1490400
1490410
1490430
1490460
1490490
1490500
1490550
1490570
1490580
1490590
1490600
1490610
1490620
1490670
1490770
1490790
1490800
1490830
1490840
1490850
1490860
1490870
1490880
1490890
1490900
1490910
1490930
1490950
1490970
1490980
1490990
1491000
1491040
1491050
1491060
1491070
1491090
1491120
1491150
1491170
1491180
1491190
1491200
1491280
1491320
1491340
1491380
1491390
1491400
1491410
1491460
1491480
1491490
1491500
1491510
1491520
1491530
1491540
1491570
1491640
1491650
1491660
1491670
1491680
1491720
1491730
1491770
1491780
1491790
1491810
1491850
1491910
1491920
1491950
1491960
1491980
1492000
1492050
1492070
1492080
1492090
1492100
1492120
1492130
1492140
1492150
1492160
1492190
1492200
1492210
1492220
1492230
1492240
1492250
1492260
1492280
1492290
1492300
1492310
1492320
1492360
1492370
1492380
1492420
1492430
1492440
1492450
1492470
1492480
1492510
1492540
1492550
1492570
1492590
1492610
1492620
1492640
1492650
1492680
1492720
1492730
1492750
1492780
1492810
1492830
1492840
1492850
1492860
1492870
1492900
1492910
1492930
1492940
1492980
1492990
1493000
1493020
1493050
1493060
1493070
1493160
1493220
1493240
1493280
1493290
1493300
1493310
1493320
1493360
1493380
1493400
1493410
1493430
1493440
1493450
1493460
1493490
1493520
1493560
1493570
1493590
1493640
1493650
1493660
1493690
1493720
1493730
1493760
1493800
1493810
1493820
1493840
1493860
1493870
1493880
1493910
1493920
1493930
1493940
1493950
1493960
1493970
1494050
1494070
1494090
1494100
1494110
1494140
1494150
1494180
1494190
1494230
1494260
1494280
1494310
1494320
1494370
1494390
1494400
1494420
1494440
1494450
1494470
1494500
1494510
1494530
1494560
1494570
1494580
1494650
1494670
1494680
1494720
1494780
1494810
1494840
1494910
1494920
1494960
1494990
1495000
1495010
1495040
1495050
1495060
1495070
1495080
1495090
1495100
1495110
1495120
1495130
1495140
1495170
1495240
1495250
1495260
1495270
1495280
1495290
1495320
1495360
1495370
1495380
1495400
1495420
1495460
1495500
1495510
1495560
1495570
1495580
1495610
1495620
1495640
1495670
1495760
1495770
1495780
1495800
1495830
1495860
1495900
1495910
1495920
1495940
1495970
1495990
1496000
1496060
1496090
1496110
1496120
1496150
1496170
1496180
1496210
1496220
1496240
1496250
1496290
1496310
1496320
1496350
1496380
1496450
1496470
1496490
1496530
1496590
1496620
1496640
1496680
1496710
1496770
1496790
1496900
1496930
1496970
1496990
1497000
1497110
1497140
1497170
1497180
1497230
1497250
1497290
1497330
1497360
1497430
1497440
1497450
1497460
1497510
1497520
1497530
1497590
1497600
1497630
1497650
1497700
1497710
1497740
1497770
1497780
1497790
1497820
1497830
1497860
1497910
1497940
1497950
1498060
1498070
1498110
1498120
1498130
1498140
1498220
1498250
1498280
1498290
1498300
1498380
1498400
1498410
1498440
1498450
1498460
1498490
1498550
1498570
1498590
1498600
1498630
1498660
1498680
1498690
1498710
1498740
1498790
1498820
1498840
1498850
1498900
1498940
1498980
1499010
1499030
1499060
1499120
1499150
1499180
1499190
1499210
1499220
1499230
1499240
1499280
1499300
1499310
1499410
1499420
1499430
1499450
1499470
1499500
1499540
1499550
1499640
1499660
1499680
1499690
1499700
1499710
1499720
1499750
1499770
1499780
1499800
1499820
1499830
1499880
1499890
1499900
1499930
1499940
1499960
1499980
1499990
1500030
1500060
1500100
1500110
1500120
1500180
1500230
1500240
1500250
1500260
1500280
1500290
1500300
1500310
1500320
1500350
1500370
1500380
1500390
1500400
1500410
1500470
1500480
1500490
1500500
1500530
1500540
1500580
1500590
1500600
1500620
1500650
1500660
1500740
1500750
1500760
1500780
1500800
1500810
1500820
1500860
1500870
1500880
1500910
1500940
1500960
1500970
1500980
1501100
1501110
1501120
1501140
1501150
1501160
1501210
1501310
1501320
1501340
1501390
1501410
1501420
1501470
1501480
1501490
1501510
1501520
1501540
1501610
1501640
1501650
1501690
1501720
1501730
1501740
1501750
1501760
1501780
1501790
1501800
1501820
1501830
1501900
1501910
1501920
1501950
1501960
1501970
1502010
1502040
1502050
1502060
1502070
1502080
1502110
1502140
1502170
1502180
1502190
1502220
1502230
1502240
1502260
1502270
1502290
1502380
1502400
1502410
1502430
1502460
1502480
1502490
1502520
1502530
1502540
1502550
1502560
1502570
1502600
1502620
1502630
1502660
1502670
1502680
1502710
1502730
1502750
1502760
1502770
1502790
1502800
1502810
1502820
1502890
1502900
1502910
1502920
1502950
1502960
1502970
1502980
1502990
1503000
1503040
1503060
1503110
1503170
1503180
1503240
1503250
1503270
1503280
1503350
1503370
1503390
1503400
1503410
1503430
1503440
1503470
1503480
1503490
1503530
1503540
1503580
1503590
1503630
1503670
1503700
1503750
1503790
1503820
1503850
1503880
1503900
1503920
1503930
1503990
1504010
1504020
1504030
1504050
1504090
1504100
1504110
1504150
1504210
1504230
1504250
1504260
1504310
1504320
1504340
1504350
1504360
1504450
1504460
1504480
1504490
1504500
1504550
1504570
1504580
1504610
1504630
1504660
1504670
1504740
1504760
1504820
1504840
1504870
1504890
1504940
1505010
1505220
1505230
1505270
1505310
1505380
1505390
1505400
1505420
1505430
1505440
1505450
1505460
1505470
1505480
1505500
1505520
1505540
1505560
1505570
1505600
1505620
1505650
1505670
1505680
1505690
1505700
1505720
1505740
1505750
1505770
1505790
1505830
1505840
1505850
1505860
1505910
1505920
1505940
1505960
1505980
1506020
1506060
1506080
1506100
1506170
1506230
1506250
1506260
1506300
1506320
1506400
1506410
1506420
1506430
1506440
1506450
1506460
1506480
1506490
1506510
1506520
1506550
1506600
1506610
1506620
1506630
1506640
1506660
1506680
1506710
1506720
1506730
1506750
1506760
1506770
1506810
1506820
1506830
1506850
1506900
1506930
1506940
1506960
1506970
1506980
1506990
1507080
1507110
1507120
1507180
1507190
1507220
1507260
1507270
1507280
1507310
1507390
1507400
1507410
1507420
1507430
1507440
1507490
1507510
1507530
1507580
1507600
1507620
1507630
1507640
1507650
1507710
1507720
1507740
1507760
1507770
1507780
1507790
1507800
1507820
1507850
1507860
1507890
1507910
1507930
1507950
1507970
1507980
1507990
1508000
1508010
1508030
1508040
1508050
1508170
1508190
1508200
1508220
1508250
1508260
1508270
1508280
1508340
1508360
1508370
1508400
1508410
1508420
1508430
1508440
1508450
1508460
1508500
1508510
1508530
1508570
1508620
1508630
1508640
1508650
1508660
1508670
1508680
1508740
1508750
1508770
1508800
1508840
1508860
1508890
1508900
1508920
1508950
1508960
1508980
1509000
1509010
1509040
1509050
1509060
1509070
1509080
1509090
1509130
1509150
1509160
1509180
1509220
1509230
1509260
1509360
1509400
1509450
1509460
1509510
1509530
1509590
1509630
1509640
1509660
1509670
1509700
1509710
1509720
1509730
1509750
1509780
1509790
1509800
1509810
1509820
1509830
1509840
1509850
1509870
1509920
1509950
1509960
1509970
1510010
1510030
1510040
1510070
1510090
1510150
1510210
1510240
1510250
1510280
1510290
1510310
1510330
1510370
1510380
1510390
1510410
1510440
1510450
1510460
1510470
1510520
1510570
1510580
1510590
1510600
1510620
1510630
1510670
1510710
1510720
1510730
1510740
1510780
1510800
1510810
1510820
1510840
1510860
1510880
1510890
1510900
1510930
1510950
1511000
1511040
1511090
1511130
1511140
1511190
1511240
1511250
1511260
1511270
1511280
1511320
1511330
1511360
1511400
1511410
1511450
1511460
1511480
1511540
1511560
1511610
1511620
1511630
1511650
1511660
1511670
1511690
1511740
1511780
1511790
1511800
1511830
1511850
1511860
1511870
1511880
1511940
1511950
1511970
1512050
1512070
1512100
1512170
1512190
1512200
1512240
1512280
1512290
1512300
1512320
1512350
1512370
1512380
1512390
1512450
1512470
1512480
1512510
1512520
1512530
1512540
1512550
1512570
1512590
1512610
1512660
1512710
1512720
1512730
1512750
1512780
1512790
1512800
1512830
1512860
1512910
1512920
1512940
1512950
1512960
1513000
1513030
1513090
1513110
1513120
1513130
1513150
1513160
1513180
1513190
1513250
1513260
1513300
1513310
1513330
1513370
1513390
1513400
1513420
1513430
1513450
1513460
1513480
1513490
1513500
1513530
1513550
1513570
1513580
1513640
1513650
1513660
1513670
1513680
1513690
1513700
1513710
1513740
1513780
1513790
1513800
1513810
1513820
1513840
1513860
1513910
1513930
1513940
1513950
1513960
1514000
1514010
1514030
1514040
1514070
1514090
1514100
1514130
1514140
1514160
1514170
1514190
1514200
1514240
1514250
1514280
1514290
1514300
1514360
1514370
1514380
1514390
1514400
1514430
1514460
1514470
1514480
1514490
1514550
1514560
1514580
1514610
1514620
1514640
1514650
1514660
1514730
1514740
1514760
1514780
1514840
1514850
1514880
1514890
1514900
1514920
1514930
1514950
1514970
1515000
1515040
1515140
1515160
1515170
1515200
1515210
1515220
1515230
1515260
1515280
1515290
1515320
1515330
1515370
1515400
1515420
1515450
1515460
1515470
1515490
1515540
1515570
1515580
1515590
1515600
1515640
1515710
1515730
1515740
1515750
1515760
1515800
1515820
1515830
1515870
1515890
1515900
1515920
1515950
1515970
1515980
1515990
1516080
1516120
1516130
1516150
1516190
1516240
1516250
1516320
1516330
1516350
1516360
1516400
1516440
1516450
1516490
1516530
1516550
1516560
1516580
1516600
1516610
1516680
1516730
1516750
1516760
1516820
1516870
1516900
1516910
1516920
1516940
1516950
1516960
1516970
1517050
1517110
1517120
1517140
1517150
1517160
1517170
1517180
1517190
1517220
1517230
1517240
1517290
1517320
1517340
1517350
1517380
1517390
1517440
1517470
1517490
1517510
1517520
1517530
1517550
1517560
1517610
1517770
1517800
1517810
1517830
1517850
1517870
1517930
1517960
1517970
1518000
1518020
1518030
1518090
1518100
1518120
1518140
1518180
1518190
1518200
1518210
1518220
1518240
1518300
1518320
1518330
1518350
1518360
1518370
1518380
1518430
1518440
1518480
1518530
1518560
1518610
1518630
1518640
1518650
1518690
1518770
1518800
1518810
1518820
1518860
1518870
1518890
1518910
1518940
1518990
1519000
1519010
1519020
1519040
1519050
1519060
1519070
1519090
1519110
1519140
1519150
1519180
1519190
1519200
1519230
1519240
1519280
1519340
1519360
1519420
1519470
1519490
1519550
1519570
1519590
1519610
1519620
1519630
1519640
1519650
1519660
1519670
1519680
1519690
1519710
1519730
1519770
1519780
1519790
1519800
1519820
1519850
1519880
1519890
1519900
1519910
1519920
1519940
1519950
1520000
1520010
1520060
1520090
1520110
1520120
1520130
1520150
1520160
1520170
1520200
1520240
1520250
1520270
1520280
1520290
1520310
1520330
1520360
1520370
1520380
1520390
1520420
1520440
1520460
1520470
1520500
1520510
1520520
1520570
1520580
1520590
1520600
1520610
1520640
1520660
1520680
1520690
1520710
1520740
1520760
1520780
1520790
1520810
1520830
1520840
1520850
1520880
1520900
1521010
1521020
1521040
1521050
1521070
1521100
1521110
1521160
1521190
1521230
1521250
1521260
1521330
1521360
1521390
1521410
1521490
1521520
1521550
1521580
1521600
1521670
1521690
1521750
1521760
1521770
1521780
1521810
1521820
1521870
1521900
1521920
1521930
1521960
1521970
1522020
1522030
1522040
1522070
1522080
1522100
1522120
1522140
1522160
1522170
1522180
1522220
1522230
1522260
1522280
1522300
1522350
1522360
1522470
1522490
1522530
1522540
1522560
1522570
1522620
1522630
1522640
1522660
1522690
1522710
1522770
1522800
1522810
1522820
1522850
1522860
1522870
1522900
1522930
1522940
1522950
1522960
1522970
1522980
1522990
1523010
1523040
1523100
1523130
1523150
1523170
1523220
1523240
1523260
1523330
1523350
1523360
1523370
1523390
1523400
1523420
1523460
1523500
1523510
1523520
1523630
1523640
1523650
1523670
1523680
1523690
1523720
1523750
1523780
1523790
1523800
1523870
1523890
1523900
1523940
1523990
1524010
1524020
1524110
1524150
1524170
1524190
1524230
1524250
1524290
1524340
1524350
1524380
1524400
1524470
1524530
1524550
1524580
1524620
1524630
1524650
1524690
1524710
1524750
1524790
1524810
1524840
1524920
1524930
1524990
1525040
1525050
1525060
1525160
1525190
1525210
1525270
1525290
1525320
1525330
1525350
1525390
1525410
1525420
1525440
1525460
1525490
1525530
1525540
1525560
1525570
1525580
1525600
1525620
1525640
1525650
1525660
1525700
1525710
1525740
1525750
1525760
1525770
1525810
1525890
1525900
1525910
1525920
1525970
1525990
1526000
1526020
1526090
1526120
1526160
1526170
1526180
1526190
1526220
1526230
1526260
1526300
1526320
1526330
1526340
1526350
1526360
1526370
1526380
1526430
1526490
1526500
1526540
1526550
1526580
1526650
1526680
1526700
1526730
1526750
1526780
1526790
1526850
1526870
1526890
1526900
1526920
1526930
1527010
1527040
1527060
1527080
1527090
1527120
1527160
1527230
1527240
1527260
1527270
1527280
1527350
1527380
1527420
1527460
1527470
1527500
1527510
1527520
1527540
1527620
1527630
1527640
1527650
1527670
1527710
1527780
1527820
1527830
1527880
1527890
1527910
1527920
1527930
1527950
1527960
1527980
1528000
1528010
1528020
1528030
1528050
1528060
1528080
1528090
1528100
1528110
1528120
1528130
1528200
1528220
1528230
1528240
1528260
1528280
1528290
1528300
1528330
1528370
1528430
1528470
1528520
1528530
1528540
1528550
1528560
1528570
1528580
1528590
1528680
1528710
1528780
1528800
1528810
1528820
1528860
1528880
1528900
1528910
1528920
1528950
1528960
1528970
1528980
1529040
1529100
1529140
1529160
1529180
1529220
1529250
1529260
1529290
1529410
1529430
1529440
1529470
1529530
1529550
1529560
1529640
1529710
1529730
1529740
1529750
1529770
1529780
1529800
1529810
1529860
1529910
1529990
1530000
1530020
1530040
1530070
1530120
1530130
1530140
1530150
1530160
1530190
1530230
1530240
1530250
1530260
1530280
1530290
1530300
1530340
1530360
1530370
1530440
1530450
1530470
1530530
1530540
1530580
1530630
1530650
1530660
1530670
1530690
1530710
1530720
1530750
1530760
1530770
1530790
1530800
1530850
1530860
1530890
1530980
1530990
1531000
1531010
1531020
1531030
1531040
1531070
1531140
1531180
1531190
1531200
1531230
1531250
1531290
1531300
1531340
1531460
1531490
1531540
1531550
1531580
1531590
1531610
1531620
1531650
1531680
1531690
1531780
1531790
1531800
1531930
1531940
1532060
1532080
1532110
1532120
1532150
1532170
1532180
1532190
1532200
1532240
1532250
1532260
1532270
1532300
1532350
1532360
1532380
1532400
1532410
1532440
1532460
1532510
1532520
1532640
1532650
1532680
1532690
1532710
1532750
1532760
1532770
1532780
1532790
1532830
1532870
1532910
1532920
1532980
1533050
1533060
1533070
1533080
1533090
1533120
1533140
1533160
1533280
1533300
1533370
1533380
1533390
1533410
1533420
1533470
1533500
1533520
1533530
1533550
1533560
1533570
1533580
1533590
1533600
1533610
1533650
1533680
1533720
1533750
1533770
1533780
1533860
1533870
1533880
1533910
1533940
1533960
1533970
1533980
1533990
1534000
1534040
1534050
1534180
1534200
1534240
1534250
1534260
1534270
1534290
1534300
1534340
1534350
1534420
1534430
1534450
1534460
1534480
1534510
1534520
1534550
1534590
1534610
1534620
1534630
1534640
1534660
1534690
1534700
1534720
1534770
1534840
1534850
1534860
1534870
1534900
1534930
1534950
1534980
1535000
1535030
1535040
1535060
1535090
1535100
1535110
1535170
1535190
1535200
1535210
1535240
1535270
1535290
1535320
1535360
1535420
1535460
1535490
1535500
1535520
1535550
1535560
1535590
1535610
1535630
1535660
1535780
1535790
1535810
1535880
1535900
1535910
1535960
1536000
1536070
1536080
1536090
1536110
1536120
1536180
1536190
1536210
1536260
1536420
1536440
1536470
1536520
1536570
1536590
1536600
1536610
1536620
1536660
1536690
1536720
1536730
1536740
1536750
1536770
1536790
1536830
1536870
1536890
1536910
1536980
1537010
1537030
1537080
1537090
1537160
1537320
1537330
1537340
1537410
1537430
1537440
1537470
1537480
1537490
1537540
1537570
1537590
1537630
1537700
1537740
1537800
1537810
1537820
1537830
1537850
1537910
1537920
1537930
1537940
1537950
1537960
1537970
1537980
1538010
1538030
1538040
1538170
1538240
1538260
1538270
1538300
1538340
1538350
1538370
1538380
1538400
1538420
1538460
1538470
1538480
1538490
1538550
1538570
1538580
1538600
1538610
1538620
1538640
1538650
1538670
1538680
1538710
1538730
1538750
1538770
1538840
1538850
1538890
1538900
1538910
1538920
1538970
1538990
1539040
1539050
1539060
1539070
1539080
1539090
1539100
1539140
1539160
1539180
1539240
1539250
1539270
1539360
1539510
1539540
1539580
1539590
1539600
1539620
1539640
1539650
1539680
1539710
1539720
1539740
1539750
1539760
1539770
1539780
1539800
1539810
1539860
1539870
1539890
1539950
1539970
1540000
1540010
1540060
1540100
1540130
1540140
1540150
1540190
1540200
1540210
1540220
1540250
1540330
1540340
1540350
1540360
1540370
1540480
1540490
1540570
1540600
1540650
1540670
1540680
1540690
