10
20
30
40
50
60
70
80
130
220
240
300
320
360
400
440
500
550
570
620
630
730
1002
1200
1250
1300
1313
1500
1510
1520
1530
1600
1610
1620
1630
1640
1670
1690
1700
1900
1930
2100
2200
2210
2270
2280
2310
2320
2400
2420
2450
2500
2520
2540
2590
2600
2610
2620
2630
2640
2700
2710
2720
2800
2810
2820
2840
2850
2870
2900
2910
2920
2990
3010
3020
3050
3130
3170
3230
3260
3270
3300
3310
3320
3330
3340
3350
3360
3380
3390
3400
3410
3420
3430
3450
3460
3480
3483
3490
3500
3510
3520
3530
3540
3560
3570
3580
3590
3600
3610
3620
3700
3710
3720
3730
3800
3810
3820
3830
3900
3910
3920
3960
3980
3990
4000
4100
4230
4290
4300
4420
4460
4470
4520
4530
4560
4570
4700
4770
4780
4800
4850
4870
4880
4890
4900
4920
6000
6010
6020
6030
6040
6060
6080
6120
6200
6210
6220
6250
6270
6300
6310
6370
6400
6420
6510
6600
6800
6810
6830
6840
6870
6910
6920
6980
7000
7010
7020
7110
7200
7210
7220
7260
7340
7510
7520
7530
7600
7610
7620
7650
7660
7670
7730
7760
7770
7800
7830
7840
7860
7940
8000
8040
8060
8080
8100
8140
8170
8330
8400
8500
8600
8780
8790
8800
8850
8870
8880
8890
8930
8970
9010
9060
9180
9200
9340
9350
9420
9460
9480
9500
9710
9730
9760
9800
9850
9880
9900
9940
9960
9970
9980
10090
10100
10110
10120
10130
10140
10150
10180
10220
10230
10240
10250
10260
10270
10460
10500
10520
10680
11020
11040
11050
11130
11140
11150
11180
11190
11200
11230
11240
11250
11260
11280
11340
11370
11390
11450
11480
11550
11610
12130
12140
12150
12200
12220
12310
12320
12330
12360
12364
12390
12420
12430
12440
12450
12460
12480
12500
12510
12520
12530
12540
12560
12570
12580
12590
12600
12640
12650
12660
12670
12690
12710
12810
12900
13000
13500
13520
13530
13540
13560
13570
13580
13600
13620
13630
15000
15080
15100
15120
15160
15170
15190
15200
15210
15240
15300
15320
15350
15370
15380
15390
15400
15500
15520
15560
15620
15700
15710
15740
15750
15800
15900
15910
15920
15930
15960
15970
16000
16020
16030
16040
16060
16100
16110
16120
16130
16180
16200
16300
16450
16500
16600
16620
16710
16720
16730
16810
16900
17100
17120
17140
17180
17330
17390
17410
17440
17460
17470
17480
17500
17570
17580
17710
17740
18000
18020
18040
18050
18070
18120
18300
18400
18420
18430
18470
18480
18500
18600
18700
18820
19000
19020
19030
19080
19200
19320
19500
19680
19800
19810
19830
19900
19980
20200
20500
20530
20540
20550
20700
20710
20820
20900
20920
21000
21010
21030
21090
21100
21130
21300
21500
21660
21670
21680
21690
21780
21800
21980
22000
22100
22120
22130
22140
22180
22200
22230
22300
22310
22320
22330
22340
22350
22370
22380
22450
22490
22500
22600
22610
22650
22670
23150
23300
23380
23400
23420
23450
23455
23460
23490
23500
23530
23600
23700
24010
24200
24240
24400
24410
24420
24460
24480
24720
24780
24790
24800
24810
24880
25000
25010
25500
25600
25620
25700
25800
25808
25830
25850
25890
25900
25910
25930
25980
25990
26000
26300
26500
26800
26900
27000
27020
27050
27200
27400
27800
27810
27900
27920
27940
28000
29120
29130
29160
29180
