508710
508720
508730
508740
508760
508790
508820
508840
508890
508900
508910
508930
508940
508950
508980
508990
509070
509110
509130
509140
509160
509170
509190
509210
509220
509230
509250
509260
509290
509310
509340
509360
509380
509390
509400
509440
509450
509530
509540
509560
509570
509580
509600
509610
509620
509770
509780
509800
509820
509830
509850
509860
509880
509910
509920
509930
509950
509960
509980
510000
510040
510050
510060
510070
510080
510110
510130
510180
510240
510250
510280
510290
510320
510360
510370
510380
510390
510410
510420
510430
510490
510500
510520
510540
510550
510570
510590
510620
510650
510660
510680
510700
510710
510730
510740
510750
510770
510780
510790
510840
510850
510910
510930
510960
510990
511010
511070
511090
511110
511120
511140
511160
511190
511230
511250
511270
511280
511320
511330
511350
511380
511390
511420
511430
511460
511470
511490
511500
511540
511560
511570
511600
511610
511630
511660
511680
511690
511700
511730
511740
511790
511800
511810
511820
511830
511920
511960
512000
512020
512060
512070
512080
512090
512110
512120
512150
512160
512170
512180
512220
512230
512240
512250
512260
512270
512300
512370
512410
512420
512430
512460
512470
512490
512550
512560
512640
512680
512700
512720
512740
512750
512770
512790
512830
512890
512900
512920
513000
513060
513160
513170
513210
513230
513240
513250
513260
513270
513290
513310
513320
513330
513340
513360
513370
513420
513450
513460
513480
513490
513510
513550
513560
513570
513580
513590
513600
513610
513620
513660
513690
513710
513720
513740
513770
513780
513790
513810
513820
513840
513860
513880
513890
513910
513920
513930
513960
513980
513990
514010
514050
514080
514090
514130
514140
514150
514160
514170
514180
514200
514220
514240
514290
514310
514340
514350
514360
514370
514390
514400
514410
514460
514470
514480
514490
514510
514520
514530
514570
514580
514620
514640
514650
514660
514670
514700
514720
514730
514740
514750
514760
514770
514780
514810
514820
514830
514890
514900
514920
514930
514990
515000
515010
515020
515040
515060
515180
515200
515230
515260
515470
515570
515650
515690
515700
515890
515900
515910
515960
516000
516010
516030
516040
516110
516120
516130
516250
516360
516430
516440
516460
516470
516480
516500
516520
516550
516560
516570
516580
516590
516600
516610
516640
516650
516680
516740
516750
516790
516810
516820
516830
516840
516870
516890
516900
516920
516940
516960
517000
517010
517060
517130
517160
517190
517210
517220
517230
517240
517270
517280
517300
517320
517330
517340
517350
517360
517370
517400
517460
517470
517480
517500
517510
517550
517620
517630
517660
517670
517680
517710
517720
517770
517780
517790
517810
517910
517930
517960
517970
517990
518000
518030
518040
518060
518110
518120
518130
518140
518150
518190
518280
518580
518610
518620
518640
518650
518660
518670
518680
518730
518740
518790
518800
518920
519020
519030
519080
519140
519160
519170
519180
519190
519200
519490
519540
519550
519860
519870
519890
519940
519980
519990
520010
520080
520120
520150
520230
520250
520270
520290
520300
520330
520370
520380
520410
520440
520470
520510
520520
520540
520590
520600
520610
520660
520670
520680
520720
520750
520810
520850
520860
520910
520930
520940
520950
520990
521000
521090
521100
521110
521130
521140
521150
521200
521210
521230
521250
521280
521300
521320
521330
521340
521350
521380
521390
521430
521470
521500
521510
521540
521560
521570
521580
521590
521620
521630
521650
521660
521670
521680
521690
521700
521710
521720
521730
521740
521750
521760
521790
521800
521860
521890
521920
521950
521980
521990
522000
522010
522020
522040
522070
522080
522090
522130
522200
522210
522220
522230
522240
522250
522290
522300
522340
522470
522490
522530
522570
522590
522610
522660
522690
522700
522710
522730
522740
522880
522890
522900
522940
522950
522960
522990
523000
523030
523060
523070
523080
523090
523150
523160
523170
523180
523440
523570
523610
523630
523640
523650
523660
523670
523680
523710
523720
523730
523740
523750
523760
523770
523780
523860
523870
523880
523890
523900
523940
523960
523970
524010
524030
524050
524060
524120
524200
524220
524240
524250
524350
524380
524430
524520
524540
524560
524580
524600
524610
524640
524650
524690
524850
524910
524940
525040
525050
525070
525080
525150
525190
525210
525240
525300
525330
525350
525360
525370
525380
525450
525460
525480
525500
525510
525540
525590
525600
525620
525640
525680
525690
525700
525740
525760
525780
525870
525910
525920
525950
526090
526130
526140
526160
526180
526240
526290
526310
526400
526430
526450
526470
526490
526510
526540
526550
526590
526720
526730
526740
526750
526780
526790
526800
526870
526880
526890
526960
526980
527040
527110
527150
527160
527190
527210
527230
527240
527250
527260
527280
527290
527310
527320
527330
527340
527360
527380
527420
527430
527450
527470
527510
527520
527560
527580
527700
527710
527740
527750
527760
527770
527790
527800
527810
527820
527880
527890
527900
527910
527920
527930
527940
527950
527960
527970
527990
528010
528020
528060
528070
528110
528120
528160
528180
528190
528230
528250
528260
528270
528300
528420
528430
528450
528460
528510
528550
528580
528610
528640
528660
528670
528720
528730
528740
528770
528820
528860
528900
528910
528930
528940
528950
528970
528980
528990
529020
529040
529060
529090
529100
529110
529130
529140
529150
529160
529180
529240
529260
529280
529340
529360
529410
529420
529440
529450
529490
529500
529520
529580
529590
529610
529630
529640
529660
529670
529700
529760
529770
529780
529790
529820
529860
529870
529890
529900
529910
529920
529940
529950
529970
530010
530020
530040
530070
530080
530110
530120
530130
530160
530240
530290
530300
530320
530330
530340
530360
530370
530390
530470
530500
530510
530520
530530
530540
530630
530650
530720
530820
530830
530860
530890
530920
530930
530950
530960
531050
531070
531080
531100
531110
531140
531180
531190
531200
531240
531270
531480
531510
531520
531540
531630
531640
531660
531680
531730
531740
531780
531860
531890
531910
531920
531930
531960
531990
532030
532070
532080
532110
532120
532170
532190
532210
532260
532270
532290
532320
532470
532600
532660
532670
532690
532700
532740
532750
532770
532790
532800
532840
532890
532900
532920
532980
533010
533030
533040
533050
533060
533070
533080
533090
533170
533180
533260
533280
533300
533330
533340
533360
533470
533480
533540
533580
533610
533630
533660
533700
533740
533770
533780
533800
533820
533850
533860
533890
533920
533950
533960
534000
534010
534120
534190
534200
534210
534220
534230
534240
534250
534270
534290
534320
534350
534370
534380
534440
534460
534480
534550
534560
534570
534660
534680
534720
534780
534870
534880
534910
534920
534980
535000
535150
535170
535190
535240
535260
535270
535280
535330
535350
535380
535410
535440
535460
535480
535490
535520
535530
535630
535650
535680
535690
535700
535750
535760
535840
535890
535910
535930
535980
536040
536050
536210
536220
536230
536270
536280
536320
536360
536370
536410
536420
536430
536450
536460
536470
536490
536510
536530
536560
536630
536640
536660
536680
536690
536750
536770
536780
536800
536890
536920
536950
536960
536990
537000
537020
537050
537060
537110
537130
537140
537170
537200
537340
537380
537430
537450
537520
537540
537590
537630
537660
537680
537700
537750
537760
537800
537920
537990
538000
538030
538040
538050
538060
538070
538100
538110
538170
538220
538330
538390
538410
538470
538490
538550
538560
538590
538680
538700
538710
538790
538810
538840
538880
538900
538920
538950
538990
539050
539090
539270
539280
539290
539300
539320
539330
539340
539370
539400
539440
539450
539460
539470
539550
539560
539660
539670
539690
539720
539750
539980
540010
540020
540060
540100
540150
540180
540190
540230
540250
540320
540360
540410
540500
540510
540550
540590
540610
540640
540650
540660
540690
540740
540770
540780
540840
540860
540870
540880
540900
541150
541160
541190
541200
541210
541230
541240
541300
541310
541350
541370
541380
541410
541420
541450
541560
541570
541640
541660
541670
541720
541760
541770
541910
541920
541930
541970
542030
542050
542100
542110
542120
542200
542210
542220
542240
542260
542270
542280
542290
542310
542340
542350
542400
542410
542480
542520
542550
542570
542590
542620
542650
542660
542670
542680
542690
542710
542720
542730
542740
542750
542770
542780
542790
542820
542850
542870
542880
542910
542930
542940
542960
543010
543030
543040
543050
543070
543100
543110
543120
543140
543150
543160
543170
543180
543240
543260
543270
543290
543300
543350
543380
543390
543410
543430
543440
543460
543480
543530
543540
543580
543600
543710
543720
543740
543870
543900
543910
543920
543930
543940
543950
543980
544000
544130
544140
544180
544220
544300
544310
544330
544360
544370
544380
544390
544400
544410
544440
544470
544480
544520
544530
544540
544550
544580
544590
544600
544630
544650
544680
544690
544710
544730
544750
544790
544800
544810
544820
544840
544870
544920
544970
544990
545000
545010
545030
545040
545050
545060
545130
545150
545180
545200
545330
545340
545400
545410
545430
545450
545470
545490
545540
545550
545570
545580
545590
545600
545620
545640
545660
545670
545690
545700
545720
545750
545800
545820
545830
545840
545850
545860
545880
545890
545910
545920
545930
545940
545960
545980
546030
546040
546050
546070
546080
546090
546100
546110
546120
546150
546160
546170
546180
546200
546210
546220
546230
546240
546330
546340
546350
546390
546400
546410
546430
546440
546460
546490
546500
546550
546560
546600
546610
546650
546660
546670
546700
546780
546790
546800
546820
546870
546900
546930
546940
546960
546980
546990
547000
547040
547050
547090
547130
547140
547150
547160
547200
547210
547250
547260
547310
547340
547360
547370
547390
547440
547480
547520
547540
547590
547670
547680
547710
547730
547740
547750
547820
547840
547850
547870
547880
547900
547910
547920
547930
547960
547970
547980
547990
548020
548050
548080
548090
548110
548130
548170
548220
548230
548240
548260
548280
548320
548330
548340
548360
548370
548390
548430
548470
548480
548500
548560
548570
548650
548680
548710
548720
548740
548790
548810
548840
548860
548890
548900
549000
549030
549040
549080
549090
549100
549160
549170
549180
549190
549220
549240
549260
549280
549390
549400
549660
549670
549700
549740
549760
549770
549780
549790
549850
549860
549880
549900
549910
549920
549950
549990
550010
550080
550160
550170
550180
550200
550220
550240
550310
550320
550340
550360
550370
550390
550400
550420
550440
550450
550470
550520
550560
550580
550590
550600
550650
550670
550740
550810
550820
550830
550840
550870
550930
550990
551050
551060
551080
551100
551110
551130
551150
551160
551170
551190
551320
551330
551360
551380
551440
551450
551500
551520
551550
551570
551580
551610
551620
551630
551650
551700
551710
551730
551750
551770
551840
551860
551930
552000
552030
552060
552080
552100
552110
552120
552130
552140
552150
552160
552180
552200
552210
552220
552230
552240
552270
552280
552300
552310
552330
552340
552350
552380
552390
552400
552410
552440
552450
552460
552480
552500
552520
552540
552550
552570
552580
552590
552610
552620
552630
552670
552690
552700
552720
552780
552800
552870
552880
552900
552910
552940
552960
552970
552990
553000
553020
553050
553100
553110
553130
553150
553260
553290
553310
553320
553330
553340
553350
553410
553420
553430
553440
553450
553470
553480
553490
553520
553530
553540
553570
553590
553610
553630
553640
553680
553690
553760
553780
553790
553800
553820
553830
553850
553910
553940
553950
553960
554140
554150
554180
554220
554280
554290
554310
554330
554470
554530
554560
554570
554590
554600
554610
554620
554640
554660
554680
554690
554700
554710
554720
554750
554770
554800
554810
554870
554920
554980
555000
555010
555040
555050
555060
555080
555090
555130
555150
555160
555170
555180
555210
555220
555230
555260
555280
555290
555310
555320
555370
555400
555410
555450
555510
555520
555570
555580
555600
555610
555630
555640
555650
555660
555670
555710
555720
555730
555750
555820
555830
555850
555880
555890
555920
555930
555950
555970
556000
556050
556060
556090
556130
556140
556160
556180
556190
556200
556230
556240
556250
556260
556280
556300
556310
556340
556490
556520
556530
556540
556640
556680
556700
556710
556720
556740
556770
556780
556830
556840
556860
556870
556890
556920
556960
556990
557030
557040
557180
557190
557260
557320
557330
557340
557400
557410
557420
557460
557520
557570
557580
557600
557630
557670
557680
557700
557720
557730
557750
557760
557770
557790
557810
557830
557850
557860
557880
557890
557900
557940
557950
557960
557970
558010
558050
558060
558100
558110
558230
558260
558340
558410
558420
558440
558450
558490
558650
558660
558670
558680
558720
558740
558780
558790
558850
558870
558990
559010
559030
559070
559100
559130
559140
559150
559170
559210
559250
559260
559280
559300
559310
559330
559350
559360
559450
559610
559630
559640
559650
559680
559850
559870
559900
559910
559920
559930
559960
560000
560050
560080
560130
560170
560180
560200
560220
560230
560250
560260
560300
560340
560350
560370
560430
560550
560570
560600
560640
560660
560720
560730
560740
560750
560760
560770
560790
560820
560840
560870
560930
560960
560970
561000
561010
561080
561190
561230
561260
561340
561360
561420
561440
561450
561480
561510
561590
561600
561610
561660
561680
561690
561740
561770
561930
561970
562010
562050
562090
562160
562210
562220
562230
562240
562250
562260
562270
562280
562290
562310
562320
562330
562340
562350
562360
562410
562420
562430
562450
562460
562470
562480
562490
562500
562520
562530
562540
562560
562570
562600
562620
562640
562660
562680
562700
562730
562740
562750
562770
562860
563120
563130
563150
563160
563170
563180
563190
563200
563250
563260
563270
563320
563330
563340
563360
563370
563380
563390
563400
563410
563420
563430
563470
563490
563500
563520
563530
563550
563560
563600
563610
563680
563690
563710
563730
563740
563750
563760
563810
563830
563840
563910
564010
564040
564050
564080
564090
564100
564140
564150
564160
564210
564230
564280
564310
564330
564340
564420
564450
564470
564480
564530
564700
564710
564720
564810
564900
564920
564940
564950
564960
564980
565020
565030
565080
565110
565120
565140
565170
565180
565190
565200
565330
565380
565390
565490
565540
565550
565600
565640
565650
565660
565670
565690
565720
565730
565760
565860
565910
565980
566050
566140
566150
566160
566170
566180
566190
566200
566250
566270
566320
566350
566380
566410
566420
566430
566440
566490
566530
566540
566550
566560
566570
566580
566600
566640
566670
566690
566700
566730
566750
566780
566800
566810
566860
566870
566880
566900
566910
566930
566940
566970
567010
567020
567030
567040
567060
567080
567130
567140
567150
567160
567200
567210
567240
567280
567290
567320
567340
567370
567380
567430
567480
567580
567590
567620
567630
567640
567660
567670
567680
567700
567750
567780
567800
567840
567860
567890
567980
568020
568030
568040
568060
568070
568090
568130
568160
568200
568220
568240
568300
568310
568320
568330
568370
568400
568420
568460
568470
568480
568490
568500
568560
568570
568610
568670
568690
568720
568740
568750
568770
568780
568800
568830
568840
568860
568910
568920
568930
569010
569050
569130
569140
569150
569200
569210
569220
569270
569290
569340
569350
569360
569370
569380
569390
569420
569430
569480
569500
569510
569520
569530
569570
569610
569630
569640
569720
569770
569800
569810
569860
569870
569890
569900
569940
569970
570000
570050
570060
570110
570230
570340
570420
570470
570490
570500
570540
570580
570590
570600
570680
570690
570710
570770
570780
570790
570810
570820
570840
570850
570860
570890
570900
570940
570950
570970
570980
571020
571050
571060
571080
571100
571180
571230
571260
571310
571330
571350
571430
571500
571520
571530
571550
571630
571660
571680
571720
571740
571860
571870
571880
572000
572010
572020
572040
572050
572130
572160
572170
572180
572220
572240
572290
572330
572410
572430
572480
572510
572520
572570
572580
572620
572630
572640
572660
572700
572710
572720
572730
572740
572760
572890
572980
573040
573050
573060
573070
573080
573090
573100
573110
573120
573130
573170
573210
573260
573270
573280
573300
573320
573330
573340
573360
573370
573410
573460
573490
573520
573530
573550
573600
573610
573650
573660
573670
573690
573700
573710
573720
573730
573740
573750
573760
573770
573780
573790
573800
574010
574030
574040
574050
574070
574080
574090
574120
574140
574150
574160
574170
574180
574190
574200
574220
574260
574270
574310
574410
574420
574440
574500
574520
574530
574560
574580
574590
574640
574690
574710
574720
574740
574760
574780
574820
574890
574920
574940
574980
575010
575020
575030
575040
575050
575060
575080
575170
575210
575330
575340
575360
575400
575420
575430
575450
575480
575490
575510
575560
575570
575580
575590
575600
575630
575640
575650
575660
575670
575680
575690
575700
575710
575720
575750
575760
575770
575780
575800
575810
575820
575830
575840
575850
575860
575880
575890
575900
575920
575940
575950
575960
575970
575990
576020
576030
576050
576060
576090
576100
576110
576120
576130
576160
576230
576260
576280
576290
576310
576370
576390
576400
576410
576420
576430
576470
576480
576500
576540
576590
576620
576640
576650
576660
576670
576700
576720
576730
576740
576750
576770
576800
576810
576820
576840
576860
576940
576950
576960
576980
577000
577080
577120
577150
577160
577180
577230
577240
577270
577280
577290
577320
577330
577360
577370
577380
577390
577410
577440
577460
577470
577480
577490
577530
577560
577570
577580
577640
577670
577690
577710
577730
577740
577760
577780
577850
577890
577910
577940
577970
577980
577990
578010
578050
578060
578080
578100
578190
578210
578310
578320
578330
578350
578360
578390
578420
578430
578440
578470
578540
578590
578610
578620
578650
578660
578670
578690
578720
578740
578760
578800
578830
578850
578870
578880
578890
578900
578920
578930
578990
579020
579030
579050
579080
579110
579120
579130
579150
579160
579180
579210
579230
579330
579490
579560
579580
579720
579760
579780
579820
579840
579870
579940
579980
580010
580040
580060
580170
580200
580300
580320
580410
580420
580480
580520
580540
580560
580570
580590
580630
580640
580680
580710
580720
580820
580870
580880
580890
580900
580930
580940
580950
581030
581060
581100
581120
581130
581150
581200
581210
581220
581230
581270
581300
581310
581320
581340
581360
581370
581380
581460
581520
581590
581600
581630
581650
581660
581730
581740
581760
581810
581820
581840
581910
581920
581970
581980
582010
582030
582050
582110
582160
582200
582210
582260
582270
582290
582330
582350
582360
582370
582390
582440
582450
582460
582490
582500
582530
582550
582560
582610
582620
582660
582690
582810
582820
582830
582840
582860
582890
582920
582960
582980
582990
583000
583030
583040
583060
583090
583120
583150
583190
583240
583270
583470
583490
583500
583530
583570
583580
583590
583700
583760
583780
583890
583930
583950
584040
584070
584100
584150
584170
584220
584280
584370
584400
584600
584640
584760
584780
584800
584850
584860
584880
584890
584930
584940
584980
584990
585020
585040
585090
585180
585190
585240
585260
585270
585310
585360
585420
585430
585450
585500
585550
585590
585690
585710
585740
585750
585770
585800
585820
585830
585840
585880
585890
585900
585910
585920
585950
585970
585990
586020
586030
586060
586080
586100
586110
586130
586140
586150
586160
586170
586200
586230
586240
586290
586310
586320
586340
586350
586360
586380
586390
586430
586450
586460
586570
586600
586620
586660
586670
586680
586690
586700
586710
586720
586740
586750
586770
586790
586830
586880
586890
586920
586930
586950
586960
586970
586990
587000
587010
587070
587100
587110
587160
587180
587220
587260
587290
587310
587330
587400
587420
587430
587440
587450
587470
587480
587490
587520
587560
587570
587580
587620
587690
587710
587730
587790
587810
587840
587860
587920
587930
587970
588030
588040
588050
588070
588110
588120
588140
588160
588180
588190
588200
588230
588240
588290
588340
588430
588440
588490
588540
588550
588560
588620
588630
588650
588690
588710
588730
588750
588800
588880
588890
588920
588930
588950
588970
588980
588990
589040
589050
589060
589080
589100
589110
589150
589160
589170
589200
589210
589220
589240
589250
589270
589280
589290
589300
589320
589360
589370
589380
589410
589420
589450
589460
589470
589480
589500
589510
589530
589590
589620
589640
589670
589680
589690
589730
589760
589770
589780
589850
589860
589870
589940
590270
590280
590370
590380
590430
590440
590530
590560
590570
590580
590590
590600
590660
590670
590690
590720
590770
590790
590800
590820
590830
590840
590850
590870
590900
590910
590950
590970
591000
591020
591090
591130
591140
591350
591360
591370
591380
591390
591420
591460
591470
591560
591580
591610
591630
591640
591660
591680
591740
591750
591760
591790
591910
591920
591930
591940
591960
591990
592020
592030
592040
592060
592100
592120
592130
592200
592240
592270
592300
592320
592330
592340
592360
592380
592400
592410
592480
592550
592560
592570
592620
592640
592660
592720
592730
592750
592770
592780
593000
593030
593060
593070
593100
593150
593200
593240
593250
593260
593280
593330
593400
593410
593490
593530
593540
593560
593600
593620
593640
593670
593680
593700
593720
593730
593740
593850
593900
593950
537180
593960
593970
593980
594000
594030
594040
594050
594120
594130
594150
594160
594200
594220
594230
594260
594300
594310
594320
594330
594350
594360
594370
594380
594390
594410
594490
594550
594570
594650
594660
594680
594720
594750
594760
594810
594820
594950
594980
595010
595060
595070
595080
595090
595100
595120
595130
595140
595150
595160
595260
595280
595300
595320
595420
595430
595440
595460
595500
595520
595550
595560
595630
595640
595650
595660
595670
595690
595730
595740
595760
595770
595780
595790
595920
595930
595960
595990
596000
596050
596070
596080
596090
596200
596240
596260
596270
596280
596380
596390
596400
596470
596500
596530
596540
596560
596570
596580
596590
596620
596630
596640
596710
596730
596740
596810
596890
596910
596940
596950
596970
596990
597020
597030
597040
597060
597090
597120
597150
597170
597180
597190
597200
597210
597220
597230
597240
597280
597590
597640
597670
597700
597720
597730
597760
597770
597790
597810
597820
597860
597900
597920
597970
597990
598030
598060
598070
598090
598170
598230
598240
598330
598340
598350
598400
598430
598440
598450
598480
598490
598500
598530
598550
598590
598600
598610
598620
598640
598690
598700
598720
598730
598740
598780
598810
598840
598880
598940
598960
598980
598990
599000
599040
599070
599080
599140
599150
599160
599180
599390
599420
599430
599460
599480
599490
599510
599560
599580
599590
599600
599610
599630
599670
599750
599780
599800
599840
599880
599900
599960
600000
600080
600090
600100
600120
600130
600140
600150
600170
600180
600190
600200
600210
600230
600250
600260
600290
600310
600330
600350
600360
600370
600410
600420
600440
600460
600480
600500
600510
600520
600530
600550
600580
600600
600610
600630
600640
600650
600660
600670
600690
600720
600750
600980
600990
601010
601020
601050
601080
601110
601130
601150
601170
601180
601200
601210
601220
601240
601250
601330
601380
601430
601490
601500
601510
601520
601530
601540
601550
601570
601590
601640
601700
601750
601760
601790
601810
601840
601870
601880
601920
601930
601940
601990
602010
602040
602070
602080
602120
602130
602140
602150
602160
602180
602200
602240
602250
602270
602300
602320
602420
602430
602480
602510
602520
602540
602550
602590
602600
602630
602660
602670
602700
602770
602790
602860
602880
602890
602900
602910
602920
602930
602960
603000
603010
603020
603060
603090
603100
603110
603120
603130
603140
603150
603190
603210
603220
603230
603240
603250
603260
603280
603320
603330
603340
603350
603360
603380
603390
603400
603420
603460
603490
603530
603550
603560
603610
603630
603660
603680
603700
603730
603750
603790
603800
603810
603840
603850
603870
603880
603910
603930
603940
603960
603970
603990
604000
604010
604030
604040
604060
604140
604150
604170
604230
604240
604300
604330
604340
604450
604490
604500
604510
604530
604540
604590
604640
604740
604770
604780
604830
604920
604950
604980
604990
605040
605060
605100
605110
605140
605160
605180
605190
605200
605210
605230
605250
605310
605410
605450
605490
605610
605740
605770
605790
605800
605830
605850
605860
605920
605980
605990
606000
606030
606060
606150
606160
606230
606280
606300
606330
606350
606360
606370
606480
606490
606500
606510
606520
606670
606680
606690
606710
606730
606790
606800
606830
606850
606860
606870
606880
606890
606920
606940
606950
606960
606980
607020
607030
607040
607050
607080
607120
607160
607190
607210
607230
607260
607330
607350
607360
607400
607440
607490
607590
607660
607670
607680
607760
607770
607780
607820
607860
607880
607890
608110
608120
608190
608370
608380
608440
608510
608530
608540
608610
608630
608660
608670
608760
608800
608870
608990
609010
609100
609110
609150
609170
609320
609340
609360
609400
609410
609420
609490
609720
609760
609850
609920
609940
610080
610090
610110
610120
610130
610180
610190
610210
610250
610260
610310
610350
610360
610370
610380
610410
610460
610500
610550
610560
610570
610610
610620
610660
610670
610680
610710
610720
610730
610740
610750
610780
610810
610840
610860
610900
610940
610960
610980
611040
611050
611060
611080
611090
611120
611140
611160
611180
611190
611200
611230
611300
611350
611390
611500
611550
611620
611630
611660
611670
611690
611710
611730
611750
611760
611770
611790
611810
611820
611830
611850
611860
611960
611970
611980
612010
612020
612030
612040
612050
612060
612100
612110
612120
612130
612140
612150
612160
612170
612180
612190
612220
612230
612250
612300
612310
612370
612380
612390
612400
612440
612470
612510
612520
612540
612570
612590
612600
612610
612620
612640
612660
612720
612740
612750
612790
612820
612840
612880
612890
612930
613010
613020
613040
613050
613100
613120
613130
613190
613200
613210
613240
613270
613330
613350
613370
613390
613400
613410
613420
613450
613470
613510
613590
613610
613620
613670
613730
613790
613830
613850
613860
613880
613900
613970
613980
614030
614050
614090
614140
614150
614160
614250
614260
614380
614450
614460
614530
614560
614570
614630
614650
614660
614700
614730
614770
614830
614850
614880
614890
614900
614910
614950
614960
614970
615010
615020
615070
615080
615120
615160
615180
615250
615270
615330
615340
615350
615390
615400
615460
615490
615530
615550
615590
615610
615630
615650
615670
615680
615690
615700
615730
615770
615780
615910
615970
616000
616040
616050
616110
616220
616240
616330
616390
616420
616490
616520
616560
616580
616610
616620
616640
616650
616660
616680
616690
616740
616750
616780
616820
616830
616860
616880
616890
616920
617020
617030
617060
617160
617270
617290
617350
617420
617430
617440
617450
617480
617590
617600
617610
617620
617630
617640
617650
617660
617670
617680
617690
617700
617710
617750
617820
617830
617850
617970
617980
617990
618000
618010
618050
618070
618080
618100
618140
618190
618200
618210
618270
618310
618330
618350
618360
618370
618420
618430
618440
618470
618490
618500
618510
618550
618560
618570
618590
618600
618610
618620
618630
618650
618670
618690
618710
618720
618740
618750
618760
618850
618920
618950
618970
618990
619000
619100
619150
619210
619220
619230
619270
619280
619310
619320
619330
619340
619350
619380
619390
619400
619470
619480
619490
619500
619530
619540
619590
619600
619610
619620
619670
619700
619740
619780
619810
619820
619870
619880
619890
619910
619930
620070
620080
620130
620140
620170
620180
620190
620210
620220
620280
620310
620330
620340
620350
620360
620410
620570
620580
620590
620620
620630
620640
620650
620660
620670
620700
620710
620790
620800
620890
620900
620940
620980
621000
621010
621020
621060
621070
621080
621090
621140
621150
621170
621220
621780
621810
621830
621850
621930
621970
622010
622020
622040
622060
622080
622150
622200
622220
622270
622310
622320
622370
622380
622420
622460
622470
622480
622510
622540
622550
622610
622620
622630
622650
622670
622680
622700
622720
622770
622810
622830
622870
622880
622890
622910
622920
622930
622950
622980
623040
623050
623070
623080
623090
623160
623170
623180
623320
623340
623360
623370
623380
623460
623470
623540
623550
623570
623580
623640
623670
623700
623800
623810
623840
623850
623860
623900
623920
623930
623940
624050
624060
624070
624080
624260
624270
624320
624410
624430
624460
624550
624560
624610
624630
624680
624690
624710
624890
624900
624920
624930
624950
624970
624990
625000
625040
625090
625120
625160
625180
625220
625320
625340
625370
625410
625430
625470
625560
625580
625630
625680
625690
625700
625720
625730
625740
625770
625780
625800
625820
625830
625860
625900
625910
625940
625960
625980
625990
626020
626160
626170
626250
626460
626510
626570
626580
626600
626610
626630
626640
626660
626680
626690
626700
626730
626760
626810
626840
627070
627270
627350
627380
627410
627420
627450
627460
627570
627620
627670
627690
627820
627890
627910
627950
628020
628030
628040
628050
628060
628070
628080
628090
628100
628110
628120
628130
628140
628150
628160
628170
628180
628200
628290
628320
628350
628360
628440
628450
628460
628530
628550
628560
628570
628580
628650
628660
628670
628700
628710
628730
628740
628750
628760
628770
628800
628820
628830
628880
628890
628900
628920
628940
628950
628960
629000
629030
629040
629080
629090
629100
629110
629180
629220
629230
629240
629270
629340
629360
629380
629400
629410
629420
629430
629440
629450
629540
629550
629640
629650
629690
629720
629730
629760
629770
629780
629810
629820
629840
629860
629960
629970
630020
630030
630040
630050
630060
630070
630080
630130
630160
630170
630240
630260
630310
630360
630390
630440
630460
630470
630490
630510
630550
630610
630630
630640
630670
630690
630720
630830
630870
631120
631220
631240
631250
631260
631270
631490
631510
631540
631570
631660
631670
631770
631810
631830
631860
631900
631920
631940
631950
631960
631980
631990
632000
632020
632040
632050
632070
632080
632100
632110
632130
632170
632240
632250
632290
632300
632350
632360
632380
632470
632510
632590
632710
632800
632820
632830
632840
632880
632900
632950
633060
633080
633110
633150
633230
633320
633360
633430
633440
633460
633580
633600
633660
633930
633940
633950
633970
634060
634070
634090
634120
634150
634160
634180
634200
634340
634410
634700
634810
635040
635050
635060
635190
635200
635220
635250
635260
635270
635310
635320
635390
635410
635520
635590
635670
635700
635790
635810
635830
635850
635880
635900
635930
635940
635980
636010
636020
636030
636040
636050
636070
636100
636150
636170
636190
636220
636230
636270
636310
636320
636330
636360
636370
636390
636400
636430
636450
636460
636480
636490
636520
636560
636570
636580
636590
636620
636640
636720
636740
636790
636910
636930
636950
636960
636970
637040
637050
637060
637070
637090
637100
637110
637120
637310
637330
637340
637410
637640
637650
637670
637850
637860
637870
637880
637920
637930
637940
637980
638000
638020
638060
638070
638110
638130
638160
638200
638230
638240
638250
638260
638270
638290
638390
638470
638490
638500
638510
638650
638720
638740
638830
638850
638900
638920
638930
638940
638990
639130
639180
639220
639230
639240
639270
639280
639300
639320
639440
639460
639470
639490
639560
639650
639720
639730
639770
639840
639880
639920
640010
640050
640090
640120
640150
640160
640210
640250
640290
640300
640310
640340
640380
640590
640600
640690
640700
640760
640780
640800
640820
640840
640860
640880
640890
640970
640990
641050
641080
641320
641590
641780
641860
641870
641910
641940
641950
641960
641980
641990
642000
642020
642070
642090
642170
642190
642390
642520
642560
642570
642580
642600
642610
642620
642650
642660
642670
642690
642700
642710
642730
642830
642840
642860
642910
643200
643260
643270
643370
643570
643590
643610
643620
643810
643820
643830
643870
643880
643900
643930
643940
643950
643960
643970
643980
644000
644010
644080
644130
644150
644160
644280
644330
644340
644370
644380
644390
644400
644420
644480
644530
644540
644550
644560
644580
644610
644640
644660
644670
644680
644710
644740
644760
644800
644830
644860
644870
644890
644930
645090
645130
645150
645190
645200
645210
645230
645240
645260
645270
645280
645290
645320
645330
645340
645360
645380
645410
645420
645440
645450
645460
645470
645530
645630
645650
645690
645720
645730
645750
645780
645790
645820
645830
645860
645920
645930
645940
646010
646030
646050
646100
646150
646180
646200
646240
646270
646280
646300
646330
646350
646360
646370
646430
646460
646470
646500
646530
646570
646600
646680
646820
646830
646890
646910
646960
647000
647040
647050
647080
647090
647280
647500
647570
647640
647650
647660
647740
647830
647840
647850
647890
647900
647910
647930
647940
647950
647960
647980
647990
648020
648050
648060
648070
648100
648120
648150
648190
648220
648270
648350
648380
648390
648410
648440
648510
648530
648550
648570
648580
648600
648630
648640
648660
648670
648750
648780
648800
648810
648880
648890
648950
649000
649040
649120
649150
649170
649240
649300
649360
649450
649460
649510
649560
649570
649580
649600
649620
649630
649640
649660
649670
649730
649740
649790
649810
649820
649870
649880
649890
649950
649960
649970
649990
650000
650010
650070
650120
650220
650310
650330
650340
650350
650440
650490
650510
650570
650600
650620
650670
650680
650690
650700
650720
650730
650740
650750
650760
650770
650780
650810
650820
650860
650880
650940
650980
650990
651010
651080
651090
651120
651170
651280
651310
651340
651360
651370
651380
651470
651490
651500
651520
651550
651560
651600
651610
651640
651650
651660
651670
651680
651690
651820
651940
651950
651970
651990
652030
652050
652060
652070
652090
652120
652140
652160
652180
652190
652200
652230
652250
652270
652310
652330
652340
652360
652390
652410
652460
652470
652480
652510
652530
652540
652550
652560
652570
652600
652610
652660
652700
652730
652750
652760
652770
652780
652800
652810
652830
652880
652890
652900
652910
652940
652950
652980
652990
653020
653050
653060
653080
653100
653120
653130
653190
653210
653220
653530
653550
653760
653770
653780
653840
653850
653870
653920
653930
653940
653950
653960
653970
654000
654010
654020
654060
654070
654080
654090
654100
654110
654200
654220
654240
654250
654260
654300
654350
654390
654400
654430
654440
654450
654470
654500
654520
654550
654570
654580
654600
654610
654630
654640
654660
654670
654680
654700
654710
654740
654750
654770
654800
654810
654820
654840
654850
654860
654880
654890
654900
654910
654940
654950
654960
654970
654980
654990
655000
655030
655040
655080
655100
655110
655160
655170
655180
655200
655220
655250
655270
655280
655290
655350
655360
655370
655380
655420
655430
655440
655460
655480
655490
655500
655520
655530
655550
655580
655600
655610
655620
655630
655640
655650
655660
655670
655700
655710
655730
655740
655750
655760
655770
655780
655790
655910
655930
655940
655950
655980
656020
656040
656060
656070
656100
656130
656140
656170
656190
656200
656210
656220
656240
656260
656280
656300
656320
656330
656350
656360
656380
656400
656440
656450
656460
656480
656490
656510
656530
656540
656550
656560
656570
656580
656590
656600
656610
656620
656630
656640
656660
656680
656690
656700
656730
656740
656780
656800
656840
656880
656890
656900
656910
656940
656970
657000
657010
657020
657040
657050
657060
657070
657080
657090
657110
657120
657170
657200
657210
657230
657240
657250
657260
657290
657300
657400
657410
657440
657450
657470
657500
657530
657580
657590
657630
657660
657690
657700
657780
657790
657990
658050
658060
658090
658120
658140
658150
658160
658210
658230
658250
658260
658280
658340
658390
658400
658430
658450
658470
658480
658490
658500
658510
658530
658550
658560
658570
658590
658600
658610
658620
658630
658660
658690
658700
658710
658760
658770
658780
658790
658800
658810
658830
658850
658870
658880
658890
658970
658980
658990
659000
659040
659060
659110
659130
659140
659150
659160
659170
659180
659190
659220
659260
659300
659320
659330
659460
659480
659490
659500
659510
659540
659560
659630
659760
659780
659790
659810
659830
659840
659860
659870
659890
659900
659910
659920
659940
659950
659960
660030
660040
660070
660110
660160
660170
660200
660270
660280
660290
660320
660340
660390
660400
660450
660520
660560
660730
660760
660800
660820
660860
660880
660890
660900
660920
660940
660970
660980
660990
661000
661030
661040
661050
661070
661100
661110
661120
661130
661180
661190
661200
661220
661230
661240
661250
661260
661270
661280
661290
661300
661330
661340
661360
661380
661410
661420
661430
661440
661450
661460
661470
661480
661490
661500
661520
661530
661550
661560
661650
661670
661680
661690
661700
661730
661740
661750
661790
661820
661830
661900
661920
661940
661950
661960
661970
661990
662000
662170
662180
662190
662200
662210
662220
662230
662240
662260
662340
662380
662390
662400
662410
662440
662470
662500
662540
662550
662570
662610
662660
662680
662690
662700
662720
662780
662830
662840
662870
662910
662920
662930
662940
662950
662960
662990
663020
663060
663080
663090
663100
663110
663120
663130
663140
663160
663190
663200
663210
663220
663240
663250
663290
663300
663330
663370
663390
663410
663430
663480
663530
663540
663570
663590
663600
663690
663760
663830
663920
663940
663950
663970
664000
664010
664030
664040
664050
664060
664080
664090
664110
664120
664130
664140
664160
664180
664190
664210
664240
664250
664290
664320
664340
664350
664420
664440
664450
664460
664490
664510
664530
664560
664570
664580
664590
664600
664610
664620
664630
664640
664650
664660
664750
664780
664820
664830
664850
664870
665030
665060
665080
665090
665110
665120
665160
665210
665240
665270
665310
665330
665340
665350
665360
665370
665410
665440
665490
665510
665550
665560
665590
665620
665630
665640
665650
665670
665720
665730
665740
665780
665790
665840
665880
665890
665900
665930
665950
665960
666010
666020
666040
666050
666060
666080
666090
666100
666110
666120
666140
666150
666170
666220
666240
666250
666260
666270
666290
666310
666320
666330
666340
666560
666570
666590
666600
666610
666620
666630
666640
666660
666730
666780
666790
666800
666810
666820
666850
666860
666870
666910
666930
666940
666960
667000
667010
667030
667040
667060
667120
667130
667140
667150
667160
667170
667220
667240
667270
667300
667310
667340
667360
667400
667410
667420
667430
667450
667460
667510
667530
667550
667580
667590
667600
667610
667620
667630
667660
667670
667690
667720
667760
667770
667780
667790
667800
667810
667820
667840
667870
667880
667890
667900
667920
667930
667970
668000
668010
668170
668190
668200
668210
668220
668230
668280
668290
668300
668320
668350
668360
668370
668430
668460
668510
668520
668550
668560
668570
668580
668590
668600
668610
668620
668630
668640
668650
668670
668680
668730
668750
668770
668780
668790
668830
668850
668890
668900
668910
668960
668970
668980
669000
669040
669050
669270
669290
669310
669320
669330
669340
669350
669360
669380
669390
669410
669440
669490
669500
669520
669570
669580
669600
669620
669630
669650
669660
669690
669700
669710
669730
669740
669750
669760
669770
669790
669830
669910
669950
669960
669990
670020
670050
670080
670090
670100
670120
670140
670160
670180
670190
670210
670230
670250
670260
670270
670280
670290
670320
670330
670340
670370
670400
670410
670430
670440
670490
670500
670510
670550
670610
670620
670630
670720
670730
670750
670760
670780
670790
670820
670830
670850
670910
670930
670940
670950
670970
671050
671090
671100
671120
671130
671150
671170
671180
671200
671230
671240
671260
671270
671290
671310
671330
671370
671390
671440
671460
671470
671490
671510
671550
671560
671580
671600
671610
671620
671630
671640
671650
671670
671690
671700
671720
671740
671750
671800
671810
671840
671850
671860
671880
671900
671920
671970
671980
671990
672000
672010
672020
672030
672050
672080
672100
672130
672140
672150
672160
672230
672240
672250
672280
672290
672300
672310
672320
672380
672410
672420
672430
672440
672460
672480
672490
672570
672590
672630
672640
672650
672660
672670
672680
672690
672710
672720
672730
672770
672780
672790
672860
672880
672890
672910
672920
672940
672970
673000
673010
673040
673050
673060
673070
673100
673130
673140
673190
673210
673220
673230
673240
673250
673260
673280
673300
673310
673360
673430
673450
673480
673530
673540
673550
673560
673570
673580
673590
673600
673610
673620
673630
673660
673720
673740
673750
673800
673810
673820
673830
673840
673850
673870
673880
673900
673910
673920
673940
673950
673970
673980
674020
674090
674120
674130
674140
674150
674160
674170
674180
674190
674200
674210
674220
674230
674250
674310
674320
674330
674360
674370
674380
674390
674400
674420
674440
674450
674480
674500
674520
674550
674570
674580
674630
674730
674750
674760
674800
674840
674850
674860
674900
674910
674930
674940
674960
674980
675010
675030
675040
675110
675120
675130
675140
675160
675170
675180
675210
675220
675240
675260
675270
675330
675370
675410
675480
675490
675500
675510
675530
675610
675620
675630
675640
675650
675660
675690
675720
675730
675750
675810
675830
675870
675890
675910
675940
675950
675960
675970
675980
675990
676000
676030
676060
676070
676090
676120
676130
676170
676180
676210
676240
676270
676310
676320
676340
676410
676420
676430
676440
676450
676460
676470
676500
676510
676520
676540
676550
676570
676580
676600
676620
676630
676660
676680
676690
676700
676720
676730
676760
676770
676800
676820
676830
676840
676850
676880
676910
676930
676960
676990
677020
677030
677040
677060
677080
677120
677160
677190
677210
677220
677230
677240
677260
677280
677300
677330
677340
677380
677450
677480
677590
677610
677620
677650
677680
677700
677720
677730
677780
677790
677810
677820
677850
677870
677910
678010
678050
678060
678090
678100
678150
678170
678190
678200
678230
678240
678250
678310
678390
678400
678410
678420
678430
678440
678450
678460
678470
678500
678520
678530
678540
678560
678570
678590
678620
678750
678760
678800
678820
678830
678850
678870
678880
678890
678900
678910
678920
678930
678940
678950
678960
678970
679030
679050
679070
679080
679090
679100
679110
679120
679190
679200
679230
679300
679390
679400
679410
679430
679470
679480
679490
679500
679510
679520
679530
679620
679640
679660
679670
679690
679700
679720
679740
679750
679770
679780
679820
679830
679860
679900
679910
679930
679960
680030
680070
680100
680140
680170
680190
680240
680250
680300
680330
680350
680360
680380
680390
680400
680420
680450
680480
680500
680550
680560
680590
680620
680640
680680
680690
680730
680750
680780
680830
680850
680860
680880
680890
680930
680940
680950
680970
680980
680990
681000
681020
681030
681060
681090
681100
681110
681150
681160
681190
681240
681260
681280
681290
681330
681340
681350
681360
681380
681390
681410
681460
681480
681490
681500
681520
681530
681540
681550
681580
681610
681620
681630
681640
681670
681690
681710
681730
681740
681750
681760
681780
681790
681800
681850
681900
681920
681950
681980
681990
682000
682010
682020
682080
682100
682110
682140
682160
682170
682180
682230
682250
682270
682280
682290
682340
682350
682360
682370
682450
682470
682480
682490
682500
682510
682530
682550
682570
682590
682610
682630
682670
682730
682740
682770
682780
682810
682820
682910
682920
682960
682970
682990
683000
683050
683070
683130
683150
683180
683190
683210
683220
683230
683240
683260
683280
683300
683310
683320
683340
683370
683430
683440
683530
683600
683620
683630
683660
683670
683680
683690
683730
683760
683770
683780
683790
683810
683830
683840
683870
683890
683900
683930
683940
683970
684000
684040
684050
684060
684130
684170
684200
684210
684230
684250
684260
684270
684320
684350
684400
684410
684420
684430
684450
684470
684490
684510
684530
684560
684570
684580
684590
684620
684650
684680
684700
684720
684770
684800
684820
684840
684870
684940
684970
684980
685040
685050
685110
685120
685130
685140
685200
685230
685240
685310
685330
685340
685360
685370
685400
685420
685430
685450
685560
685570
685670
685680
685690
685700
685730
685740
685750
685760
685770
685790
685800
685870
685910
685920
685950
685970
685990
686000
686010
686030
686040
686060
686100
686110
686200
686240
686260
686270
686290
686300
686340
686360
686380
686440
686450
686490
686500
686510
686520
686550
686570
686580
686610
686620
686630
686640
686660
686680
686720
686760
686770
686810
686870
686900
686910
686940
686950
687260
687270
687310
687320
687340
687360
687390
687420
687440
687480
687490
687510
687520
687540
687560
687590
687600
687610
687630
687640
687650
687720
687730
687750
687760
687800
687830
687850
687860
687890
687900
687920
687950
687980
688000
688020
688050
688060
688070
688120
688130
688140
688150
688170
688200
688210
688260
688330
688350
688370
688380
688420
688470
688500
688540
688570
688620
688630
688650
688660
688680
688690
688720
688730
688740
688750
688770
688780
688790
688800
688880
688900
688910
688930
688940
689000
689020
689030
689040
689050
689070
689090
689100
689120
689130
689170
689180
689210
689270
689290
689300
689340
689350
689370
689380
689400
689460
689480
689520
689600
689610
689620
689660
689680
689700
689710
689720
689740
689760
689830
689880
689900
689980
690000
690040
690060
690080
690100
690110
690120
690130
690140
690150
690200
690210
690220
690240
690260
690290
690320
690350
690370
690400
690410
690420
690440
690460
690500
690550
690560
690570
690580
690620
690630
690640
690670
690710
690740
690790
690800
690810
690820
690830
690840
690850
690860
690930
690950
690980
691020
691080
691090
691150
691160
691210
691220
691240
691250
691280
691320
691390
691420
691430
691450
691540
691570
691580
691590
691620
691630
691640
691650
691680
691690
691700
691720
691730
691750
691770
691790
691830
691850
691860
691890
691910
691930
691980
691990
692030
692090
692100
692110
692170
692190
692200
692360
692530
692590
692610
692630
692660
692680
692690
692710
692780
692790
692830
692840
692850
692890
692920
692930
692950
693020
693030
693070
693080
693090
693150
693180
693190
693210
693240
693250
693300
693310
693320
693330
693380
693400
693430
693450
693500
693560
693580
693650
693670
693700
693790
693800
693810
693820
693830
693880
693890
693940
693950
693960
694060
694070
694110
694130
694140
694150
694160
694180
694230
694240
694280
694320
694370
694400
694420
694430
694440
694470
694480
694490
694500
694520
694550
694610
694660
694670
694680
694730
694760
694770
694830
694930
694950
694960
694980
694990
695050
695100
695110
695320
695330
695360
695420
695440
695450
695460
695470
695480
695490
695510
695560
695570
695600
695630
695650
695660
695720
695760
695810
695830
695880
695910
695920
695940
695950
695960
695970
695980
695990
696000
696010
696020
696040
696050
696060
696110
696140
696150
696160
696170
696180
696190
696220
696250
696280
696310
696360
696370
696410
696430
696470
696480
696490
696500
696530
696540
696560
696580
696590
696600
696630
696710
696760
696770
696810
696850
696860
696880
696910
696940
696960
696990
697000
697130
697160
697250
697270
697320
697330
697370
697430
697450
697490
697550
697580
697610
697630
697650
697670
697680
697710
697730
697800
697850
697870
697890
697900
697910
697930
697950
697960
697970
698030
698040
698050
698080
698100
698110
698160
698230
698260
698320
698340
698360
698370
698410
698450
698480
698500
698520
698540
698570
698590
698610
698620
698640
698650
698660
698670
698700
698770
698780
698790
698830
698870
698880
698910
698950
698960
698980
698990
699010
699040
699080
699100
699130
699150
699160
699170
699180
699230
699240
699330
699370
699390
699410
699470
699480
699510
699540
699560
699570
699590
699600
699670
699680
699700
699710
699720
699740
699770
699780
699790
699820
699850
699860
699920
699930
699940
699970
699990
700030
700050
700060
700100
700140
700160
700170
700200
700210
700270
700310
700330
700340
700360
700400
700440
700450
700460
700480
700490
700510
700520
700540
700560
700570
700590
700600
700610
700620
700650
700720
700730
700750
700770
700820
700830
700880
700910
700920
700940
700990
701010
701040
701080
701100
701160
701260
701280
701290
701360
701370
701380
701410
701420
701440
701460
701470
701540
701580
701610
701630
701670
701680
701720
701730
701740
701760
701800
701810
701820
701860
701870
701880
701890
701900
701910
701930
701940
701950
701960
701970
701990
702030
702050
702070
702080
702110
702120
702130
702150
702160
702180
702200
702210
702220
702300
702310
702320
702340
702360
702430
702490
702550
702620
702670
702680
702700
702790
702810
702820
702890
702900
702930
702940
703000
703030
703050
703080
703090
703100
703120
703140
703180
703200
703250
703260
703270
703280
703310
703320
703360
703400
703430
703490
703500
703510
703530
703540
703600
703620
703630
703680
703690
703700
703720
703730
703800
703820
703880
703910
703920
703940
703960
703970
703980
704000
704010
704020
704030
704040
704070
704110
704140
704190
704200
704230
704270
704300
704310
704350
704360
704370
704430
704450
704470
704480
704510
704520
704640
704660
704670
704680
704690
704700
704760
704840
704850
704860
704880
704910
704920
704940
704950
704970
704990
705000
705020
705040
705050
705060
705070
705090
705100
705120
705130
705150
705170
705210
705230
705240
705250
705260
705280
705290
705300
705340
705370
705380
705390
705410
705440
705450
705500
705510
705530
705550
705570
705610
705620
705640
705670
705700
705710
705740
705750
705770
705780
705800
705810
705860
705870
705920
705930
705960
706010
706020
706030
706130
706200
706210
706240
706270
706280
706310
706320
706330
706360
706370
706380
706390
706440
706480
706490
706510
706550
706560
706570
706680
706690
706710
706850
706880
706920
706950
706960
706980
706990
707000
707010
707030
707040
707110
707140
707220
707230
707300
707320
707350
707400
707450
707470
707560
707580
707590
707610
707710
707720
707750
707760
707770
707850
707870
707920
707950
707960
708020
709080
708070
708100
708140
708150
708190
708200
708260
708280
708310
708340
708360
708370
708430
708450
708510
708580
708590
708630
708640
708680
708710
708720
708760
708780
708820
708830
708850
708870
708890
708910
708920
708930
708950
708970
708990
709010
709020
709040
709050
709080
709100
709140
709190
709240
709290
709340
709350
709370
709380
709390
709400
709410
709450
709470
709490
709510
709520
709560
709610
709620
709670
709700
709710
709720
709730
709750
709780
709790
709800
709820
709840
709850
709870
709890
709920
709940
710020
710030
710070
710090
710110
710120
710140
710160
710170
710190
710220
710230
710250
710280
710310
710460
710470
710480
710520
710550
710600
710610
710620
710630
710640
710650
710670
710690
710700
710710
710740
710760
710780
710810
710820
710880
710920
710940
710950
710960
710990
711000
711050
711070
711130
711140
711150
711190
711210
711230
711240
711260
711300
711310
711320
711330
711350
711380
711390
711430
711440
711450
711460
711480
711500
711540
711550
711570
711590
711600
711610
711630
711660
711690
711700
711710
711720
711750
711760
711770
711810
711820
711840
711870
711890
711920
711930
711970
711980
712000
712010
712060
712070
712080
712090
712100
712120
712150
712180
712190
712210
712230
712240
712260
712360
712370
712390
712530
712610
712620
712650
712660
712700
712730
712760
712770
712810
712870
712880
712890
712910
712970
712980
713010
713030
713060
713070
713080
713090
713100
713160
713170
713180
713220
713230
713260
713310
713320
713340
713350
713360
713380
713390
713420
713430
713450
713460
713500
713530
713540
713550
713570
713580
713590
713600
713650
713680
713740
713800
713830
713840
713860
713930
713980
714010
714020
714050
714060
714080
714120
714130
714240
714250
714280
714290
714300
714340
714360
714370
714520
714530
714570
714580
714590
714610
714620
714640
714680
714730
714780
714800
714820
714840
714880
714910
714970
714980
715010
715020
715050
715060
715090
715100
715170
715210
715240
715270
715280
715290
715310
715320
715350
715370
715380
715400
715410
715430
715440
715460
715470
715490
715510
715520
715560
715580
715650
715660
715680
715690
715760
715810
715840
715980
715990
716000
716010
716030
716040
716050
716060
716070
716090
716100
716130
716150
716190
716230
716250
716260
716310
716330
716340
716350
716360
716370
716380
716400
716480
716490
716500
716560
716600
716630
716640
716650
716680
716710
716750
716760
716770
716780
716850
716870
716900
716920
716940
716950
717000
717020
717040
717050
717060
717070
717110
717120
717170
717190
717230
717240
717300
717310
717320
717330
717380
717400
717440
717540
717560
717610
717640
717670
717680
717720
717760
717780
717790
717800
717820
717830
717840
717850
717870
717910
717930
717940
717950
717960
717980
717990
718010
718020
718030
718040
718070
718080
718120
718140
718180
718190
718200
718210
718240
718250
718270
718320
718350
718370
718380
718410
718470
718490
718500
718530
718550
718560
718590
718650
718660
718670
718680
718720
718730
718740
718750
718830
718840
718850
718910
718920
718940
718960
718970
718980
718990
719030
719040
719070
719080
719100
719110
719120
719130
719140
719160
719180
719200
719210
719220
719240
719250
719280
719290
719300
719310
719320
719340
719350
719370
719410
719470
719520
719550
719590
719600
719630
719640
719660
719730
719740
719750
719800
719830
719840
719890
719930
720000
720020
720030
720040
720060
720150
720160
720240
720250
720270
720280
720290
720300
720310
720350
720380
720470
720480
720510
720540
720560
720600
720620
720640
720660
720670
720730
720850
720940
720950
721030
721080
721180
721300
721350
721380
721390
721400
721420
721450
721460
721480
721510
721540
721670
721700
721740
721760
721780
721850
721890
721940
721950
721960
721990
722010
722020
722040
722050
722060
722080
722180
722200
722230
722290
722330
722340
722350
722370
722380
722400
722540
722560
722570
722580
722590
722600
722620
722660
722670
722680
722730
722750
722760
722810
722870
722890
722910
722920
722960
722990
723020
723030
723050
723070
723090
723100
723110
723130
723180
723190
723210
723270
723290
723350
723380
723390
723400
723410
723420
723450
723510
723540
723560
723600
723610
723720
723750
723760
723790
723810
723820
723830
723880
723890
723910
723920
723930
723940
723950
723960
724000
724010
724030
724090
724110
724120
724130
724170
724180
724250
724260
724290
724300
724310
724330
724350
724370
724390
724430
724450
724470
724480
724490
724510
724520
724530
724580
724600
724630
724640
724680
724690
724710
724740
724750
724760
724870
724900
724910
724920
724930
724940
724950
724970
724980
725010
725020
725040
725050
725080
725090
725100
725110
725120
725140
725170
725270
725280
725320
725330
725340
725380
725410
725430
725480
725510
725540
725550
725620
725640
725660
725680
725780
725850
725870
725890
725910
725920
725950
725960
725970
725980
726000
726020
726030
726060
726070
726100
726110
726160
726200
726230
726250
726260
726300
726320
726330
726340
726360
726390
726430
726450
726460
726490
726500
726510
726520
726550
726570
726580
726600
726620
726630
726710
726720
726760
726770
726800
726810
726820
726830
726840
726870
726880
726910
726950
726980
727010
727020
727060
727070
727100
727110
727130
727140
727150
727170
727180
727190
727200
727220
727280
727290
727310
727320
727330
727340
727420
727450
727460
727480
727490
727510
727530
727540
727550
727570
727610
727640
727660
727690
727720
727730
727740
727760
727790
727800
727830
727840
727850
727860
727900
727910
727960
727970
728020
728050
728090
728100
728110
728140
728150
728170
728220
728240
728420
728530
728610
728620
728670
728710
728720
728730
728740
728770
728830
728870
728880
728950
728990
729000
729030
729040
729050
729060
729090
729130
729180
729190
729270
729290
729300
729310
729320
729340
729370
729390
729460
729520
729530
729570
729580
729610
729640
729650
729660
729670
729680
729720
729780
729820
729930
729940
729970
729980
729990
730010
730030
730050
730090
730120
730160
730170
730180
730190
730220
730240
730270
730280
730290
730300
730310
730390
730410
730420
730430
730450
730460
730580
730620
730670
730690
730700
730710
730760
730780
730820
730830
730840
730860
730870
730890
730920
731040
731120
731180
731190
731230
731250
731300
731310
731320
731340
731410
731420
731430
731450
731490
731500
731510
731520
731560
731590
731600
731650
731670
731680
731690
731700
731720
731760
731770
731790
731830
731860
731880
731890
731920
731930
731940
731950
732010
732030
732040
732050
732060
732070
732090
732160
732240
732290
732340
732360
732370
732400
732430
732440
732470
732480
732510
732670
732680
732690
732730
732770
732800
732810
732820
732840
732850
732900
732930
732950
732970
732980
733020
733040
733050
733060
733070
733090
733110
733180
733210
733230
733250
733300
733340
733360
733420
733430
733460
733480
733500
733510
733520
733530
733540
733550
733560
733570
733620
733670
733690
733710
733740
733750
733760
733770
733790
733800
733810
733820
733840
733870
733890
733910
733990
734020
734080
734090
734120
734330
734350
734440
734450
734470
734490
734510
734550
734570
734580
734590
734700
734730
734750
734820
734840
734870
734890
734900
734910
734920
734980
735010
735060
735110
735250
735260
735280
735290
735320
735350
735410
735460
735490
735500
735520
735530
735540
735550
735570
735580
735600
735620
735650
735680
735810
736050
736110
736180
736190
736200
736220
736230
736240
736250
736260
736290
736300
736340
736390
736420
736430
736460
736470
736480
736570
736590
736610
736710
736720
736780
736810
736820
736830
736840
736850
736860
736910
736920
736930
737050
737070
737100
737240
737260
737280
737330
737340
737380
737390
737470
737490
737510
737520
737530
737600
737630
737640
737660
737670
737690
737710
737730
737830
737840
737870
737880
737890
737930
737980
738000
738020
738030
738060
738080
738130
738190
738210
738230
738260
738270
738290
738350
738440
738450
738470
738480
738510
738520
738530
738540
738550
738560
738580
738590
738600
738610
738620
738650
738690
738700
738720
738730
738760
738770
738820
738840
738860
738880
738900
738920
738950
739010
739030
739050
739080
739100
739130
739170
739180
739190
739220
739240
739260
739270
739290
739360
739410
739540
739630
739650
739660
739690
739710
739720
739730
739790
739800
739820
739850
739880
739890
739910
739930
739940
739950
739980
740000
740040
740060
740070
740080
740090
740130
740150
740170
740200
740220
740230
740240
740260
740270
740280
740290
740300
740310
740320
740330
740340
740350
740390
740410
740450
740470
740500
740520
740550
740570
740600
740690
740730
740780
740810
740950
740990
741010
741100
741110
741120
741140
741250
741260
741320
741340
741360
741390
741400
741430
741450
741490
741500
741510
741520
741550
741590
741650
741670
741730
741770
741820
741930
741990
742010
742030
742150
742170
742220
742230
742250
742300
742340
742360
742380
742420
742460
742470
742480
742490
742500
742510
742520
742530
742630
742700
742900
742970
742990
743000
743030
743070
743100
743110
743130
743170
743190
743230
743240
743330
743340
743350
743360
743380
743390
743420
743450
743460
743480
743500
743550
743570
743580
743640
743660
743670
743680
743770
743830
743850
743890
743900
743910
743920
743940
743960
743990
744010
744020
744040
744050
744060
744070
744170
744190
744200
744220
744240
744260
744270
744280
744290
744330
744400
744420
744430
744440
744450
744460
744490
744520
744550
744590
744600
744610
744630
744650
744660
744670
744690
744700
744710
744720
744750
744760
744800
744810
744880
744890
744900
744910
744940
744960
744980
745000
745010
745030
745060
745090
745120
745130
745180
745250
745270
745280
745330
745340
745360
745370
745380
745400
745420
745430
745450
745500
745510
745520
745530
745540
745560
745620
745630
745650
745660
745680
745710
745720
745730
745740
745750
745760
745790
745810
745820
745830
745850
745870
745880
745890
745920
745930
745940
745950
745960
745970
746000
746010
746020
746030
746040
746100
746110
746140
746210
746220
746240
746260
746270
746300
746340
746350
746360
746400
746410
746420
746500
746510
746520
746530
746540
746560
746570
746580
746590
746620
746660
746680
746690
746710
746750
746760
746770
746840
746850
746860
746880
746890
746900
746910
746920
746940
746990
747050
747090
747130
747160
747190
747200
747210
747220
747230
747240
747260
747280
747310
747320
747330
747340
747350
747360
747470
747540
747560
747590
747610
747620
747630
747640
747650
747660
747690
747700
747730
747750
747770
747790
747810
747820
747910
747920
747930
747970
747980
747990
748010
748020
748040
748050
748060
748110
748120
748130
748270
748300
748310
748320
748330
748360
748370
748420
748430
748480
748490
748520
748540
748580
748600
748610
748650
748660
748670
748720
748730
748780
748800
748810
748820
748830
748880
748890
748910
748930
748940
748970
748980
748990
749000
749010
749040
749050
749080
749110
749130
749140
749160
749180
749200
749250
749290
749320
749340
749370
749410
749420
749430
749470
749480
749520
749540
749550
749560
749580
749650
749670
749710
749720
749730
749800
749820
749830
749840
749850
749860
749870
749880
749890
749900
749920
749950
749960
749980
749990
750010
750020
750070
750080
750130
750170
750200
750210
750240
750270
750290
750330
750350
750360
750420
750440
750450
750460
750470
750500
750510
750520
750610
750620
750670
750710
750740
750770
750780
750790
750800
750820
750850
750870
750900
750920
750960
750990
751060
751100
751110
751200
751220
751230
751250
751260
751280
751300
751320
751330
751340
751350
751380
751400
751430
751440
751450
751470
751480
751490
751500
751530
751540
751550
751590
751600
751630
751640
751670
751680
751690
751730
751740
751780
751810
751820
751870
751920
751940
751950
751970
751980
752000
752020
752030
752040
752050
752060
752070
752080
752170
752180
752200
752240
752290
752330
752380
752430
752470
752480
752500
752520
752530
752550
752560
752570
752580
752590
752600
752640
752700
752710
752760
752770
752780
752800
752810
752830
752850
752880
752900
752910
752960
753020
753090
753170
753190
753210
753220
753230
753240
753270
753360
753370
753380
753390
753400
753420
753440
753490
753540
753560
753570
753590
753610
753630
753640
753650
753660
753670
753900
753920
753930
753950
753960
753970
753980
753990
754000
754040
754050
754110
754120
754150
754160
754230
754240
754270
754300
754310
754320
754340
754350
754400
754410
754460
754480
754500
754510
754520
754530
754540
754620
754760
754800
754810
754830
754840
754850
754890
754930
755080
755130
755140
755150
755220
755230
755240
755250
755340
755350
755390
755410
755420
755450
755470
755490
755500
755520
755530
755550
755560
755570
755580
755590
755600
755610
755630
755640
755670
755760
755800
755820
755830
755850
755920
755950
755980
756020
756040
756090
756100
756150
756170
756190
756200
756210
756220
756230
756240
756260
756290
756300
756320
756340
756350
756360
756380
756420
756490
756500
756520
756530
756560
756590
756600
756630
756640
756650
756680
756700
756740
756790
756800
756810
756840
756860
756880
756890
756980
757030
757040
757050
757060
757080
757100
757170
757180
757190
757200
757210
757230
757240
757290
757300
757310
757320
757330
757380
757400
757420
757430
757440
757450
757470
757480
757490
757500
757530
757540
757550
757580
757590
757600
757630
757670
757690
757700
757730
757780
757810
757820
757850
757860
757870
757900
757910
757940
757990
758010
758020
758030
758050
758070
758080
758090
758100
758120
758140
758150
758170
758190
758210
758220
758270
758280
758320
758330
758370
758400
758410
758430
758470
758480
758500
758530
758560
758570
758580
758590
758600
758610
758620
758630
758640
758650
758660
758680
758690
758730
758790
758840
758850
758870
758880
758920
758930
758980
758990
759000
759030
759040
759080
759160
759180
759260
759440
759540
759570
759610
759640
759650
759740
759750
759830
759840
759850
759860
759870
759900
759920
759940
759950
759980
760000
760010
760030
760050
760060
760120
760160
760220
760240
760250
760320
760330
760350
760360
760390
760410
760460
760490
760510
760530
760550
760560
760580
760630
760640
760650
760660
760680
760690
760800
760810
760860
760890
760900
760920
760930
760950
760960
760980
760990
761000
761010
761020
761030
761040
761060
761070
761090
761100
761110
761130
761140
761150
761170
761180
761190
761220
761280
761290
761300
761320
761350
761440
761450
761460
761480
761570
761600
761620
761630
761640
761660
761670
761700
761720
761730
761760
761770
761790
761830
761880
761890
761910
761920
761930
762000
762010
762030
762080
762100
762110
762120
762130
762150
762180
762190
762220
762240
762250
762270
762360
762370
762380
762480
762490
762500
762520
762540
762560
762590
762610
762630
762650
762670
762680
762780
762830
762840
762850
762860
762870
762900
762930
762940
762950
762980
763000
763010
763030
763050
763070
763090
763100
763180
763200
763210
763220
763230
763250
763290
763300
763310
763320
763340
763350
763380
763400
763410
763430
763490
763520
763550
763570
763610
763630
763650
763680
763710
763730
763740
763750
763790
763810
763870
763890
763910
763930
763950
763990
764010
764030
764050
764090
764110
764180
764230
764240
764280
764300
764370
764390
764410
764420
764430
764470
764490
764500
764510
764540
764550
764560
764570
764580
764590
764630
764670
764710
764720
764740
764780
764790
764830
764870
764880
764890
764920
764930
764990
765010
765030
765040
765060
765090
765100
765140
765160
765170
765180
765210
765230
765240
765250
765260
765320
765350
765360
765370
765380
765400
765410
765450
765460
765470
765480
765490
765510
765520
765530
765570
765590
765610
765620
765630
765640
765650
765690
765700
765710
765730
765770
765780
765790
765810
765870
765880
765940
765950
766000
766010
766040
766060
766070
766090
766150
766210
766250
766280
766320
766420
766430
766460
766500
766560
766570
766600
766620
766630
766650
766680
766700
766730
766740
766780
766850
766900
766910
766930
766940
766990
767000
767010
767020
767030
767050
767100
767110
767130
767170
767200
767300
767310
767320
767330
767360
767390
767400
767410
767420
767460
767470
767490
767500
767550
767560
767590
767680
767690
767800
767840
767860
767870
767910
767930
767970
767980
768020
768060
768090
768110
768130
768170
768180
768200
768270
768290
768300
768310
768450
768460
768480
768520
768540
768550
768570
768580
768590
768630
768640
768750
768770
768800
768820
768840
768880
768900
768990
769020
769030
769060
769080
769110
769150
769160
769170
769190
769200
769220
769230
769320
769340
769360
769370
769390
769410
769420
769480
769520
769540
769550
769560
769580
769590
769600
769630
769640
769680
769690
769730
769840
769910
769920
769930
769940
769950
769970
769980
770010
770020
770040
770050
770070
770080
770090
770100
770110
770120
770160
770200
770270
770350
770360
770370
770380
770390
770400
770410
770460
770490
770500
770520
770560
770600
770630
770660
770760
770790
770810
770820
770830
770850
770860
770870
770880
770890
770900
770920
771010
771060
771070
771100
771120
771130
771170
771180
771190
771240
771250
771310
771320
771340
771350
771370
771380
771400
771410
771420
771430
771450
771470
771500
771530
771540
771560
771570
771670
771680
771690
771700
771710
771770
771800
771810
771820
771860
771870
771920
771950
771970
772060
772070
772080
772090
772100
772110
772160
772180
772200
772210
772220
772230
772240
772260
772270
772290
772300
772320
772340
772360
772410
772420
772430
772440
772450
772460
772470
772480
772500
772570
772590
772600
772610
772650
772670
772680
772700
772710
772730
772750
772940
772980
772990
773010
773090
773120
773130
773150
773180
773190
773230
773330
773360
773370
773380
773390
773420
773430
773440
773460
773490
773510
773520
773530
773540
773570
773580
773590
773610
773630
773640
773650
773660
773670
773710
773740
773790
773810
773830
773840
773850
773870
773910
773930
773951
774051
774091
774121
774131
774141
774151
774161
774171
774181
774191
774201
774221
774241
774261
774281
774291
774321
774331
774351
774361
774401
774411
774421
774441
774451
774461
774471
774501
774511
774531
774541
774551
774561
774651
774661
774791
774801
774811
774861
774891
774901
774911
775200
775270
775310
775430
775460
775490
775500
775520
775530
775570
775580
775590
775620
775690
775720
775730
775760
775790
775830
775850
775860
775900
775910
775940
775960
775990
776000
776020
776040
776050
776100
776140
776150
776160
776170
776190
776210
776270
776280
776290
776320
776340
776360
776380
776390
776410
776440
776450
776490
776510
776540
776550
776580
776590
776600
776660
776670
776720
776740
776780
776790
776820
776830
776880
776890
776930
776960
776970
777000
777020
777040
777050
777130
777140
777150
777160
777170
777200
777210
777220
777240
777250
777270
777300
777310
777340
777350
777360
777380
777390
777410
777430
777460
777470
777530
777540
777550
777560
777580
777590
777610
777620
777650
777670
777730
777760
777770
777790
777820
777850
777860
777880
778000
778010
778030
778050
778070
778080
778110
778120
778140
778150
778230
778240
778250
778260
778270
778330
778340
778360
778370
778390
778400
778410
778440
778460
778470
778500
778510
778540
778550
778570
778580
778590
778600
778610
778620
778630
778640
778650
778700
778760
778770
778780
778800
778810
778840
778850
778860
778870
778930
778960
778980
779000
779050
779060
779070
779090
779100
779110
779130
779140
779150
779160
779170
779220
779240
779250
779290
779300
779320
779330
779340
779360
779380
779390
779430
779450
779500
779550
779560
779570
779580
779590
779640
779650
779700
779730
779780
779790
779800
779840
779870
779920
779950
779990
780000
780020
780030
780080
780120
780130
780150
780160
780190
780210
780230
780260
780270
780280
780290
780310
780320
780350
780370
780390
780400
780430
780500
780520
780570
780580
780630
780670
780700
780710
780720
780740
780750
780760
780800
780820
780840
780850
780930
780970
