2811860
2811910
2811940
2811960
2812020
2812040
2812050
2812100
2812110
2812120
2812170
2812180
2812190
2812230
2812240
2812380
2812420
2812430
2812440
2812450
2812480
2812490
2812520
2812530
2812540
2812610
2812650
2812670
2812680
2812720
2812750
2812780
2812800
2812820
2812850
2812890
2812900
2812910
2812920
2812980
2813120
2813220
2813240
2813250
2813290
2813320
2813330
2813340
2813380
2813430
2813440
2813460
2813480
2813510
2813560
2813590
2813690
2813710
2813720
2813730
2813740
2813750
2813760
2813890
2813900
2813970
2813980
2813990
2814000
2814010
2814040
2814060
2814080
2814090
2814180
2814200
2814230
2814260
2814270
2814280
2814340
2814360
2814370
2814400
2814520
2814540
2814560
2814570
2814610
2814640
2814660
2814680
2814720
2814760
2814790
2814810
2814860
2814880
2814910
2814920
2814930
2814940
2814950
2814990
2815000
2815020
2815030
2815040
2815060
2815070
2815080
2815100
2815110
2815150
2815180
2815210
2815260
2815360
2815370
2815390
2815460
2815470
2815500
2815530
2815560
2815570
2815580
2815590
2815600
2815610
2815670
2815680
2815690
2815700
2815710
2815740
2815750
2815760
2815770
2815800
2815810
2815830
2815840
2815910
2815960
2816100
2816140
2816210
2816260
2816270
2816280
2816390
2816400
2816410
2816420
2816460
2816470
2816490
2816500
2816510
2816520
2816530
2816550
2816570
2816580
2816590
2816600
2816630
2816710
2816720
2816730
2816740
2816750
2816760
2816810
2816830
2816870
2816890
2816920
2816940
2816950
2817020
2817030
2817050
2817070
2817110
2817140
2817180
2817190
2817200
2817210
2817240
2817270
2817390
2817420
2817450
2817480
2817500
2817520
2817530
2817550
2817580
2817600
2817610
2817620
2817640
2817690
2817760
2817780
2817850
2817910
2817920
2817930
2817950
2817960
2817970
2818010
2818020
2818060
2818080
2818090
2818120
2818130
2818150
2818160
2818210
2818260
2818300
2818340
2818380
2818390
2818410
2818420
2818440
2818450
2818480
2818500
2818510
2818520
2818530
2818560
2818590
2818600
2818620
2818630
2818640
2818660
2818670
2818680
2818690
2818730
2818780
2818800
2818830
2818860
2818870
2818890
2818900
2818920
2818950
2818980
2819030
2819070
2819110
2819120
2819140
2819160
2819170
2819180
2819190
2819210
2819220
2819290
2819300
2819330
2819400
2819410
2819430
2819470
2819510
2819520
2819540
2819600
2819610
2819630
2819730
2819750
2819780
2819830
2819840
2819870
2819880
2819920
2819940
2819950
2819970
2820000
2820010
2820020
2820030
2820060
2820080
2820100
2820110
2820130
2820140
2820160
2820190
2820200
2820220
2820250
2820270
2820280
2820310
2820390
2820400
2820440
2820450
2820580
2820590
2820600
2820610
2820630
2820650
2820680
2820700
2820710
2820730
2820750
2820760
2820770
2820780
2820790
2820800
2820820
2820840
2820850
2820880
2820890
2820910
2820940
2820960
2821010
2821020
2821040
2821100
2821110
2821120
2821140
2821220
2821230
2821240
2821250
2821290
2821320
2821350
2821360
2821380
2821400
2821440
2821450
2821510
2821610
2821620
2821630
2821640
2821680
2821700
2821720
2821740
2821750
2821760
2821770
2821800
2821810
2821830
2821850
2821860
2821870
2821880
2821890
2821910
2821930
2821970
2822010
2822030
2822040
2822080
2822100
2822110
2822210
2822270
2822300
2822310
2822320
2822330
2822360
2822370
2822380
2822390
2822400
2822460
2822570
2822600
2822620
2822630
2822640
2822650
2822660
2822670
2822680
2822690
2822720
2822740
2822770
2822780
2822890
2822910
2822950
2822960
2822970
2822980
2823000
2823020
2823070
2823080
2823090
2823120
2823130
2823140
2823160
2823200
2823240
2823250
2823260
2823280
2823300
2823310
2823320
2823350
2823380
2823400
2823420
2823460
2823480
2823560
2823570
2823600
2823630
2823650
2823660
2823690
2823700
2823720
2823730
2823760
2823790
2823810
2823820
2823840
2823860
2823890
2823900
2823920
2824000
2824010
2824020
2824030
2824080
2824100
2824110
2824140
2824160
2824170
2824200
2824210
2824230
2824250
2824310
2824320
2824340
2824360
2824380
2824400
2824410
2824470
2824480
2824490
2824500
2824520
2824560
2824570
2824580
2824610
2824620
2824630
2824660
2824670
2824700
2824710
2824720
2824730
2824740
2824750
2824760
2824770
2824780
2824790
2824800
2824810
2824840
2824850
2824860
2824880
2824890
2824910
2824930
2824960
2824970
2824990
2825000
2825010
2825030
2825070
2825080
2825090
2825110
2825130
2825150
2825180
2825210
2825250
2825270
2825300
2825310
2825330
2825350
2825360
2825380
2825390
2825400
2825410
2825430
2825510
2825520
2825530
2825560
2825570
2825600
2825640
2825650
2825730
2825740
2825750
2825780
2825860
2825870
2825880
2825910
2826070
2826100
2826110
2826120
2826140
2826150
2826160
2826180
2826220
2826250
2826260
2826400
2826410
2826430
2826460
2826510
2826540
2826570
2826590
2826610
2826650
2826660
2826670
2826690
2826700
2826710
2826730
2826770
2826790
2826800
2826850
2826860
2826890
2826910
2826920
2826940
2826970
2827010
2827080
2827170
2827180
2827190
2827200
2827210
2827230
2827240
2827280
2827310
2827350
2827390
2827400
2827450
2827460
2827470
2827480
2827490
2827500
2827520
2827530
2827560
2827570
2827580
2827610
2827680
2827690
2827710
2827720
2827750
2827780
2827810
2827820
2827860
2827880
2827910
2827920
2827930
2827950
2827960
2827970
2828020
2828060
2828100
2828150
2828170
2828210
2828230
2828260
2828270
2828290
2828300
2828320
2828340
2828410
2828420
2828490
2828540
2828590
2828610
2828620
2828650
2828660
2828710
2828740
2828750
2828770
2828800
2828820
2828850
2828860
2828890
2828920
2828930
2828940
2828960
2829020
2829040
2829060
2829070
2829110
2829140
2829160
2829210
2829240
2829270
2829290
2829300
2829320
2829330
2829360
2829370
2829420
2829430
2829450
2829470
2829480
2829500
2829510
2829600
2829630
2829660
2829700
2829740
2829750
2829790
2829820
2829830
2829870
2829880
2829890
2829910
2830010
2830030
2830040
2830060
2830070
2830080
2830090
2830100
2830150
2830200
2830250
2830320
2830330
2830430
2830440
2830480
2830530
2830540
2830670
2830680
2830690
2830700
2830720
2830730
2830750
2830760
2830770
2830850
2830870
2830910
2830930
2830940
2830960
2830980
2831000
2831030
2831060
2831070
2831170
2831200
2831240
2831270
2831320
2831340
2831540
2831550
2831560
2831570
2831590
2831600
2831610
2831700
2831730
2831750
2831870
2831900
2831910
2832000
2832020
2832040
2832060
2832070
2832110
2832130
2832150
2832160
2832170
2832180
2832220
2832230
2832270
2832280
2832300
2832310
2832320
2832330
2832340
2832360
2832370
2832380
2832390
2832400
2832430
2832450
2832490
2832510
2832530
2832560
2832580
2832620
2832630
2832640
2832650
2832680
2832720
2832730
2832750
2832770
2832780
2832790
2832810
2832820
2832900
2833120
2833170
2833320
2833360
2833380
2833390
2833420
2833430
2833440
2833470
2833480
2833580
2833590
2833610
2833620
2833640
2833680
2833810
2833820
2833830
2833840
2833860
2833880
2833900
2833910
2833920
2833930
2833960
2833980
2834000
2834040
2834060
2834070
2834110
2834180
2834220
2834250
2834260
2834280
2834310
2834320
2834330
2834340
2834370
2834400
2834430
2834470
2834490
2834520
2834570
2834580
2834600
2834620
2834630
2834670
2834680
2834690
2834700
2834780
2834790
2834820
2834830
2834860
2834880
2834890
2834910
2834930
2834950
2834990
2835020
2835030
2835040
2835060
2835070
2835080
2835110
2835130
2835140
2835180
2835190
2835210
2835240
2835250
2835300
2835310
2835350
2835370
2835380
2835390
2835410
2835430
2835460
2835480
2835490
2835500
2835530
2835540
2835570
2835580
2835590
2835610
2835620
2835650
2835670
2835690
2835720
2835730
2835750
2835760
2835780
2835790
2835890
2835910
2835920
2835950
2835960
2835970
2835980
2836000
2836010
2836040
2836060
2836070
2836080
2836090
2836100
2836120
2836160
2836180
2836200
2836230
2836250
2836270
2836290
2836300
2836310
2836330
2836340
2836440
2836450
2836460
2836470
2836490
2836500
2836510
2836530
2836550
2836580
2836600
2836620
2836630
2836660
2836680
2836730
2836740
2836750
2836760
2836810
2836820
2836830
2836860
2836910
2836960
2836990
2837050
2837070
2837080
2837140
2837160
2837190
2837210
2837240
2837280
2837300
2837310
2837320
2837330
2837340
2837350
2837360
2837370
2837420
2837460
2837470
2837490
2837520
2837540
2837570
2837580
2837590
2837600
2837640
2837680
2837700
2837710
2837720
2837740
2837750
2837760
2837780
2837790
2837810
2837870
2837880
2837890
2837920
2837930
2837950
2837960
2837980
2838010
2838030
2838040
2838090
2838100
2838160
2838180
2838200
2838220
2838360
2838370
2838380
2838400
2838410
2838420
2838430
2838450
2838460
2838470
2838490
2838500
2838510
2838520
2838550
2838580
2838600
2838620
2838720
2838790
2838800
2838810
2838850
2838890
2838900
2838910
2838930
2838940
2838950
2838960
2838970
2838990
2839000
2839020
2839040
2839050
2839090
2839120
2839160
2839180
2839190
2839210
2839230
2839250
2839280
2839290
2839310
2839320
2839350
2839360
2839370
2839420
2839430
2839440
2839450
2839460
2839480
2839500
2839520
2839550
2839600
2839640
2839670
2839710
2839720
2839750
2839790
2839940
2840000
2840020
2840110
2840120
2840140
2840180
2840190
2840210
2840230
2840240
2840250
2840270
2840280
2840310
2840320
2840330
2840340
2840370
2840380
2840440
2840460
2840470
2840480
2840530
2840540
2840580
2840590
2840620
2840640
2840690
2840730
2840740
2840770
2840790
2840800
2840820
2840860
2840880
2840890
2840900
2840910
2840920
2840960
2840990
2841000
2841010
2841050
2841060
2841070
2841110
2841130
2841150
2841160
2841200
2841300
2841310
2841320
2841360
2841370
2841390
2841470
2841490
2841500
2841510
2841530
2841580
2841590
2841600
2841610
2841650
2841710
2841720
2841730
2841740
2841750
2841760
2841770
2841780
2841800
2841830
2841950
2841960
2841990
2842010
2842020
2842030
2842040
2842050
2842070
2842090
2842100
2842120
2842150
2842200
2842210
2842250
2842260
2842360
2842410
2842420
2842430
2842460
2842490
2842500
2842510
2842520
2842530
2842540
2842570
2842580
2842590
2842600
2842670
2842680
2842690
2842710
2842720
2842740
2842750
2842790
2842800
2842850
2842860
2842870
2842880
2842910
2842960
2842970
2843030
2843050
2843080
2843090
2843100
2843110
2843130
2843140
2843170
2843190
2843200
2843240
2843270
2843310
2843340
2843350
2843410
2843520
2843530
2843540
2843550
2843590
2843600
2843630
2843640
2843650
2843660
2843680
2843700
2843710
2843720
2843750
2843780
2843800
2843810
2843820
2843830
2843920
2843970
2843980
2844240
2844250
2844290
2844300
2844310
2844320
2844340
2844350
2844360
2844400
2844430
2844440
2844450
2844460
2844470
2844500
2844510
2844520
2844530
2844580
2844620
2844650
2844660
2844690
2844700
2844710
2844730
2844810
2844820
2844850
2844870
2844880
2844910
2844940
2844950
2844980
2844990
2845070
2845080
2845090
2845100
2845110
2845120
2845130
2845140
2845150
2845160
2845190
2845210
2845220
2845250
2845260
2845270
2845300
2845310
2845320
2845350
2845360
2845370
2845380
2845400
2845430
2845450
2845460
2845480
2845510
2845520
2845560
2845570
2845580
2845600
2845610
2845620
2845630
2845660
2845720
2845740
2845760
2845770
2845780
2845790
2845820
2845830
2845840
2845930
2845940
2845990
2846000
2846040
2846050
2846060
2846070
2846100
2846110
2846150
2846160
2846200
2846210
2846220
2846260
2846290
2846300
2846320
2846340
2846350
2846370
2846380
2846390
2846400
2846430
2846440
2846460
2846470
2846500
2846510
2846520
2846530
2846550
2846580
2846590
2846640
2846660
2846680
2846690
2846730
2846740
2846770
2846790
2846800
2846810
2846840
2846850
2846860
2846870
2846920
2846930
2846970
2846980
2846990
2847000
2847020
2847030
2847110
2847210
2847220
2847240
2847250
2847270
2847280
2847290
2847310
2847340
2847360
2847380
2847390
2847400
2847420
2847430
2847440
2847470
2847500
2847510
2847580
2847590
2847600
2847620
2847640
2847740
2847780
2847800
2847820
2847830
2847850
2847880
2847940
2847970
2847980
2848000
2848020
2848050
2848070
2848080
2848100
2848120
2848140
2848150
2848160
2848190
2848220
2848230
2848260
2848300
2848310
2848360
2848390
2848420
2848430
2848440
2848450
2848460
2848470
2848500
2848510
2848550
2848560
2848570
2848580
2848590
2848610
2848660
2848680
2848700
2848740
2848750
2848760
2848800
2848810
2848850
2848880
2848890
2848900
2848910
2848950
2848970
2849000
2849010
2849050
2849070
2849080
2849130
2849170
2849180
2849190
2849230
2849290
2849370
2849380
2849430
2849470
2849490
2849500
2849530
2849610
2849650
2849680
2849690
2849700
2849730
2849740
2849750
2849760
2849780
2849820
2849840
2849850
2849870
2849910
2849930
2849950
2849960
2849970
2849990
2850000
2850100
2850110
2850120
2850150
2850170
2850190
2850200
2850220
2850240
2850260
2850270
2850280
2850290
2850300
2850310
2850330
2850350
2850380
2850410
2850420
2850430
2850460
2850490
2850520
2850530
2850540
2850560
2850600
2850620
2850630
2850640
2850650
2850660
2850680
2850690
2850720
2850730
2850740
2850750
2850760
2850810
2850820
2850830
2850840
2850850
2850860
2850890
2850900
2850910
2850920
2850930
2850940
2850950
2850960
2850970
2851020
2851040
2851050
2851110
2851120
2851130
2851150
2851170
2851180
2851190
2851220
2851240
2851260
2851270
2851290
2851300
2851340
2851420
2851450
2851520
2851550
2851620
2851630
2851640
2851650
2851660
2851690
2851700
2851710
2851730
2851770
2851800
2851810
2852100
2852120
2852130
2852140
2852150
2852190
2852200
2852210
2852260
2852320
2852350
2852390
2852400
2852440
2852470
2852480
2852490
2852500
2852560
2852590
2852620
2852640
2852650
2852690
2852700
2852750
2852760
2852850
2852870
2852910
2852930
2852950
2852970
2852980
2853050
2853060
2853130
2853160
2853170
2853180
2853220
2853240
2853250
2853260
2853270
2853280
2853290
2853300
2853400
2853410
2853430
2853460
2853540
2853590
2853610
2853640
2853700
2853710
2853730
2853760
2853790
2853810
2853830
2853840
2853870
2853890
2854030
2854050
2854060
2854070
2854130
2854140
2854150
2854170
2854200
2854210
2854220
2854250
2854260
2854270
2854290
2854310
2854340
2854350
2854360
2854370
2854400
2854440
2854480
2854500
2854510
2854520
2854560
2854600
2854610
2854620
2854640
2854670
2854690
2854700
2854710
2854740
2854770
2854780
2854790
2854800
2854850
2854980
2854990
2855010
2855020
2855070
2855090
2855180
2855190
2855280
2855360
2855390
2855450
2855480
2855500
2855510
2855580
2855590
2855600
2855660
2855700
2855710
2855740
2855750
2855760
2855770
2855780
2855790
2855800
2855820
2855830
2855850
2855860
2855870
2855940
2855990
2856030
2856040
2856050
2856090
2856100
2856210
2856230
2856290
2856310
2856370
2856400
2856410
2856420
2856430
2856440
2856450
2856480
2856490
2856530
2856560
2856570
2856580
2856590
2856600
2856640
2856670
2856750
2856770
2856810
2856870
2856880
2856930
2856980
2856990
2857000
2857050
2857070
2857090
2857160
2857170
2857180
2857240
2857250
2857350
2857380
2857400
2857420
2857510
2857560
2857580
2857610
2857670
2857680
2857690
2857700
2857730
2857750
2857760
2857780
2857810
2857840
2857880
2857900
2857910
2857940
2857980
2857990
2858000
2858020
2858050
2858060
2858110
2858120
2858130
2858140
2858150
2858180
2858190
2858220
2858270
2858320
2858340
2858360
2858370
2858380
2858390
2858400
2858410
2858420
2858430
2858500
2858750
2858760
2858780
2858790
2858810
2858820
2858830
2858840
2858850
2858860
2858880
2858910
2858920
2858930
2858960
2858970
2859060
2859080
2859090
2859100
2859130
2859190
2859200
2859220
2859230
2859240
2859250
2859270
2859300
2859330
2859350
2859360
2859370
2859420
2859450
2859470
2859490
2859510
2859520
2859530
2859540
2859560
2859570
2859600
2859670
2859730
2859750
2859780
2859800
2859810
2859820
2859860
2859870
2859880
2859890
2859920
2859940
2859970
2860010
2860020
2860040
2860070
2860090
2860130
2860150
2860170
2860190
2860230
2860240
2860250
2860260
2860270
2860280
2860290
2860300
2860330
2860370
2860380
2860390
2860400
2860410
2860420
2860440
2860450
2860460
2860510
2860580
2860620
2860660
2860670
2860780
2860800
2860810
2860850
2860870
2860920
2860950
2860970
2860990
2861000
2861020
2861030
2861050
2861060
2861070
2861080
2861090
2861120
2861150
2861170
2861210
2861260
2861270
2861280
2861290
2861360
2861390
2861400
2861480
2861560
2861570
2861590
2861610
2861620
2861630
2861660
2861730
2861740
2861750
2861860
2861880
2861950
2862020
2862030
2862040
2862050
2862060
2862070
2862120
2862140
2862160
2862210
2862240
2862280
2862290
2862350
2862360
2862370
2862390
2862400
2862440
2862450
2862460
2862470
2862500
2862540
2862560
2862590
2862610
2862620
2862660
2862670
2862680
2862700
2862710
2862730
2862770
2862820
2862850
2862860
2862890
2862960
2862970
2862990
2863000
2863020
2863040
2863050
2863070
2863090
2863160
2863240
2863290
2863300
2863320
2863330
2863340
2863350
2863420
2863530
2863590
2863640
2863670
2863680
2863690
2863710
2863770
2863780
2863790
2863800
2863810
2863820
2863830
2863840
2863870
2863880
2863980
2864000
2864050
2864070
2864100
2864110
2864200
2864210
2864220
2864230
2864270
2864290
2864300
2864310
2864320
2864340
2864350
2864360
2864370
2864390
2864400
2864420
2864450
2864500
2864510
2864560
2864590
2864600
2864660
2864680
2864720
2864750
2864780
2864800
2864810
2864830
2864850
2864860
2864880
2864890
2865060
2865070
2865130
2865140
2865160
2865190
2865200
2865220
2865230
2865260
2865300
2865330
2865350
2865360
2865380
2865400
2865430
2865440
2865450
2865490
2865500
2865520
2865540
2865580
2865590
2865610
2865640
2865660
2865670
2865680
2865720
2865750
2865790
2865800
2865810
2865830
2865840
2865850
2865870
2865890
2865900
2865910
2865920
2865930
2866000
2866030
2866120
2866130
2866220
2866240
2866250
2866260
2866270
2866290
2866330
2866360
2866410
2866420
2866430
2866440
2866470
2866530
2866550
2866560
2866580
2866600
2866640
2866670
2866690
2866700
2866710
2866730
2866750
2866780
2866800
2866830
2866840
2866850
2866870
2866880
2866900
2866910
2866950
2866960
2866980
2867000
2867140
2867150
2867190
2867200
2867220
2867230
2867250
2867310
2867340
2867360
2867370
2867380
2867420
2867440
2867450
2867460
2867470
2867510
2867610
2867700
2867800
2867840
2867890
2867910
2867970
2867980
2868030
2868060
2868070
2868080
2868100
2868110
2868210
2868240
2868260
2868270
2868380
2868400
2868430
2868490
2868520
2868530
2868550
2868580
2868590
2868600
2868720
2868740
2868760
2868790
2868800
2868820
2868840
2868860
2868920
2868950
2868980
2869000
2869020
2869030
2869050
2869320
2869330
2869340
2869350
2869470
2869480
2869500
2869510
2869560
2869570
2869590
2869600
2869610
2869690
2869750
2869760
2869770
2869800
2869850
2869860
2869900
2869950
2869960
2869990
2870000
2870010
2870030
2870070
2870080
2870110
2870120
2870130
2870150
2870160
2870170
2870200
2870210
2870220
2870250
2870280
2870290
2870310
2870330
2870340
2870350
2870380
2870390
2870400
2870410
2870420
2870430
2870510
2870530
2870550
2870560
2870570
2870580
2870600
2870610
2870620
2870630
2870650
2870660
2870670
2870700
2870710
2870750
2870760
2870770
2870810
2870840
2870900
2870910
2870920
2870940
2870950
2870970
2871010
2871030
2871040
2871070
2871080
2871090
2871130
2871140
2871150
2871180
2871290
2871350
2871370
2871390
2871440
2871470
2871480
2871490
2871500
2871520
2871540
2871570
2871580
2871590
2871640
2871650
2871700
2871720
2871740
2871820
2871840
2871860
2871870
2871890
2871930
2871940
2871950
2871960
2871970
2871980
2871990
2872000
2872040
2872090
2872100
2872110
2872120
2872210
2872240
2872270
2872280
2872300
2872510
2872520
2872570
2872580
2872590
2872600
2872630
2872640
2872700
2872720
2872730
2872750
2872760
2872770
2872780
2872800
2872810
2872830
2872840
2872850
2872870
2872890
2872910
2872930
2872990
2873010
2873040
2873060
2873070
2873080
2873090
2873100
2873110
2873130
2873170
2873180
2873190
2873270
2873290
2873300
2873370
2873380
2873410
2873430
2873440
2873490
2873540
2873610
2873620
2873640
2873650
2873660
2873690
2873720
2873740
2873750
2873760
2873800
2873810
2873860
2873870
2873900
2873990
2874010
2874070
2874090
2874120
2874130
2874200
2874210
2874220
2874250
2874280
2874290
2874300
2874310
2874340
2874350
2874360
2874380
2874420
2874440
2874470
2874490
2874500
2874540
2874550
2874560
2874570
2874590
2874610
2874640
2874660
2874670
2874710
2874740
2874780
2874860
2874870
2874880
2874890
2874900
2874970
2874980
2875000
2875030
2875050
2875090
2875100
2875120
2875140
2875150
2875160
2875180
2875190
2875240
2875260
2875270
2875280
2875300
2875320
2875340
2875350
2875370
2875400
2875410
2875430
2875440
2875480
2875490
2875500
2875510
2875530
2875540
2875570
2875580
2875610
2875630
2875640
2875650
2875670
2875740
2875780
2875790
2875800
2875810
2875820
2875870
2875900
2875910
2875920
2875960
2875980
2875990
2876020
2876030
2876050
2876060
2876070
2876080
2876090
2876100
2876110
2876130
2876140
2876150
2876160
2876200
2876240
2876250
2876280
2876290
2876340
2876350
2876360
2876370
2876380
2876390
2876430
2876440
2876470
2876480
2876510
2876550
2876570
2876600
2876610
2876640
2876680
2876700
2876710
2876720
2876750
2876770
2876790
2876800
2876860
2876880
2876900
2876910
2876920
2876950
2876960
2876970
2876980
2877010
2877020
2877030
2877090
2877110
2877120
2877140
2877150
2877170
2877190
2877240
2877260
2877280
2877300
2877340
2877420
2877470
2877480
2877500
2877540
2877550
2877560
2877570
2877590
2877640
2877660
2877680
2877720
2877770
2877790
2877800
2877850
2877860
2877870
2877880
2877890
2877940
2877950
2878000
2878020
2878030
2878050
2878060
2878100
2878110
2878120
2878140
2878170
2878180
2878200
2878220
2878230
2878260
2878270
2878280
2878310
2878320
2878330
2878340
2878350
2878360
2878390
2878400
2878410
2878420
2878450
2878520
2878580
2878600
2878630
2878640
2878650
2878670
2878680
2878690
2878710
2878720
2878730
2878760
2878770
2878800
2878840
2878890
2878930
2878960
2878980
2878990
2879000
2879020
2879030
2879040
2879050
2879070
2879080
2879090
2879120
2879180
2879200
2879210
2879280
2879300
2879310
2879320
2879340
2879350
2879360
2879440
2879470
2879480
2879490
2879520
2879550
2879570
2879580
2879590
2879610
2879630
2879640
2879670
2879710
2879750
2879770
2879790
2879800
2879810
2879840
2879870
2879970
2879980
2879990
2880010
2880070
2880080
2880120
2880130
2880170
2880180
2880210
2880220
2880240
2880270
2880300
2880310
2880450
2880460
2880480
2880500
2880530
2880600
2880630
2880640
2880650
2880730
2880750
2880760
2880780
2880820
2880830
2880840
2880850
2880860
2880960
2880970
2880980
2880990
2881020
2881080
2881090
2881160
2881170
2881220
2881230
2881250
2881260
2881270
2881280
2881360
2881370
2881430
2881520
2881590
2881600
2881610
2881620
2881630
2881650
2881660
2881670
2881720
2881750
2881760
2881770
2881780
2881800
2881810
2881830
2881860
2881870
2881900
2881930
2881970
2882040
2882050
2882080
2882220
2882260
2882280
2882290
2882310
2882340
2882350
2882360
2882380
2882410
2882440
2882450
2882460
2882470
2882490
2882520
2882560
2882570
2882580
2882590
2882600
2882610
2882620
2882640
2882650
2882690
2882710
2882720
2882790
2882820
2882830
2882840
2882860
2882870
2882910
2882930
2882950
2882960
2882980
2882990
2883020
2883030
2883040
2883050
2883070
2883130
2883180
2883210
2883220
2883250
2883280
2883370
2883380
2883390
2883400
2883410
2883420
2883430
2883480
2883490
2883510
2883520
2883530
2883560
2883610
2883620
2883630
2883650
2883660
2883670
2883690
2883700
2883710
2883720
2883730
2883740
2883750
2883800
2883890
2883900
2883970
2883990
2884010
2884020
2884030
2884070
2884080
2884150
2884170
2884190
2884210
2884260
2884270
2884280
2884290
2884480
2884490
2884510
2884520
2884530
2884540
2884590
2884600
2884640
2884650
2884670
2884690
2884700
2884720
2884740
2884750
2884760
2884780
2884840
2884970
2885060
2885190
2885230
2885290
2885330
2885350
2885380
2885400
2885450
2885470
2885480
2885510
2885530
2885570
2885580
2885610
2885620
2885630
2885640
2885690
2885700
2885710
2885810
2885830
2885870
2885880
2885890
2885960
2885990
2886060
2886080
2886090
2886100
2886110
2886120
2886150
2886220
2886240
2886280
2886300
2886310
2886320
2886330
2886340
2886380
2886390
2886420
2886440
2886450
2886470
2886480
2886490
2886500
2886540
2886550
2886580
2886590
2886610
2886620
2886630
2886660
2886690
2886700
2886720
2886740
2886750
2886760
2886810
2886850
2886860
2886880
2886920
2886930
2886950
2886970
2886990
2887070
2887080
2887100
2887130
2887180
2887230
2887240
2887260
2887290
2887320
2887350
2887360
2887370
2887400
2887410
2887450
2887460
2887580
2887590
2887660
2887670
2887690
2887700
2887720
2887740
2887770
2887780
2887790
2887820
2887850
2887880
2887890
2887900
2887920
2887930
2887940
2887950
2888000
2888030
2888040
2888060
2888100
2888140
2888170
2888190
2888200
2888220
2888230
2888240
2888250
2888290
2888340
2888350
2888360
2888370
2888380
2888390
2888400
2888410
2888420
2888450
2888470
2888480
2888530
2888540
2888580
2888590
2888650
2888660
2888670
2888690
2888700
2888730
2888740
2888830
2888860
2888870
2888890
2888960
2888980
2888990
2889000
2889030
2889040
2889070
2889100
2889120
2889140
2889160
2889190
2889200
2889270
2889280
2889290
2889310
2889330
2889370
2889380
2889420
2889440
2889460
2889470
2889490
2889510
2889520
2889640
2889660
2889740
2889750
2889760
2889780
2889800
2889830
2889870
2889880
2889940
2889980
2890000
2890020
2890030
2890060
2890100
2890110
2890120
2890130
2890140
2890150
2890180
2890200
2890220
2890230
2890240
2890270
2890300
2890360
2890370
2890380
2890440
2890500
2890510
2890520
2890550
2890560
2890630
2890650
2890660
2890690
2890730
2890780
2890800
2890810
2890820
2890830
2890890
2890910
2890920
2890930
2890940
2890960
2890970
2890980
2890990
2891020
2891030
2891040
2891080
2891090
2891120
2891160
2891190
2891200
2891210
2891230
2891250
2891270
2891280
2891310
2891320
2891370
2891390
2891460
2891520
2891540
2891570
2891580
2891600
2891610
2891650
2891660
2891690
2891720
2891760
2891770
2891790
2891800
2891830
2891870
2891900
2891930
2891940
2891970
2892000
2892020
2892030
2892040
2892060
2892090
2892110
2892130
2892160
2892170
2892180
2892190
2892200
2892220
2892230
2892240
2892250
2892270
2892290
2892300
2892310
2892350
2892380
2892400
2892420
2892430
2892440
2892450
2892470
2892490
2892500
2892510
2892530
2892560
2892590
2892600
2892660
2892670
2892680
2892740
2892770
2892780
2892810
2892820
2892830
2892850
2892870
2892880
2892890
2892910
2892930
2892950
2892980
2893000
2893010
2893070
2893110
2893130
2893250
2893260
2893300
2893310
2893320
2893350
2893360
2893400
2893530
2893540
2893550
2893570
2893680
2893820
2893840
2893850
2893930
2893940
2893970
2893990
2894070
2894090
2894100
2894250
2894260
2894280
2894290
2894330
2894380
2894430
2894460
2894510
2894560
2894580
2894600
2894620
2894730
2894750
2894780
2894790
2894820
2894830
2894840
2894870
2894880
2894900
2894960
2894970
2894980
2894990
2895030
2895040
2895050
2895060
2895070
2895090
2895110
2895120
2895130
2895140
2895150
2895170
2895180
2895270
2895280
2895310
2895320
2895340
2895350
2895360
2895390
2895410
2895430
2895440
2895490
2895500
2895510
2895540
2895560
2895580
2895600
2895630
2895640
2895680
2895710
2895740
2895750
2895810
2895830
2895840
2895990
2896000
2896010
2896040
2896050
2896110
2896150
2896210
2896220
2896240
2896260
2896320
2896330
2896350
2896360
2896370
2896380
2896390
2896430
2896440
2896520
2896530
2896570
2896610
2896630
2896730
2896750
2896760
2896770
2896790
2896930
2896950
2896970
2896980
2896990
2897010
2897020
2897170
2897180
2897240
2897250
2897260
2897270
2897310
2897430
2897450
2897490
2897500
2897510
2897520
2897560
2897580
2897590
2897610
2897700
2897710
2897720
2897730
2897750
2897760
2897830
2897840
2897860
2897870
2897890
2897960
2897990
2898000
2898010
2898060
2898090
2898120
2898130
2898170
2898180
2898190
2898210
2898220
2898230
2898240
2898250
2898270
2898310
2898390
2898400
2898410
2898620
2898650
2898680
2898690
2898700
2898720
2898730
2898740
2898750
2898770
2898810
2898820
2898840
2898850
2898890
2898900
2898910
2898970
2898990
2899020
2899030
2899040
2899050
2899060
2899090
2899100
2899130
2899150
2899160
2899180
2899190
2899230
2899240
2899250
2899270
2899300
2899320
2899330
2899350
2899380
2899410
2899420
2899450
2899460
2899490
2899540
2899580
2899600
2899640
2899660
2899670
2899680
2899720
2899750
2899760
2899880
2899890
2899930
2899980
2899990
2900000
2900040
2900050
2900060
2900130
2900210
2900240
2900250
2900410
2900420
2900440
2900450
2900460
2900490
2900520
2900530
2900540
2900600
2900640
2900650
2900660
2900670
2900680
2900690
2900700
2900760
2900780
2900790
2900800
2900830
2900860
2900870
2900890
2900900
2900950
2900990
2901010
2901040
2901050
2901060
2901070
2901080
2901120
2901140
2901150
2901160
2901210
2901290
2901300
2901310
2901330
2901340
2901370
2901380
2901430
2901500
2901520
2901540
2901550
2901570
2901620
2901630
2901660
2901810
2901820
2901870
2901880
2901960
2901970
2901990
2902000
2902020
2902070
2902090
2902160
2902170
2902210
2902220
2902260
2902270
2902280
2902290
2902320
2902400
2902410
2902430
2902440
2902460
2902470
2902480
2902540
2902550
2902560
2902570
2902580
2902590
2902600
2902640
2902650
2902670
2902720
2902740
2902760
2902770
2902780
2902830
2903020
2903060
2903100
2903130
2903160
2903190
2903210
2903220
2903240
2903250
2903380
2903450
2903460
2903480
2903490
2903510
2903530
2903550
2903560
2903570
2903580
2903590
2903600
2903610
2903620
2903630
2903660
2903670
2903690
2903710
2903720
2903730
2903740
2903790
2903850
2903890
2903900
2903940
2903950
2903980
2904000
2904040
2904060
2904100
2904110
2904120
2904160
2904170
2904190
2904200
2904260
2904290
2904320
2904340
2904360
2904370
2904390
2904420
2904430
2904460
2904470
2904490
2904510
2904640
2904670
2904680
2904690
2904730
2904740
2904750
2904800
2904810
2904830
2904860
2904890
2904920
2904930
2904970
2905030
2905040
2905080
2905090
2905120
2905140
2905150
2905160
2905170
2905180
2905240
2905290
2905320
2905350
2905360
2905620
2905630
2905650
2905680
2905790
2905890
2905920
2905930
2905940
2905950
2905960
2905970
2906030
2906040
2906070
2906100
2906130
2906140
2906160
2906170
2906180
2906200
2906210
2906220
2906260
2906270
2906280
2906300
2906310
2906320
2906350
2906360
2906370
2906380
2906390
2906400
2906440
2906460
2906500
2906510
2906530
2906540
2906620
2906660
2906670
2906700
2906710
2906730
2906740
2906780
2906790
2906800
2906810
2906830
2906840
2906860
2906890
2906900
2906910
2906920
2906930
2907000
2907010
2907050
2907080
2907090
2907110
2907120
2907180
2907190
2907200
2907220
2907230
2907240
2907250
2907260
2907270
2907280
2907310
2907320
2907330
2907340
2907350
2907360
2907430
2907470
2907520
2907560
2907580
2907590
2907610
2907620
2907630
2907640
2907650
2907680
2907700
2907720
2907770
2907800
2907820
2907850
2907870
2907890
2907930
2908000
2908050
2908090
2908100
2908120
2908130
2908140
2908150
2908170
2908190
2908240
2908270
2908280
2908290
2908300
2908340
2908360
2908470
2908490
2908500
2908550
2908560
2908670
2908810
2908820
2908830
2908840
2908880
2908900
2908940
2908950
2909010
2909020
2909050
2909090
2909100
2909110
2909140
2909170
2909200
2909230
2909250
2909270
2909280
2909290
2909320
2909360
2909380
2909390
2909400
2909410
2909420
2909450
2909480
2909560
2909570
2909580
2909600
2909640
2909650
2909680
2909710
2909720
2909750
2909760
2909840
2909870
2909910
2909930
2909940
2909960
2909970
2909980
2909990
2910040
2910140
2910270
2910280
2910290
2910310
2910320
2910340
2910380
2910390
2910400
2910430
2910440
2910450
2910460
2910500
2910590
2910690
2910710
2910810
2910820
2910830
2910850
2910860
2910900
2910940
2910950
2910960
2910990
2911060
2911070
2911080
2911130
2911140
2911160
2911180
2911200
2911230
2911240
2911250
2911260
2911280
2911290
2911310
2911340
2911390
2911410
2911450
2911460
2911490
2911510
2911520
2911540
2911580
2911590
2911630
2911660
2911680
2911750
2911800
2911820
2911830
2911850
2912010
2912020
2912030
2912050
2912060
2912090
2912100
2912130
2912420
2912430
2912450
2912470
2912530
2912540
2912550
2912580
2912630
2912640
2912650
2912670
2912680
2912700
2912730
2912750
2912760
2912770
2912780
2912820
2912840
2912870
2912900
2912910
2912970
2912980
2913020
2913030
2913040
2913180
2913190
2913200
2913260
2913300
2913310
2913440
2913500
2913520
2913530
2913540
2913610
2913660
2913670
2913680
2913760
2913770
2913890
2913920
2913930
2913940
2913990
2914000
2914050
2914060
2914090
2914110
2914130
2914140
2914150
2914170
2914250
2914270
2914320
2914390
2914400
2914420
2914440
2914460
2914470
2914480
2914490
2914740
2914810
2914820
2914850
2914870
2914880
2914910
2914920
2914930
2914960
2914970
2915020
2915050
2915060
2915070
2915080
2915170
2915190
2915210
2915280
2915290
2915300
2915360
2915380
2915390
2915420
2915450
2915460
2915480
2915490
2915590
2915660
2915730
2915760
2915770
2915840
2915860
2915880
2915900
2915910
2915920
2915930
2915950
2915980
2916010
2916040
2916150
2916160
2916170
2916180
2916190
2916200
2916210
2916220
2916250
2916260
2916270
2916290
2916300
2916310
2916360
2916430
2916440
2916460
2916470
2916480
2916490
2916530
2916570
2916580
2916590
2916620
2916660
2916670
2916750
2916760
2916770
2916780
2916840
2916930
2916950
2916960
2916970
2916980
2917030
2917040
2917100
2917140
2917160
2917220
2917290
2917340
2917350
2917360
2917430
2917480
2917490
2917550
2917600
2917620
2917630
2917740
2917760
2917820
2917850
2917900
2917910
2917930
2917960
2917990
2918000
2918020
2918070
2918080
2918090
2918100
2918120
2918130
2918150
2918160
2918190
2918230
2918240
2918250
2918270
2918300
2918310
2918410
2918420
2918440
2918450
2918470
2918480
2918490
2918500
2918520
2918530
2918550
2918570
2918580
2918590
2918600
2918630
2918650
2918660
2918690
2918700
2918710
2918720
2918730
2918760
2918810
2918840
2918850
2918890
2918900
2918930
2918940
2918950
2918960
2918990
2919010
2919030
2919060
2919070
2919110
2919120
2919130
2919170
2919190
2919200
2919230
2919240
2919250
2919260
2919300
2919340
2919370
2919410
2919450
2919480
2919500
2919510
2919520
2919530
2919560
2919580
2919600
2919610
2919650
2919660
2919690
2919710
2919750
2919760
2919770
2919780
2919790
2919850
2919870
2919880
2919900
2919920
2919980
2919990
2920010
2920020
2920030
2920040
2920060
2920070
2920110
2920120
2920150
2920160
2920210
2920220
2920270
2920280
2920330
2920340
2920370
2920380
2920390
2920410
2920440
2920490
2920510
2920520
2920530
2920540
2920570
2920600
2920610
2920660
2920700
2920720
2920730
2920770
2920780
2920790
2920840
2920880
2920890
2920910
2920920
2920940
2920950
2920970
2920990
2921000
2921020
2921030
2921050
2921060
2921100
2921150
2921180
2921190
2921360
2921370
2921380
2921410
2921420
2921430
2921480
2921520
2921530
2921550
2921580
2921590
2921600
2921620
2921630
2921640
2921650
2921670
2921690
2921740
2921760
2921770
2921780
2921790
2921800
2921810
2921820
2921830
2921840
2921850
2921860
2921870
2921890
2921900
2921920
2921940
2921960
2922050
2922070
2922090
2922140
2922170
2922180
2922250
2922260
2922290
2922410
2922430
2922510
2922550
2922570
2922580
2922590
2922600
2922610
2922630
2922680
2922690
2922710
2922720
2922740
2922750
2922760
2922790
2922800
2922950
2922980
2922990
2923000
2923010
2923030
2923040
2923050
2923110
2923120
2923130
2923140
2923160
2923170
2923180
2923190
2923200
2923210
2923220
2923230
2923260
2923270
2923280
2923300
2923330
2923350
2923390
2923420
2923430
2923460
2923470
2923500
2923520
2923560
2923580
2923590
2923610
2923630
2923640
2923650
2923660
2923690
2923710
2923810
2923860
2923880
2923900
2923910
2923920
2923930
2923960
2923970
2924010
2924020
2924030
2924040
2924050
2924080
2924090
2924110
2924130
2924160
2924170
2924280
2924310
2924350
2924390
2924510
2924520
2924580
2924600
2924620
2924650
2924660
2924670
2924710
2924760
2924800
2924810
2924820
2924850
2924860
2924870
2924880
2924890
2924920
2924980
2924990
2925010
2925040
2925090
2925120
2925130
2925170
2925210
2925270
2925290
2925310
2925320
2925330
2925340
2925410
2925420
2925430
2925440
2925460
2925480
2925490
2925510
2925520
2925530
2925570
2925580
2925680
2925690
2925730
2925870
2925880
2925890
2925960
2925970
2925980
2925990
2926030
2926070
2926080
2926100
2926110
2926130
2926170
2926180
2926220
2926230
2926270
2926280
2926300
2926310
2926320
2926350
2926400
2926460
2926550
2926610
2926620
2926630
2926640
2926650
2926660
2926670
2926680
2926700
2926710
2926720
2926780
2926880
2926890
2926900
2926910
2926950
2926960
2927000
2927010
2927030
2927050
2927070
2927080
2927100
2927140
2927170
2927260
2927290
2927310
2927320
2927330
2927380
2927400
2927420
2927430
2927440
2927470
2927480
2927490
2927510
2927520
2927530
2927540
2927550
2927570
2927590
2927650
2927700
2927710
2927720
2927740
2927780
2927800
2927810
2927820
2927830
2927840
2927850
2927860
2927880
2927890
2927900
2927910
2927960
2927970
2928010
2928020
2928040
2928050
2928070
2928080
2928090
2928100
2928110
2928130
2928140
2928190
2928200
2928220
2928270
2928280
2928330
2928340
2928350
2928360
2928380
2928390
2928410
2928430
2928450
2928460
2928480
2928490
2928500
2928520
2928570
2928580
2928590
2928600
2928610
2928640
2928670
2928690
2928700
2928740
2928750
2928770
2928790
2928800
2928820
2928830
2928880
2928900
2928930
2928940
2928950
2928990
2929010
2929020
2929040
2929050
2929060
2929070
2929080
2929110
2929120
2929130
2929140
2929170
2929180
2929200
2929230
2929240
2929250
2929260
2929290
2929300
2929310
2929330
2929400
2929410
2929500
2929510
2929530
2929540
2929550
2929570
2929590
2929660
2929670
2929680
2929730
2929740
2929770
2929790
2929820
2929830
2929840
2929880
2929890
2929960
2930010
2930020
2930030
2930040
2930070
2930080
2930110
2930120
2930130
2930140
2930150
2930160
2930170
2930210
2930240
2930260
2930270
2930280
2930290
2930320
2930330
2930340
2930350
2930380
2930390
2930410
2930500
2930550
2930570
2930580
2930600
2930620
2930640
2930660
2930700
2930720
2930770
2930840
2930850
2930890
2930900
2930910
2930930
2930950
2930990
2931010
2931030
2931040
2931160
2931170
2931200
2931220
2931260
2931270
2931280
2931300
2931310
2931340
2931390
2931400
2931520
2931530
2931560
2931600
2931620
2931680
2931690
2931700
2931720
2931750
2931760
2931770
2931790
2931800
2931850
2931970
2932020
2932040
2932070
2932110
2932140
2932150
2932160
2932170
2932180
2932430
2932450
2932470
2932480
2932490
2932510
2932520
2932550
2932560
2932570
2932590
2932600
2932670
2932680
2932720
2932740
2932770
2932790
2932860
2932880
2932900
2932910
2932920
2932930
2932940
2932950
2932960
2932970
2932980
2932990
2933000
2933060
2933070
2933080
2933090
2933120
2933130
2933180
2933200
2933210
2933220
2933240
2933260
2933290
2933310
2933350
2933360
2933380
2933400
2933420
2933470
2933490
2933530
2933570
2933590
2933620
2933740
2933760
2933810
2933830
2933870
2933910
2933920
2933930
2933940
2933950
2933980
2933990
2934010
2934070
2934080
2934090
2934100
2934110
2934150
2934180
2934190
2934210
2934220
2934230
2934290
2934320
2934330
2934340
2934400
2934470
2934480
2934520
2934550
2934610
2934620
2934630
2934660
2934680
2934690
2934880
2934890
2934930
2934940
2934990
2935030
2935120
2935130
2935160
2935230
2935250
2935260
2935280
2935290
2935380
2935400
2935420
2935430
2935460
2935520
2935540
2935560
2935570
2935610
2935620
2935650
2935660
2935670
2935690
2935700
2935710
2935750
2935780
2935820
2935840
2935860
2935930
2935950
2935960
2935980
2936010
2936020
2936030
2936060
2936080
2936090
2936130
2936140
2936150
2936160
2936180
2936190
2936200
2936220
2936260
2936290
2936310
2936350
2936370
2936380
2936410
2936420
2936430
2936440
2936470
2936510
2936520
2936530
2936590
2936620
2936650
2936700
2936720
2936750
2936760
2936790
2936810
2936820
2936830
2936920
2936990
2937090
2937110
2937130
2937170
2937280
2937290
2937310
2937330
2937340
2937350
2937360
2937370
2937380
2937390
2937410
2937440
2937480
2937490
2937500
2937520
2937550
2937590
2937620
2937640
2937670
2937690
2937710
2937730
2937770
2937810
2937820
2937830
2937840
2937850
2937860
2937870
2937910
2937920
2937930
2937940
2938020
2938030
2938050
2938060
2938200
2938210
2938300
2938330
2938350
2938360
2938420
2938430
2938440
2938460
2938470
2938480
2938510
2938540
2938550
2938590
2938600
2938610
2938620
2938630
2938660
2938730
2938810
2938830
2938840
2938850
2938870
2938880
2938890
2938920
2938970
2938980
2939070
2939080
2939100
2939180
2939200
2939210
2939290
2939300
2939310
2939340
2939350
2939360
2939420
2939440
2939450
2939460
2939470
2939490
2939510
2939520
2939550
2939570
2939580
2939600
2939630
2939640
2939670
2939680
2939730
2939770
2939780
2939790
2939800
2939820
2939850
2939900
2939940
2939950
2939980
2940000
2940010
2940020
2940030
2940040
2940070
2940100
2940120
2940150
2940160
2940170
2940210
2940220
2940250
2940260
2940280
2940310
2940340
2940370
2940380
2940410
2940420
2940440
2940450
2940460
2940480
2940490
2940500
2940560
2940610
2940620
2940630
2940640
2940650
2940660
2940700
2940740
2940830
2940840
2940860
2940870
2940890
2940920
2940930
2940970
2940990
2941000
2941010
2941080
2941100
2941140
2941150
2941170
2941200
2941230
2941240
2941260
2941280
2941350
2941360
2941410
2941450
2941470
2941480
2941490
2941500
2941510
2941520
2941550
2941580
2941600
2941630
2941640
2941660
2941710
2941750
2941790
2941810
2941820
2941830
2941890
2941900
2941910
2941930
2941950
2941960
2941980
2941990
2942000
2942010
2942030
2942050
2942060
2942070
2942130
2942350
2942160
2942170
2942180
2942190
2942310
2942320
2942330
2942350
2942370
2942390
2942420
2942430
2942440
2942470
2942500
2942520
2942620
2942630
2942660
2942670
2942680
2942690
2942700
2942710
2942730
2942750
2942780
2942810
2942840
2942930
2942950
2942980
2943010
2943030
2943040
2943100
2943130
2943150
2943180
2943190
2943200
2943230
2943250
2943260
2943280
2943310
2943320
2943330
2943350
2943380
2943390
2943410
2943420
2943440
2943470
2943480
2943490
2943520
2943550
2943570
2943590
2943610
2943620
2943630
2943640
2943650
2943670
2943740
2943750
2943760
2943780
2943800
2943850
2943920
2943930
2943950
2943960
2943970
2943980
2943990
2944000
2944010
2944090
2944180
2944190
2944200
2944220
2944240
2944280
2944290
2944330
2944340
2944350
2944360
2944370
2944390
2944420
2944430
2944440
2944470
2944480
2944490
2944540
2944550
2944560
2944590
2944610
2944640
2944670
2944680
2944690
2944750
2944760
2944770
2944780
2944810
2944920
2944940
2944950
2944960
2944990
2945100
2945110
2945150
2945180
2945200
2945220
2945240
2945260
2945270
2945290
2945340
2945350
2945360
2945370
2945380
2945390
2945410
2945420
2945510
2945720
2945730
2945740
2945770
2945790
2945800
2945860
2945880
2945900
2945940
2945950
2945970
2945980
2945990
2946010
2946030
2946040
2946050
2946060
2946070
2946100
2946110
2946120
2946130
2946140
2946150
2946160
2946170
2946190
2946240
2946250
2946260
2946280
2946310
2946320
2946340
2946380
2946390
2946420
2946440
2946450
2946460
2946490
2946530
2946550
2946570
2946600
2946630
2946700
2946720
2946740
2946750
2946810
2946840
2946850
2946870
2946890
2946900
2946940
2947030
2947040
2947050
2947060
2947100
2947110
2947130
2947140
2947150
2947200
2947210
2947220
2947230
2947240
2947250
2947280
2947300
2947330
2947340
2947350
2947360
2947410
2947430
2947440
2947450
2947470
2947490
2947540
2947550
2947620
2947630
2947650
2947690
2947710
2947730
2947740
2947750
2947760
2947780
2947800
2947830
2947840
2947860
2947880
2947940
2947970
2947980
2948010
2948030
2948040
2948060
2948070
2948080
2948120
2948130
2948170
2948190
2948220
2948230
2948240
2948290
2948310
2948330
2948370
2948380
2948400
2948410
2948420
2948430
2948440
2948460
2948470
2948480
2948530
2948550
2948560
2948630
2948640
2948680
2948690
2948720
2948730
2948750
2948760
2948790
2948810
2948870
2948880
2948890
2948930
2948940
2948960
2948980
2948990
2949020
2949050
2949060
2949070
2949090
2949110
2949120
2949180
2949200
2949220
2949230
2949240
2949250
2949270
2949310
2949320
2949350
2949440
2949450
2949460
2949480
2949490
2949520
2949560
2949580
2949600
2949610
2949650
2949660
2949720
2949740
2949750
2949760
2949810
2949820
2949840
2949850
2949880
2949910
2949930
2949940
2949960
2949980
2950000
2950030
2950040
2950100
2950120
2950150
2950190
2950200
2950260
2950310
2950320
2950330
2950340
2950350
2950400
2950410
2950450
2950460
2950490
2950590
2950600
2950610
2950640
2950650
2950680
2950710
2950750
2950760
2950790
2950820
2950830
2950850
2950860
2950890
2951110
2951170
2951330
2951340
2951350
2951380
2951420
2951440
2951500
2951510
2951520
2951560
2951580
2951600
2951630
2951690
2951710
2951740
2951770
2951780
2951790
2951840
2951850
2951880
2951890
2951910
2951920
2951940
2951970
2952020
2952040
2952050
2952070
2952090
2952110
2952130
2952140
2952180
2952190
2952200
2952210
2952260
2952270
2952310
2952330
2952340
2952370
2952470
2952480
2952520
2952540
2952550
2952570
2952580
2952590
2952600
2952680
2952690
2952700
2952740
2952760
2952800
2952820
2952830
2952840
2952850
2952860
2952910
2952920
2952930
2952940
2952950
2952970
2952990
2953020
2953030
2953060
2953070
2953140
2953160
2953170
2953180
2953200
2953210
2953230
2953240
2953270
2953280
2953300
2953320
2953340
2953430
2953440
2953480
2953510
2953520
2953540
2953560
2953570
2953590
2953600
2953610
2953620
2953640
2953660
2953690
2953700
2953710
2953720
2953790
2953810
2953840
2953880
2953930
2953940
2953970
2954000
2954010
2954020
2954030
2954040
2954050
2954070
2954080
2954090
2954140
2954150
2954190
2954240
2954260
2954300
2954340
2954360
2954380
2954400
2954420
2954440
2954450
2954460
2954490
2954500
2954560
2954590
2954660
2954690
2954730
2954750
2954780
2954790
2954820
2954830
2954840
2954850
2954860
2954880
2954890
2954920
2954930
2954940
2955010
2955020
2955040
2955050
2955060
2955070
2955100
2955120
2955150
2955180
2955200
2955210
2955220
2955270
2955290
2955300
2955310
2955320
2955340
2955350
2955410
2955420
2955460
2955470
2955500
2955590
2955600
2955630
2955650
2955700
2955710
2955720
2955740
2955820
2955840
2955850
2955960
2956040
2956130
2956150
2956170
2956190
2956200
2956210
2956280
2956310
2956360
2956390
2956400
2956410
2956420
2956440
2956450
2956470
2956480
2956500
2956510
2956550
2956580
2956590
2956600
2956640
2956670
2956680
2956690
2956700
2956720
2956730
2956760
2956780
2956790
2956800
2956820
2956840
2956850
2956870
2956970
2957010
2957020
2957070
2957080
2957100
2957110
2957130
2957140
2957160
2957200
2957270
2957280
2957320
2957330
2957350
2957360
2957370
2957390
2957410
2957420
2957430
2957440
2957550
2957560
2957570
2957590
2957600
2957620
2957670
2957690
2957700
2957710
2957720
2957730
2957760
2957780
2957800
2957820
2957830
2957840
2957860
2957870
2957880
2957890
2957900
2957940
2957950
2957970
2957980
2957990
2958060
2958070
2958110
2958120
2958130
2958140
2958160
2958170
2958210
2958240
2958250
2958300
2958380
2958410
2958430
2958450
2958550
2958570
2958580
2958590
2958610
2958630
2958640
2958670
2958680
2958690
2958700
2958710
2958730
2958770
2958780
2958790
2958820
2958830
2958890
2958900
2958910
2958920
2958950
2958960
2958970
2959000
2959010
2959110
2959120
2959130
2959150
2959160
2959180
2959220
2959230
2959310
2959340
2959380
2959410
2959420
2959480
2959520
2959560
2959610
2959640
2959650
2959670
2959710
2959740
2959760
2959770
2959820
2959830
2959890
2960010
2960030
2960070
2960080
2960090
2960110
2960120
2960150
2960170
2960220
2960250
2960280
2960300
2960320
2960330
2960360
2960390
2960400
2960430
2960440
2960460
2960480
2960490
2960500
2960540
2960560
2960590
2960610
2960620
2960650
2960670
2960700
2960710
2960750
2960760
2960770
2960800
2960820
2960830
2960850
2960870
2960890
2960950
2960980
2961000
2961060
2961100
2961110
2961120
2961210
2961230
2961300
2961310
2961320
2961330
2961340
2961460
2961480
2961490
2961510
2961530
2961650
2961680
2961710
2961830
2961840
2961860
2961870
2961880
2961920
2961930
2961970
2961990
2962000
2962010
2962020
2962030
2962090
2962150
2962170
2962210
2962220
2962240
2962250
2962260
2962270
2962280
2962290
2962300
2962320
2962330
2962340
2962370
2962390
2962400
2962420
2962470
2962480
2962550
2962560
2962570
2962620
2962650
2962680
2962710
2962720
2962750
2962770
2962810
2962840
2962940
2962990
2963070
2963080
2963100
2963130
2963160
2963210
2963220
2963230
2963240
2963260
2963280
2963310
2963320
2963350
2963360
2963370
2963510
2963540
2963550
2963560
2963570
2963590
2963600
2963640
2963650
2963680
2963720
2963730
2963800
2963830
2963870
2963880
2963890
2963930
2963950
2963970
2963990
2964000
2964030
2964040
2964060
2964090
2964180
2964190
2964210
2964230
2964260
2964280
2964300
2964310
2964330
2964370
2964390
2964400
2964410
2964430
2964440
2964470
2964480
2964520
2964540
2964550
2964560
2964580
2964590
2964640
2964670
2964680
2964690
2964720
2964800
2964810
2964830
2964840
2964910
2964920
2964940
2964960
2964980
2964990
2965050
2965060
2965090
2965130
2965140
2965180
2965190
2965220
2965230
2965250
2965280
2965290
2965300
2965340
2965370
2965380
2965400
2965420
2965430
2965450
2965540
2965550
2965560
2965590
2965650
2965660
2965670
2965680
2965690
2965720
2965730
2965760
2965780
2965790
2965870
2965900
2965910
2965930
2965940
2965970
2966040
2966090
2966100
2966110
2966150
2966160
2966190
2966260
2966270
2966280
2966300
2966320
2966330
2966360
2966370
2966380
2966390
2966400
2966430
2966450
2966470
2966490
2966510
2966520
2966530
2966550
2966560
2966570
2966580
2966610
2966620
2966630
2966670
2966680
2966700
2966720
2966750
2966790
2966810
2966850
2966910
2966970
2966980
2966990
2967000
2967030
2967080
2967090
2967100
2967110
2967140
2967180
2967190
2967210
2967220
2967260
2967320
2967330
2967350
2967380
2967410
2967420
2967430
2967450
2967460
2967470
2967480
2967500
2967510
2967520
2967570
2967580
2967590
2967600
2967610
2967630
2967640
2967650
2967670
2967680
2967690
2967700
2967710
2967730
2967750
2967790
2967800
2967820
2967850
2967860
2967870
2967930
2967940
2967950
2967990
2968000
2968020
2968030
2968050
2968060
2968070
2968140
2968170
2968200
2968220
2968230
2968250
2968260
2968270
2968290
2968310
2968390
2968400
2968410
2968420
2968430
2968470
2968500
2968510
2968520
2968540
2968570
2968600
2968620
2968640
2968670
2968680
2968690
2968730
2968800
2968820
2968840
2968850
2968860
2968870
2968880
2968900
2968940
2968950
2968970
2968990
2969010
2969020
2969030
2969040
2969060
2969140
2969150
2969160
2969180
2969210
2969220
2969240
2969250
2969270
2969320
2969350
2969380
2969590
2969710
2969960
2969970
2970080
2970990
2971000
2971010
2971090
2971120
2971130
2971280
2971290
2971300
2971360
2971390
2971430
2971440
2971450
2971500
2971510
2971520
2971590
2971610
2971630
2971650
2971660
2971680
2971750
2971760
2971800
2971820
2971830
2971860
2971870
2971900
2971930
2971960
2971970
2971980
2972010
2972020
2972040
2972070
2972090
2972110
2972120
2972140
2972180
2972220
2972250
2972260
2972300
2972310
2972330
2972350
2972370
2972380
2972480
2972530
2972590
2972600
2972630
2972640
2972650
2972660
2972700
2972710
2972730
2972750
2972760
2972770
2972780
2972810
2972820
2972830
2972850
2972870
2972890
2972900
2972930
2972940
2972980
2972990
2973000
2973100
2973110
2973120
2973160
2973170
2973200
2973240
2973250
2973320
2973340
2973390
2973410
2973450
2973480
2973500
2973520
2973540
2973550
2973560
2973570
2973580
2973610
2973690
2973700
2973710
2973810
2973820
2973830
2973840
2973850
2973950
2973960
2974000
2974010
2974020
2974030
2974040
2974050
2974060
2974070
2974080
2974100
2974120
2974140
2974150
2974160
2974190
2974220
2974250
2974290
2974370
2974430
2974450
2974460
2974510
2974540
2974570
2974600
2974620
2974640
2974650
2974660
2974690
2974700
2974740
2975030
2975040
2975100
2975110
2975130
2975160
2975180
2975190
2975240
2975250
2975260
2975270
2975290
2975330
2975350
2975460
2975470
2975480
2975580
2975590
2975640
2975660
2975680
2975690
2975720
2975730
2975750
2975790
2975830
2975870
2975880
2975900
2975910
2975920
2975930
2975940
2975950
2975980
2976000
2976020
2976030
2976070
2976080
2976110
2976120
2976140
2976160
2976170
2976190
2976230
2976250
2976260
2976270
2976310
2976320
2976330
2976400
2976410
2976440
2976450
2976470
2976490
2976500
2976510
2976590
2976600
2976610
2976620
2976630
2976670
2976690
2976700
2976720
2976740
2976770
2976780
2976790
2976800
2976860
2976870
2976880
2976890
2976900
2976910
2976960
2977060
2977070
2977130
2977150
2977230
2977250
2977260
2977290
2977310
2977320
2977350
2977360
2977390
2977440
2977490
2977510
2977570
2977580
2977590
2977620
2977660
2977680
2977770
2977800
2977810
2977820
2977850
2977900
2977960
2977990
2978000
2978020
2978070
2978120
2978170
2978180
2978210
2978220
2978230
2978240
2978270
2978280
2978310
2978370
2978430
2978440
2978460
2978470
2978500
2978510
2978540
2978550
2978600
2978670
2978680
2978690
2978700
2978710
2978740
2978780
2978820
2978850
2978860
2978870
2978880
2978910
2978940
2978950
2978970
2978980
2979000
2979020
2979070
2979110
2979150
2979180
2979220
2979270
2979290
2979300
2979330
2979340
2979390
2979430
2979440
2979450
2979470
2979500
2979510
2979520
2979530
2979580
2979620
2979650
2979680
2979690
2979710
2979780
2979790
2979810
2979820
2979830
2979840
2979860
2979890
2979950
2979970
2979980
2979990
2980000
2980010
2980020
2980030
2980050
2980080
2980110
2980150
2980170
2980190
2980240
2980260
2980270
2980280
2980320
2980350
2980410
2980420
2980450
2980470
2980490
2980510
2980550
2980580
2980610
2980650
2980660
2980720
2980760
2980830
2980870
2980880
2980890
2980900
2980910
2980940
2980970
2980980
2981030
2981040
2981050
2981060
2981070
2981080
2981150
2981210
2981220
2981240
2981290
2981300
2981310
2981330
2981340
2981350
2981400
2981440
2981450
2981490
2981530
2981580
2981590
2981600
2981630
2981650
2981690
2981700
2981740
2981750
2981760
2981790
2981800
2981850
2981860
2981880
2981900
2981910
2981920
2982010
2982060
2982100
2982130
2982220
2982250
2982290
2982340
2982360
2982380
2982480
2982490
2982500
2982530
2982540
2982550
2982560
2982570
2982590
2982610
2982650
2982660
2982670
2982680
2982700
2982710
2982730
2982740
2982820
2982840
2982920
2982930
2982950
2982960
2983040
2983070
2983080
2983140
2983180
2983220
2983240
2983250
2983260
2983270
2983300
2983330
2983350
2983370
2983410
2983430
2983480
2983500
2983510
2983520
2983530
2983580
2983610
2983630
2983660
2983730
2983740
2983760
2983770
2983780
2983790
2983810
2983840
2983860
2983870
2983910
2983920
2983940
2983950
2984000
2984080
2984100
2984110
2984130
2984150
2984170
2984180
2984200
2984210
2984220
2984230
2984260
2984270
2984300
2984340
2984360
2984380
2984400
2984440
2984450
2984460
2984470
2984520
2984530
2984570
2984630
2984700
2984780
2984790
2984800
2984810
2984830
2984850
2984860
2984890
2984900
2984970
2985010
2985030
2985050
2985090
2985110
2985120
2985170
2985190
2985240
2985280
2985300
2985330
2985350
2985370
2985410
2985450
2985470
2985510
2985520
2985570
2985600
2985610
2985720
2985740
2985750
2985760
2985840
2985860
2985880
2985890
2985900
2985910
2985920
2985930
2985950
2985970
2985990
2986010
2986020
2986060
2986110
2986170
2986190
2986240
2986260
2986300
2986340
2986350
2986360
2986370
2986390
2986400
2986450
2986460
2986470
2986480
2986580
2986590
2986600
2986620
2986630
2986640
2986650
2986680
2986690
2986700
2986720
2986780
2986790
2986800
2986830
2986940
2986980
2987000
2987010
2987030
2987050
2987070
2987080
2987100
2987110
2987120
2987150
2987160
2987170
2987200
2987230
2987250
2987300
2987320
2987330
2987340
2987350
2987360
2987370
2987380
2987450
2987480
2987500
2987520
2987530
2987540
2987560
2987580
2987610
2987620
2987640
2987660
2987670
2987680
2987730
2987740
2987750
2987790
2987800
2987810
2987830
2987850
2987860
2987880
2987910
2987920
2987930
2987970
2987990
2988030
2988080
2988090
2988100
2988120
2988130
2988160
2988230
2988290
2988300
2988330
2988340
2988360
2988390
2988400
2988420
2988440
2988450
2988460
2988470
2988480
2988490
2988520
2988560
2988580
2988620
2988640
2988780
2988790
2988830
2988850
2988880
2988930
2989080
2989090
2989110
2989140
2989160
2989180
2989200
2989230
2989270
2989350
2989390
2989400
2989430
2989450
2989460
2989500
2989660
2989670
2989680
2989690
2989700
2989720
2989730
2989760
2989770
2989800
2989820
2989830
2989840
2989860
2989870
2989890
2989930
2989950
2989980
2990020
2990040
2990050
2990060
2990080
2990090
2990120
2990180
2990190
2990200
2990210
2990220
2990230
2990240
2990250
2990300
2990330
2990340
2990360
2990370
2990390
2990400
2990450
2990460
2990470
2990490
2990500
2990510
2990550
2990560
2990570
2990580
2990600
2990620
2990640
2990650
2990670
2990680
2990710
2990730
2990760
2990800
2990840
2990850
2990860
2990880
2990890
2990910
2990920
2990930
2990970
2990990
2991110
2991150
2991210
2991250
2991290
2991310
2991320
2991360
2991380
2991390
2991400
2991430
2991450
2991500
2991520
2991540
2991590
2991600
2991630
2991680
2991690
2991730
2991740
2991810
2991820
2991850
2991860
2991870
2991890
2991910
2991970
2991980
2991990
2992050
2992070
2992180
2992190
2992200
2992210
2992220
2992230
2992240
2992320
2992360
2992460
2992470
2992490
2992500
2992510
2992520
2992550
2992570
2992580
2992650
2992700
2992730
2992740
2992790
2992800
2992810
2992920
2992980
2993000
2993020
2993040
2993070
2993080
2993100
2993140
2993210
2993240
2993320
2993370
2993400
2993430
2993440
2993460
2993500
2993510
2993550
2993570
2993650
2993660
2993690
2993720
2993740
2993770
2993780
2993800
2993810
2993820
2993920
2993950
2993970
2993980
2993990
2994010
2994020
2994040
2994050
2994070
2994080
2994090
2994130
2994150
2994190
2994200
2994220
2994240
2994250
2994260
2994320
2994430
2994490
2994540
2994560
2994600
2994630
2994660
2994680
2994730
2994780
2994790
2994800
2994810
2994850
2994860
2994880
2994900
2994920
2994930
2994940
2994950
2994970
2994990
2995080
2995100
2995120
2995130
2995150
2995190
2995210
2995220
2995230
2995260
2995270
2995290
2995330
2995380
2995390
2995450
2995460
2995480
2995500
2995530
2995550
2995560
2995570
2995650
2995670
2995680
2995700
2995710
2995720
2995740
2995750
2995790
2995830
2995880
2995920
2995940
2995960
2995970
2995990
2996000
2996020
2996040
2996070
2996080
2996090
2996100
2996110
2996120
2996150
2996190
2996280
2996290
2996310
2996320
2996330
2996390
2996430
2996460
2996520
2996540
2996580
2996590
2996600
2996620
2996640
2996650
2996660
2996680
2996770
2996800
2996810
2996850
2996860
2996900
2996930
2996960
2996970
2996990
2997020
2997030
2997060
2997110
2997120
2997190
2997220
2997230
2997240
2997260
2997290
2997310
2997400
2997410
2997450
2997460
2997490
2997580
2997600
2997660
2997670
2997780
2997830
2997840
2997860
2997870
2997880
2997890
2997900
2997920
2997930
2997970
2997980
2997990
2998030
2998040
2998050
2998060
2998130
2998260
2998290
2998300
2998310
2998320
2998380
2998430
2998440
2998480
2998490
2998500
2998560
2998590
2998600
2998610
2998650
2998670
2998700
2998730
2998750
2998760
2998840
2998850
2998860
2998880
2998920
2998940
2998970
2998990
2999000
2999020
2999030
2999040
2999050
2999060
2999070
2999090
2999120
2999130
2999180
2999220
2999230
2999240
2999250
2999260
2999270
2999280
2999480
2999500
2999510
2999540
2999570
2999670
2999680
2999690
2999700
2999710
2999720
2999740
2999750
2999760
2999770
2999780
2999790
2999800
2999810
2999820
2999860
2999870
2999880
2999900
2999910
2999930
2999940
2999960
2999990
3000000
3000020
3000030
3000080
3000120
3000130
3000150
3000230
3000260
3000280
3000310
3000320
3000340
3000360
3000370
3000410
3000420
3000460
3000470
3000490
3000510
3000520
3000580
3000830
3000850
3000860
3000910
3000960
3000970
3000990
3001000
3001020
3001030
3001060
3001100
3001110
3001150
3001160
3001200
3001280
3001310
3001330
3001340
3001370
3001440
3001460
3001560
3001570
3001620
3001640
3001650
3001670
3001730
3001740
3001750
3001760
3001780
3001790
3001810
3001830
3001870
3001880
3001890
3001900
3001920
3001930
3001970
3002000
3002010
3002040
3002060
3002070
3002090
3002100
3002140
3002170
3002180
3002220
3002240
3002330
3002340
3002400
3002440
3002470
3002500
3002510
3002520
3002550
3002560
3002570
3002580
3002610
3002620
3002630
3002650
3002700
3002720
3002740
3002780
3002790
3002800
3002820
3002840
3002850
3002860
3002920
3002930
3003020
3003050
3003120
3003130
3003150
3003200
3003270
3003280
3003300
3003310
3003360
3003390
3003430
3003460
3003470
3003530
3003550
3003570
3003580
3003640
3003650
3003660
3003670
3003680
3003690
3003700
3003720
3003730
3003760
3003780
3003820
3003850
3003880
3003950
3003960
3003990
3004010
3004020
3004030
3004070
3004090
3004100
3004110
3004120
3004130
3004140
3004170
3004180
3004230
3004260
3004280
3004290
3004310
3004330
3004340
3004360
3004370
3004390
3004410
3004470
3004500
3004510
3004530
3004560
3004570
3004580
3004590
3004600
3004620
3004670
3004690
3004710
3004760
3004790
3004800
3004810
3004860
3004880
3004920
3004940
3004950
3004980
3004990
3005090
3005100
3005110
3005120
3005170
3005180
3005210
3005220
3005240
3005250
3005260
3005270
3005280
3005310
3005330
3005340
3005360
3005420
3005430
3005440
3005490
3005530
3005540
3005620
3005640
3005650
3005660
3005690
3005700
3005720
3005740
3005840
3005850
3005890
3005900
3005910
3005930
3005950
3005990
3006010
3006020
3006030
3006040
3006060
3006080
3006090
3006100
3006140
3006150
3006180
3006200
3006240
3006260
3006280
3006300
3006350
3006420
3006430
3006440
3006450
3006480
3006510
3006540
3006550
3006610
3006630
3006650
3006670
3006700
3006760
3006780
3006800
3006830
3006900
3006920
3006930
3006960
3006980
3006990
3007130
3007140
3007150
3007170
3007190
3007200
3007210
3007220
3007240
3007260
3007270
3007290
3007310
3007360
3007380
3007390
3007430
3007460
3007490
3007510
3007570
3007580
3007590
3007620
3007630
3007650
3007660
3007690
3007710
3007870
3007880
3007890
3007900
3007910
3007940
3007960
3007990
3008010
3008020
3008050
3008070
3008100
3008130
3008150
3008180
3008190
3008200
3008210
3008240
3008270
3008280
3008300
3008310
3008320
3008340
3008350
3008390
3008410
3008440
3008470
3008520
3008530
3008570
3008590
3008600
3008620
3008640
3008690
3008700
3008740
3008800
3008810
3008860
3008880
3008890
3008900
3008910
3008920
3008950
3008960
3008970
3009010
3009040
3009060
3009070
3009080
3009100
3009130
3009240
3009250
3009270
3009300
3009310
3009320
3009330
3009360
3009410
3009430
3009440
3009460
3009470
3009480
3009490
3009500
3009530
3009540
3009560
3009570
3009600
3009640
3009650
3009720
3009750
3009760
3009770
3009780
3009790
3009800
3009820
3009830
3009850
3009890
3009900
3009910
3009920
3009970
3009980
3010000
3010020
3010060
3010070
3010090
3010100
3010130
3010140
3010150
3010170
3010180
3010200
3010230
3010250
3010260
3010280
3010290
3010300
3010320
3010380
3010450
3010460
3010470
3010480
3010490
3010500
3010520
3010560
3010610
3010620
3010640
3010670
3010760
3010800
3010810
3010830
3010840
3010850
3010870
3010900
3010910
3010920
3010930
3010970
3010980
3011020
3011030
3011050
3011060
3011090
3011100
3011140
3011190
3011200
3011220
3011230
3011260
3011360
3011380
3011410
3011440
3011450
3011470
3011520
3011550
3011560
3011570
3011620
3011740
3011820
3011850
3011890
3012000
3012020
3012050
3012070
3012120
3012130
3012170
3012190
3012210
3012220
3012260
3012270
3012280
3012290
3012300
3012350
3012360
3012380
3012400
3012410
3012420
3012430
3012470
3012510
3012550
3012600
3012630
3012660
3012670
3012680
3012710
3012740
3012750
3012760
3012780
3012800
3012810
3012820
3012830
3012850
3012980
3012990
3013010
3013040
3013050
3013070
3013080
3013130
3013140
3013150
3013160
3013190
3013200
3013260
3013320
3013370
3013380
3013390
3013420
3013430
3013440
3013460
3013470
3013490
3013500
3013550
3013570
3013670
3013690
3013700
3013710
3013740
3013750
3013790
3013830
3013840
3013850
3013860
3013880
3013900
3013910
3013920
3013930
3013960
3013970
3013980
3014010
3014040
3014070
3014080
3014090
3014110
3014120
3014150
3014230
3014240
3014310
3014320
3014340
3014370
3014380
3014440
3014460
3014470
3014480
3014490
3014500
3014510
3014520
3014580
3014600
3014610
3014650
3014660
3014680
3014710
3014740
3014750
3014760
3014790
3014860
3014870
3014890
3014910
3014930
3014960
3015030
3015100
3015110
3015120
3015130
3015140
3015150
3015180
3015190
3015230
3015250
3015260
3015270
3015290
3015310
3015350
3015360
3015380
3015400
3015460
3015510
3015580
3015600
3015610
3015620
3015640
3015650
3015690
3015720
3015740
3015780
3015820
3015840
3015850
3015860
3015870
3015900
3015910
3015920
3015930
3015940
3015950
3015960
3016090
3016100
3016120
3016140
3016480
3016500
3016520
3016530
3016580
3016600
3016610
3016620
3016640
3016690
3016700
3016730
3016750
3016780
3016810
3016840
3016870
3016890
3016920
3016940
3016980
3016990
3017000
3017030
3017040
3017070
3017080
3017090
3017100
3017110
3017120
3017130
3017150
3017160
3017170
3017180
3017250
3017270
3017330
3017360
3017380
3017390
3017400
3017410
3017420
3017430
3017450
3017530
3017540
3017570
3017580
3017610
3017630
3017640
3017700
3017730
3017760
3017770
3017800
3017810
3017820
3017830
3017860
3017910
3017980
3018030
3018070
3018090
3018130
3018160
3018170
3018190
3018290
3018300
3018320
3018340
3018360
3018390
3018420
3018430
3018460
3018480
3018500
3018530
3018580
3018600
3018620
3018630
3018640
3018680
3018700
3018720
3018730
3018750
3018770
3018800
3018830
3018890
3018900
3018910
3018940
3018990
3019000
3019030
3019040
3019060
3019080
3019110
3019150
3019160
3019200
3019220
3019270
3019290
3019320
3019350
3019360
3019370
3019380
3019400
3019440
3019450
3019490
3019510
3019550
3019570
3019610
3019650
3019700
3019710
3019740
3019750
3019770
3019780
3019800
3019830
3019850
3019870
3019880
3019930
3019950
3019990
3020020
3020030
3020130
3020150
3020220
3020240
3020250
3020260
3020270
3020280
3020300
3020310
3020320
3020330
3020340
3020350
3020360
3020370
3020460
3020480
3020510
3020530
3020540
3020550
3020570
3020580
3020590
3020600
3020620
3020630
3020780
3020850
3020870
3020950
3020960
3020970
3020980
3021000
3021020
3021060
3021090
3021100
3021150
3021220
3021290
3021320
3021330
3021350
3021370
3021390
3021440
3021520
3021530
3021540
3021550
3021620
3021630
3021640
3021650
3021700
3021720
3021750
3021780
3021800
3021830
3021850
3021860
3021870
3021890
3021900
3021920
3021970
3022010
3022040
3022060
3022080
3022110
3022120
3022130
3022270
3022290
3022300
3022320
3022340
3022360
3022370
3022380
3022390
3022470
3022500
3022510
3022530
3022540
3022560
3022640
3022660
3022680
3022690
3022740
3022750
3022780
3022810
3022840
3022850
3022860
3022870
3022880
3022900
3022910
3022950
3022960
3023020
3023070
3023100
3023120
3023170
3023190
3023210
3023250
3023270
3023360
3023380
3023400
3023440
3023460
3023470
3023490
3023550
3023600
3023610
3023620
3023660
3023670
3023680
3023690
3023700
3023800
3023870
3023880
3023930
3023960
3023980
3024020
3024040
3024050
3024080
3024100
3024110
3024120
3024130
3024160
3024170
3024190
3024220
3024250
3024320
3024350
3024370
3024410
3024490
3024510
3024520
3024530
3024540
3024560
3024640
3024660
3024690
3024710
3024720
3024730
3024760
3024770
3024830
3024840
3024860
3024890
3024920
3024940
3024950
3024960
3025020
3025030
3025060
3025100
3025140
3025150
3025160
3025180
3025200
3025220
3025240
3025260
3025280
3025290
3025300
3025310
3025320
3025330
3025340
3025380
3025450
3025470
3025540
3025560
3025590
3025600
3025610
3025620
3025630
3025730
3025740
3025760
3025770
3025790
3025800
3025820
3025840
3025860
3025870
3025880
3025910
3026000
3026030
3026100
3026130
3026160
3026170
3026180
3026240
3026250
3026290
3026300
3026310
3026330
3026350
3026360
3026380
3026430
3026440
3026450
3026460
3026480
3026560
3026620
3026640
3026650
3026710
3026720
3026730
3026740
3026770
3026830
3026920
3026980
3027000
3027040
3027060
3027160
3027170
3027260
3027300
3027310
3027430
3027470
3027480
3027490
3027550
3027580
3027590
3027600
3027620
3027630
3027670
3027690
3027700
3027710
3027740
3027780
3027810
3027820
3027830
3027850
3027900
3027910
3027920
3027930
3027960
3027970
3027980
3027990
3028010
3028060
3028070
3028120
3028130
3028140
3028150
3028160
3028170
3028200
3028210
3028220
3028230
3028280
3028290
3028300
3028310
3028330
3028370
3028390
3028400
3028410
3028420
3028430
3028440
3028500
3028540
3028550
3028560
3028600
3028610
3028660
3028680
3028700
3028720
3028730
3028830
3028840
3028870
3028880
3028890
3028900
3028920
3028930
3028990
3029010
3029030
3029050
3029070
3029090
3029110
3029130
3029140
3029180
3029190
3029220
3029230
3029250
3029260
3029270
3029340
3029380
3029420
3029440
3029450
3029470
3029480
3029490
3029500
3029520
3029540
3029550
3029570
3029600
3029610
3029680
3029690
3029750
3029800
3029810
3029840
3029870
3029880
3029910
3029960
3029990
3030000
3030010
3030020
3030130
3030160
3030190
3030200
3030210
3030230
3030240
3030250
3030260
3030290
3030360
3030390
3030440
3030470
3030490
3030530
3030550
3030560
3030580
3030590
3030610
3030620
3030650
3030680
3030720
3030730
3030740
3030760
3030810
3030820
3030830
3030850
3030860
3030870
3030920
3030930
3030950
3030980
3031010
3031020
3031050
3031060
3031070
3031080
3031100
3031110
3031130
3031140
3031150
3031160
3031170
3031250
3031340
3031360
3031390
3031440
3031450
3031470
3031580
3031590
3031600
3031640
3031650
3031660
3031700
3031720
3031740
3031750
3031780
3031870
3031880
3031890
3031930
3031940
3031980
3032010
3032020
3032080
3032100
3032110
3032120
3032130
3032140
3032150
3032160
3032190
3032210
3032230
3032240
3032250
3032260
3032350
3032360
3032430
3032450
3032460
3032520
3032530
3032540
3032560
3032580
3032590
3032600
3032610
3032620
3032630
3032640
3032650
3032660
3032730
3032790
3032810
3032820
3032830
3032930
3032940
3032950
3032970
3032980
3033030
3033050
3033080
3033090
3033120
3033130
3033180
3033190
3033200
3033220
3033230
3033310
3033340
3033410
3033420
3033430
3033470
3033490
3033500
3033510
3033520
3033540
3033560
3033600
3033660
3033710
3033730
3033740
3033760
3033770
3033810
3033820
3033880
3033890
3033900
3033930
3033950
3033960
3033970
3033980
3034050
3034070
3034120
3034130
3034150
3034160
3034170
3034180
3034190
3034290
3034300
3034330
3034340
3034350
3034390
3034400
3034430
3034440
3034450
3034520
3034530
3034550
3034560
3034580
3034590
3034600
3034630
3034640
3034650
3034660
3034670
3034680
3034710
3034720
3034740
3034750
3034760
3034810
3034820
3034840
3034870
3034920
3034960
3034970
3034980
3035000
3035010
3035020
3035080
3035090
3035100
3035120
3035140
3035150
3035180
3035250
3035270
3035290
3035300
3035310
3035320
3035330
3035340
3035360
3035400
3035430
3035440
3035450
3035460
3035490
3035500
3035530
3035570
3035620
3035640
3035660
3035710
3035740
3035760
3035780
3035800
3035810
3035850
3035860
3035870
3035880
3035890
3035910
3035920
3035940
3035960
3035970
3035990
3036010
3036080
3036150
3036170
3036220
3036260
3036280
3036310
3036320
3036330
3036350
3036360
3036380
3036390
3036410
3036440
3036470
3036480
3036500
3036520
3036530
3036560
3036580
3036600
3036610
3036630
3036650
3036660
3036710
3036760
3036800
3036820
3036840
3036880
3036890
3036900
3036940
3036960
3036970
3037000
3037010
3037020
3037040
3037060
3037070
3037120
3037130
3037140
3037170
3037180
3037200
3037310
3037330
3037340
3037370
3037380
3037390
3037410
3037460
3037470
3037480
3037510
3037550
3037560
3037620
3037650
3037660
3037690
3037740
3037790
3037800
3037830
3037900
3037930
3037940
3037950
3037960
3037970
3037990
3038010
3038020
3038070
3038080
3038090
3038190
3038250
3038270
3038290
3038340
3038500
3038520
3038530
3038580
3038590
3038620
3038640
3038690
3038700
3038710
3038720
3038740
3038790
3038820
3038840
3038850
3038920
3038940
3038970
3039010
3039020
3039040
3039060
3039100
3039130
3039230
3039250
3039260
3039280
3039310
3039320
3039340
3039350
3039360
3039370
3039430
3039490
3039500
3039590
3039640
3039650
3039720
3039780
3039820
3039840
3039890
3039910
3039920
3039930
3039960
3039970
3039980
3039990
3040000
3040010
3040030
3040110
3040130
3040150
3040170
3040180
3040220
3040240
3040260
3040270
3040290
3040350
3040370
3040390
3040400
3040430
3040470
3040480
3040560
3040570
3040590
3040610
3040670
3040680
3040690
3040740
3040800
3040810
3040820
3040830
3040850
3040870
3040880
3040900
3040910
3040930
3040940
3040970
3041070
3041100
3041110
3041130
3041160
3041180
3041200
3041210
3041220
3041230
3041260
3041280
3041300
3041330
3041340
3041420
3041440
3041500
3041550
3041560
3041640
3041670
3041680
3041690
3041700
3041720
3041730
3041750
3041770
3041780
3041800
3041810
3041820
3041890
3041920
3041930
3041940
3041960
3041980
3042000
3042010
3042040
3042050
3042060
3042090
3042120
3042160
3042190
3042230
3042250
3042260
3042270
3042280
3042340
3042360
3042370
3042460
3042470
3042480
3042520
3042560
3042580
3042630
3042640
3042650
3042660
3042680
3042690
3042710
3042720
3042790
3042800
3042810
3042830
3042840
3042850
3042860
3042990
3043010
3043020
3043030
3043080
3043090
3043120
3043140
3043150
3043160
3043210
3043280
3043290
3043300
3043310
3043320
3043330
3043370
3043400
3043420
3043430
3043540
3043570
3043580
3043650
3043690
3043710
3043740
3043760
3043790
3043810
3043840
3043860
3043920
3043940
3043950
3043960
3044000
3044030
3044040
3044060
3044070
3044100
3044110
3044120
3044140
3044150
3044180
3044190
3044210
3044220
3044240
3044330
3044350
3044400
3044420
3044440
3044450
3044510
3044520
3044540
3044550
3044560
3044580
3044610
3044620
3044680
3044690
3044740
3044750
3044770
3044780
3044790
3044810
3044910
3044920
3044940
3044970
3045000
3045010
3045030
3045050
3045060
3045070
3045100
3045110
3045120
3045140
3045150
3045170
3045180
3045200
3045220
3045240
3045260
3045270
3045300
3045320
3045330
3045340
3045350
3045370
3045390
3045400
3045440
3045450
3045510
3045520
3045530
3045540
3045560
3045630
3045650
3045660
3045690
3045730
3045770
3045780
3045870
3045890
3045970
3046020
3046050
3046060
3046120
3046130
3046140
3046150
3046170
3046190
3046230
3046270
3046280
3046290
3046300
3046350
3046430
3046440
3046460
3046470
3046490
3046500
3046510
3046520
3046530
3046540
3046600
3046610
3046620
3046670
3046680
3046700
3046710
3046740
3046750
3046760
3046780
3046800
3046820
3046850
3046880
3046980
3046990
3047000
3047030
3047070
3047090
3047100
3047180
3047220
3047230
3047290
3047300
3047310
3047320
3047340
3047370
3047380
3047420
3047430
3047440
3047460
3047500
3047510
3047520
3047560
3047570
3047580
3047600
3047610
3047680
3047690
3047720
3047740
3047750
3047760
3047770
3047780
3047810
3047820
3047900
3047910
3047990
3048020
3048030
3048040
3048050
3048060
3048090
3048100
3048110
3048140
3048160
3048190
3048210
3048280
3048290
3048300
3048330
3048340
3048380
3048400
3048420
3048430
3048500
3048510
3048540
3048650
3048660
3048670
3048750
3048760
3048770
3048790
3048820
3048830
3048840
3048930
3048980
3048990
3049000
3049010
3049020
3049080
3049110
3049130
3049140
3049160
3049190
3049240
3049270
3049300
3049320
3049330
3049380
3049400
3049410
3049440
3049450
3049460
3049470
3049480
3049550
3049610
3049620
3049650
3049690
3049700
3049770
3049780
3049800
3049830
3049840
3049850
3049860
3049900
3049910
3049980
3049990
3050010
3050020
3050090
3050100
3050120
3050140
3050160
3050170
3050180
3050200
3050210
3050220
3050230
3050250
3050460
3050480
3050490
3050520
3050530
3050540
3050580
3050590
3050600
3050630
3050640
3050660
3050690
3050700
3050760
3050800
3050810
3050870
3050900
3050920
3050950
3050970
3051000
3051030
3051050
3051060
3051070
3051080
3051090
3051100
3051110
3051160
3051170
3051180
3051220
3051240
3051260
3051270
3051280
3051340
3051380
3051470
3051480
3051490
3051520
3051580
3051600
3051610
3051620
3051630
3051640
3051650
3051660
3051700
3051720
3051910
3051950
3051960
3052140
3052150
3052190
3052220
3052310
3052320
3052330
3052420
3052450
3052480
3052500
3052510
3052520
3052540
3052550
3052610
3052650
3052700
3052730
3052740
3052790
3052820
3052850
3052870
3053130
3053200
3053210
3053290
3053300
3053310
3053320
3053330
3053340
3053370
3053380
3053390
3053400
3053420
3053490
3053500
3053520
3053530
3053690
3053720
3053750
3053770
3053810
3053830
3053850
3053860
3053870
3053880
3053890
3053910
3053920
3053950
3053960
3053970
3053990
3054060
3054070
3054090
3054110
3054120
3054130
3054140
3054180
3054200
3054210
3054260
3054290
3054300
3054330
3054350
3054370
3054410
3054440
3054450
3054470
3054480
3054490
3054540
3054550
3054610
3054670
3054680
3054690
3054700
3054710
3054720
3054750
3054760
3054820
3054910
3054930
3054950
3054960
3055000
3055020
3055050
3055070
3055100
3055110
3055120
3055150
3055170
3055180
3055200
3055210
3055230
3055250
3055290
3055330
3055340
3055370
3055390
3055400
3055420
3055430
3055460
3055480
3055510
3055530
3055550
3055580
3055590
3055600
3055610
3055630
3055640
3055690
3055710
3055720
3055780
3055790
3055810
3055930
3055950
3055970
3055990
3056000
3056040
3056070
3056090
3056110
3056220
3056270
3056280
3056300
3056310
3056350
3056370
3056420
3056430
3056480
3056520
3056550
3056570
3056580
3056590
3056600
3056610
3056640
3056650
3056660
3056720
3056730
3056760
3056780
3056790
3056840
3056850
3056860
3056870
3056890
3056940
3056960
3056980
3057000
3057020
3057040
3057060
3057110
3057180
3057190
3057220
3057250
3057280
3057290
3057330
3057340
3057350
3057360
3057390
3057400
3057410
3057460
3057470
3057490
3057550
3057570
3057670
3057710
3057720
3057760
3057810
3057820
3057830
3057850
3057880
3057890
3057940
3057960
3058000
3058010
3058020
3058030
3058080
3058090
3058100
3058110
3058130
3058140
3058180
3058190
3058200
3058210
3058230
3058240
3058250
3058310
3058360
3058400
3058430
3058480
3058490
3058500
3058520
3058550
3058560
3058570
3058620
3058630
3058640
3058660
3058680
3058690
3058700
3058710
3058720
3058740
3058760
3058770
3058790
3058800
3058810
3058820
3058860
3058890
3058940
3058960
3059000
3059010
3059040
3059070
3059150
3059160
3059200
3059220
3059230
3059240
3059250
3059270
3059280
3059290
3059300
3059330
3059350
3059380
3059390
3059400
3059420
3059470
3059480
3059490
3059500
3059520
3059560
3059570
3059660
3059670
3059730
3059750
3059760
3059770
3059790
3059800
3059820
3059840
3059850
3060080
3060110
3060130
3060170
3060200
3060210
3060240
3060250
3060300
3060340
3060390
3060400
3060430
3060440
3060470
3060500
3060550
3060560
3060580
3060590
3060600
3060630
3060700
3060730
3060790
3060830
3060850
3060870
3060900
3060940
3060970
3061000
3061020
3061030
3061040
3061070
3061100
3061140
3061170
3061200
3061230
3061250
3061330
3061370
3061380
3061390
3061430
3061450
3061470
3061480
3061500
3061520
3061540
3061550
3061560
3061570
3061580
3061590
3061630
3061650
3061680
3061690
3061700
3061730
3061760
3061770
3061790
3061810
3061880
3061890
3061900
3061910
3061920
3061940
3061950
3061960
3061970
3062010
3062030
3062040
3062050
3062060
3062080
3062150
3062160
3062170
3062260
3062330
3062380
3062400
3062410
3062440
3062450
3062490
3062500
3062530
3062550
3062560
3062570
3062580
3062600
3062610
3062620
3062630
3062640
3062650
3062680
3062700
3062710
3062720
3062740
3062750
3062790
3062830
3062930
3062970
3062980
3063040
3063050
3063070
3063090
3063120
3063130
3063150
3063190
3063200
3063210
3063220
3063240
3063280
3063290
3063390
3063400
3063420
3063430
3063450
3063460
3063510
3063520
3063600
3063650
3063670
3063680
3063710
3063720
3063730
3063740
3063750
3063780
3063790
3063870
3063890
3063900
3063920
3063940
3063950
3063960
3063970
3063980
3064000
3064010
3064020
3064030
3064040
3064060
3064110
3064130
3064140
3064160
3064190
3064230
3064240
3064250
3064270
3064290
3064320
3064370
3064410
3064420
3064450
3064470
3064480
3064500
3064510
3064530
3064540
3064550
3064560
3064590
3064610
3064620
3064660
3064670
3064720
3064730
3064750
3064770
3064790
3064800
3064810
3064850
3064870
3064880
3064910
3064950
3064980
3064990
3065030
3065080
3065090
3065120
3065140
3065150
3065160
3065180
3065250
3065260
3065270
3065310
3065350
3065360
3065380
3065460
3065480
3065500
3065630
3065700
3065710
3065720
3065740
3065800
3065810
3065820
3065860
3065870
3065880
3065900
3065910
3065920
3065940
3065980
3066010
3066030
3066060
3066070
3066100
3066110
3066120
3066190
3066200
3066210
3066220
3066230
3066260
3066270
3066280
3066300
3066310
3066320
3066360
3066370
3066390
3066430
3066440
3066460
3066470
3066490
3066510
3066570
3066610
3066650
3066660
3066680
3066830
3066840
3066850
3066870
3066910
3066920
3066950
3066970
3067010
3067020
3067030
3067040
3067050
3067060
3067070
3067080
3067160
3067170
3067180
3067200
3067260
3067310
3067330
3067340
3067350
3067360
3067370
3067380
3067390
3067400
3067410
3067420
3067430
3067440
3067620
3067640
3067650
3067680
3067770
3067780
3067790
3067810
3067840
3067850
3067890
3067920
3067930
3067950
3067960
3067970
3068020
3068060
3068080
3068090
3068100
3068140
3068210
3068220
3068230
3068300
3068320
3068380
3068420
3068440
3068450
3068580
3068610
3068640
3068660
3068670
3068680
3068710
3068720
3069030
3069040
3069050
3069070
3069080
3069120
3069130
3069140
3069150
3069190
3069200
3069220
3069230
3069280
3069290
3069300
