2301040
2301060
2301100
2301130
2301150
2301190
2301210
2301230
2301240
2301250
2301310
2301330
2301340
2301370
2301400
2301450
2301480
2301500
2301510
2301540
2301560
2301570
2301580
2301590
2301600
2301630
2301640
2301670
2301690
2301750
2301770
2301830
2301850
2301870
2301880
2301900
2301920
2301940
2301960
2301970
2301990
2302000
2302020
2302030
2302040
2302050
2302080
2302120
2302140
2302150
2302160
2302180
2302210
2302230
2302310
2302320
2302340
2302350
2302380
2302410
2302470
2302510
2302530
2302540
2302620
2302640
2302660
2302670
2302680
2302760
2302770
2302820
2302840
2302870
2302960
2302990
2303060
2303130
2303160
2303180
2303200
2303290
2303300
2303320
2303350
2303360
2303390
2303410
2303420
2303440
2303450
2303470
2303480
2303500
2303530
2303550
2303560
2303570
2303610
2303620
2303630
2303670
2303720
2303730
2303740
2303770
2303780
2303800
2303810
2303820
2303850
2303910
2303940
2303950
2304030
2304090
2304120
2304160
2304170
2304180
2304190
2304200
2304210
2304230
2304240
2304290
2304310
2304330
2304340
2304350
2304360
2304410
2304430
2304440
2304450
2304480
2304490
2304510
2304520
2304540
2304570
2304580
2304590
2304600
2304620
2304640
2304650
2304680
2304710
2304730
2304740
2304770
2304780
2304790
2304820
2304860
2304900
2304970
2304980
2304990
2305030
2305050
2305060
2305100
2305110
2305130
2305160
2305180
2305190
2305210
2305310
2305320
2305330
2305360
2305380
2305400
2305420
2305480
2305490
2305500
2305510
2305520
2305560
2305640
2305650
2305720
2305740
2305750
2305760
2305770
2305800
2305810
2305840
2305870
2305880
2305900
2305940
2305970
2305990
2306010
2306020
2306030
2306040
2306050
2306080
2306090
2306120
2306150
2306160
2306200
2306240
2306250
2306380
2306390
2306400
2306450
2306480
2306490
2306530
2306590
2306630
2306670
2306710
2306740
2306780
2306840
2306850
2306880
2306900
2306960
2306980
2307010
2307020
2307030
2307050
2307060
2307070
2307080
2307090
2307100
2307120
2307150
2307160
2307170
2307180
2307220
2307250
2307260
2307300
2307320
2307330
2307350
2307370
2307400
2307410
2307420
2307430
2307450
2307500
2307520
2307550
2307570
2307580
2307610
2307630
2307660
2307690
2307760
2307780
2307790
2307830
2307840
2307870
2307890
2307910
2307950
2308000
2308020
2308040
2308050
2308110
2308120
2308130
2308220
2308260
2308340
2308360
2308370
2308400
2308410
2308430
2308460
2308470
2308520
2308540
2308550
2308580
2308630
2308650
2308660
2308670
2308690
2308700
2308710
2308770
2308790
2308810
2308820
2308850
2308870
2308890
2308920
2308940
2308950
2308960
2309010
2309030
2309040
2309060
2309070
2309090
2309120
2309230
2309240
2309250
2309270
2309280
2309350
2309400
2309440
2309460
2309470
2309520
2309550
2309630
2309640
2309650
2309690
2309720
2309730
2309740
2309760
2309800
2309830
2309840
2309870
2309880
2309890
2309900
2309920
2310010
2310030
2310070
2310100
2310130
2310150
2310160
2310180
2310190
2310200
2310220
2310230
2310260
2310290
2310300
2310360
2310400
2310430
2310440
2310500
2310550
2310590
2310610
2310620
2310630
2310660
2310670
2310690
2310700
2310710
2310720
2310730
2310770
2310780
2310810
2310830
2310840
2310850
2310860
2310870
2310880
2310900
2310920
2310940
2310980
2310990
2311020
2311060
2311070
2311090
2311140
2311150
2311190
2311200
2311210
2311220
2311230
2311260
2311290
2311310
2311320
2311350
2311360
2311410
2311460
2311510
2311520
2311530
2311540
2311550
2311560
2311600
2311680
2311760
2311780
2311790
2311820
2311840
2311880
2311890
2311940
2311950
2311980
2311990
2312040
2312110
2312130
2312160
2312170
2312190
2312270
2312280
2312340
2312360
2312370
2312380
2312390
2312400
2312430
2312450
2312490
2312500
2312510
2312520
2312560
2312580
2312620
2312730
2312770
2312780
2312790
2312830
2312860
2312890
2312900
2312920
2312930
2312950
2312960
2312980
2313000
2313010
2313020
2313030
2313130
2313140
2313160
2313170
2313180
2313210
2313220
2313240
2313250
2313260
2313270
2313330
2313380
2313420
2313440
2313490
2313530
2313560
2313570
2313590
2313600
2313630
2313660
2313670
2313680
2313700
2313710
2313720
2313740
2313760
2313780
2313810
2313830
2313850
2313930
2313940
2313950
2313960
2313970
2313980
2313990
2314020
2314050
2314060
2314070
2314080
2314090
2314100
2314110
2314130
2314160
2314180
2314240
2314270
2314330
2314340
2314350
2314380
2314430
2314440
2314450
2314460
2314470
2314510
2314530
2314580
2314610
2314630
2314650
2314680
2314720
2314790
2314820
2314850
2314890
2314930
2314940
2314950
2314960
2314980
2315000
2315010
2315020
2315050
2315080
2315100
2315110
2315400
2315430
2315450
2315460
2315490
2315520
2315570
2315580
2315590
2315610
2315620
2315680
2315690
2315700
2315800
2315830
2315900
2315920
2315940
2315970
2315990
2316010
2316020
2316030
2316070
2316110
2316210
2316240
2316280
2316290
2316300
2316310
2316320
2316330
2316340
2316400
2316410
2316420
2316430
2316450
2316480
2316580
2316590
2316640
2316660
2316680
2316690
2316700
2316750
2316770
2316800
2316820
2316840
2316860
2316870
2316880
2316900
2316930
2316950
2316960
2316970
2317010
2317070
2317080
2317110
2317120
2317140
2317170
2317180
2317190
2317220
2317250
2317290
2317300
2317310
2317330
2317340
2317390
2317420
2317440
2317520
2317540
2317550
2317560
2317570
2317610
2317640
2317680
2317690
2317700
2317790
2317810
2317870
2317880
2317890
2317950
2317960
2318020
2318070
2318090
2318100
2318120
2318180
2318230
2318250
2318260
2318280
2318290
2318300
2318310
2318330
2318350
2318420
2318430
2318440
2318480
2318510
2318520
2318550
2318570
2318580
2318590
2318610
2318630
2318640
2318660
2318670
2318680
2318720
2318740
2318760
2318780
2318800
2318810
2318820
2318830
2318860
2318870
2318880
2318900
2318920
2318950
2319060
2319080
2319100
2319160
2319170
2319180
2319220
2319240
2319260
2319290
2319300
2319310
2319320
2319330
2319350
2319360
2319370
2319390
2319400
2319410
2319470
2319490
2319540
2319550
2319560
2319580
2319620
2319640
2319700
2319730
2319770
2319790
2319800
2319830
2319870
2319920
2319940
2320020
2320040
2320070
2320080
2320130
2320150
2320170
2320220
2320230
2320250
2320260
2320280
2320300
2320340
2320400
2320410
2320460
2320480
2320500
2320530
2320550
2320560
2320570
2320620
2320630
2320660
2320710
2320720
2320730
2320740
2320770
2320800
2320860
2320880
2320890
2320900
2320910
2320980
2320990
2321000
2321040
2321060
2321070
2321120
2321180
2321200
2321210
2321240
2321250
2321260
2321270
2321290
2321300
2321310
2321350
2321420
2321430
2321450
2321460
2321470
2321520
2321630
2321650
2321690
2321700
2321740
2321770
2321780
2321790
2321820
2321860
2321870
2321880
2321890
2321900
2321940
2321950
2321960
2321970
2322010
2322020
2322050
2322060
2322070
2322080
2322090
2322110
2322120
2322130
2322140
2322170
2322180
2322260
2322280
2322300
2322320
2322330
2322340
2322370
2322380
2322410
2322420
2322440
2322450
2322500
2322510
2322520
2322530
2322540
2322550
2322560
2322580
2322600
2322640
2322660
2322690
2322700
2322710
2322720
2322830
2322850
2322860
2322900
2322940
2322950
2323050
2323060
2323070
2323080
2323120
2323140
2323150
2323200
2323220
2323240
2323260
2323280
2323300
2323340
2323360
2323370
2323380
2323400
2323440
2323500
2323520
2323540
2323550
2323560
2323570
2323580
2323630
2323650
2323660
2323670
2323690
2323710
2323720
2323730
2323750
2323780
2323810
2323840
2323860
2323900
2323920
2323980
2324060
2324070
2324110
2324120
2324150
2324180
2324190
2324210
2324220
2324230
2324260
2324270
2324290
2324300
2324340
2324360
2324370
2324380
2324390
2324410
2324440
2324450
2324460
2324470
2324500
2324520
2324530
2324550
2324570
2324610
2324650
2324660
2324670
2324680
2324700
2324730
2324750
2324760
2324780
2324790
2324870
2324900
2324930
2324940
2324960
2325030
2325040
2325060
2325070
2325090
2325150
2325170
2325180
2325190
2325200
2325290
2325310
2325340
2325350
2325390
2325440
2325470
2325490
2325530
2325570
2325640
2325650
2325660
2325690
2325710
2325720
2325740
2325750
2325770
2325800
2325840
2325850
2325860
2325880
2325920
2325950
2325990
2326000
2326020
2326040
2326050
2326070
2326100
2326190
2326200
2326210
2326220
2326240
2326260
2326290
2326300
2326350
2326380
2326410
2326420
2326430
2326450
2326460
2326480
2326500
2326510
2326540
2326550
2326590
2326600
2326610
2326630
2326640
2326650
2326670
2326690
2326710
2326720
2326730
2326740
2326770
2326780
2326790
2326800
2326820
2326830
2326840
2326860
2326890
2326910
2326960
2327010
2327030
2327050
2327060
2327080
2327090
2327110
2327130
2327140
2327160
2327190
2327200
2327220
2327250
2327260
2327270
2327330
2327340
2327350
2327360
2327370
2327380
2327430
2327480
2327490
2327510
2327560
2327580
2327590
2327600
2327610
2327640
2327660
2327670
2327690
2327700
2327710
2327720
2327730
2327740
2327750
2327790
2327800
2327810
2327820
2327830
2327840
2327850
2327860
2327870
2327930
2327950
2327970
2327980
2328070
2328090
2328110
2328140
2328150
2328160
2328180
2328240
2328260
2328270
2328280
2328290
2328310
2328340
2328360
2328370
2328380
2328410
2328450
2328480
2328500
2328520
2328540
2328640
2328650
2328660
2328670
2328680
2328690
2328710
2328730
2328740
2328750
2328760
2328770
2328780
2328840
2328860
2328870
2328890
2328910
2328960
2328970
2328980
2328990
2329020
2329050
2329060
2329070
2329080
2329090
2329110
2329130
2329160
2329170
2329190
2329250
2329290
2329300
2329380
2329390
2329470
2329480
2329490
2329520
2329530
2329580
2329600
2329610
2329630
2329660
2329670
2329690
2329760
2329790
2329800
2329840
2329880
2329900
2329910
2329930
2329940
2329950
2329980
2330020
2330030
2330040
2330060
2330070
2330090
2330110
2330130
2330140
2330160
2330190
2330210
2330250
2330260
2330270
2330290
2330300
2330310
2330320
2330360
2330380
2330400
2330410
2330430
2330440
2330490
2330500
2330510
2330520
2330550
2330570
2330600
2330610
2330640
2330660
2330700
2330720
2330740
2330750
2330760
2330770
2330780
2330810
2330850
2330870
2330920
2330930
2330960
2330970
2330990
2331000
2331020
2331040
2331050
2331060
2331070
2331080
2331110
2331130
2331140
2331150
2331160
2331170
2331180
2331210
2331220
2331240
2331260
2331280
2331330
2331340
2331350
2331360
2331370
2331390
2331420
2331470
2331480
2331490
2331530
2331580
2331590
2331600
2331660
2331680
2331710
2331750
2331780
2331810
2331860
2331870
2331880
2331890
2331920
2331950
2331960
2331970
2331980
2331990
2332030
2332040
2332050
2332060
2332080
2332110
2332120
2332130
2332150
2332170
2332180
2332190
2332210
2332240
2332250
2332260
2332280
2332390
2332410
2332450
2332460
2332500
2332540
2332550
2332560
2332590
2332600
2332680
2332730
2332760
2332780
2332800
2332820
2332840
2332850
2332860
2332930
2332940
2332960
2332970
2332980
2333000
2333020
2333040
2333060
2333130
2333190
2333220
2333240
2333280
2333320
2333330
2333390
2333400
2333410
2333420
2333430
2333460
2333470
2333480
2333510
2333530
2333580
2333590
2333720
2333740
2333760
2333790
2333820
2333840
2333860
2333930
2333940
2334030
2334040
2334050
2334060
2334080
2334100
2334130
2334150
2334170
2334210
2334220
2334250
2334280
2334300
2334320
2334330
2334340
2334390
2334400
2334410
2334450
2334470
2334480
2334490
2334500
2334520
2334550
2334560
2334570
2334590
2334600
2334620
2334640
2334650
2334670
2334680
2334690
2334710
2334730
2334760
2334770
2334780
2334800
2334820
2334850
2334910
2334920
2334930
2334940
2334990
2335050
2335060
2335110
2335130
2335140
2335190
2335200
2335220
2335250
2335300
2335330
2335340
2335350
2335370
2335450
2335510
2335540
2335550
2335580
2335590
2335610
2335620
2335640
2335670
2335680
2335690
2335720
2335740
2335780
2335790
2335800
2335810
2335830
2335890
2335910
2335920
2335960
2335970
2336040
2336060
2336080
2336090
2336100
2336120
2336160
2336170
2336180
2336200
2336210
2336220
2336230
2336240
2336250
2336260
2336290
2336310
2336330
2336340
2336360
2336370
2336390
2336420
2336430
2336440
2336450
2336520
2336540
2336550
2336580
2336590
2336600
2336610
2336640
2336650
2336660
2336690
2336720
2336730
2336760
2336800
2336810
2336820
2336840
2336970
2336980
2336990
2337000
2337060
2337070
2337090
2337100
2337140
2337170
2337180
2337190
2337230
2337250
2337270
2337280
2337290
2337310
2337360
2337450
2337460
2337470
2337500
2337560
2337610
2337630
2337640
2337650
2337660
2337690
2337710
2337730
2337760
2337770
2337820
2337840
2337850
2337860
2337880
2337910
2337920
2337940
2337970
2337990
2338010
2338020
2338040
2338070
2338080
2338090
2338120
2338130
2338140
2338180
2338200
2338210
2338220
2338240
2338260
2338280
2338300
2338360
2338410
2338470
2338490
2338500
2338510
2338600
2338620
2338630
2338670
2338710
2338740
2338800
2338820
2338850
2338860
2338890
2338910
2338920
2338940
2338950
2338990
2339000
2339020
2339040
2339050
2339080
2339090
2339110
2339130
2339140
2339160
2339180
2339220
2339260
2339310
2339320
2339330
2339340
2339350
2339380
2339480
2339490
2339500
2339520
2339530
2339570
2339580
2339590
2339600
2339610
2339650
2339680
2339690
2339720
2339780
2339820
2339840
2339890
2339930
2339940
2339950
2339970
2339980
2340000
2340010
2340030
2340050
2340130
2340150
2340160
2340170
2340180
2340190
2340210
2340250
2340280
2340290
2340300
2340320
2340330
2340360
2340380
2340390
2340440
2340460
2340500
2340510
2340520
2340550
2340600
2340620
2340640
2340670
2340720
2340790
2340800
2340810
2340860
2340870
2340890
2340960
2340970
2340980
2340990
2341030
2341050
2341070
2341080
2341090
2341100
2341110
2341130
2341140
2341160
2341200
2341210
2341220
2341240
2341300
2341330
2341350
2341360
2341370
2341410
2341420
2341430
2341450
2341530
2341540
2341560
2341580
2341600
2341610
2341620
2341640
2341680
2341700
2341710
2341760
2341780
2341790
2341800
2341860
2341870
2341890
2341900
2341920
2342000
2342020
2342030
2342050
2342070
2342150
2342170
2342180
2342190
2342210
2342230
2342240
2342250
2342260
2342280
2342320
2342330
2342340
2342360
2342390
2342400
2342410
2342430
2342480
2342550
2342610
2342630
2342690
2342700
2342710
2342720
2342730
2342750
2342760
2342770
2342780
2342830
2342860
2342870
2342880
2342920
2342930
2342940
2342950
2342980
2342990
2343000
2343060
2343090
2343100
2343110
2343120
2343130
2343140
2343150
2343160
2343170
2343220
2343230
2343240
2343250
2343270
2343290
2343320
2343330
2343340
2343350
2343370
2343380
2343410
2343450
2343460
2343470
2343480
2343550
2343560
2343570
2343580
2343600
2343610
2343630
2343640
2343650
2343660
2343680
2343700
2343720
2343730
2343740
2343750
2343780
2343810
2343820
2343850
2343880
2343890
2343900
2343910
2343920
2343930
2343960
2343990
2344020
2344040
2344060
2344070
2344110
2344130
2344180
2344190
2344240
2344320
2344350
2344390
2344410
2344450
2344520
2344550
2344570
2344580
2344590
2344620
2344630
2344640
2344650
2344680
2344710
2344750
2344800
2344820
2344880
2344890
2344930
2344950
2344980
2344990
2345000
2345010
2345020
2345030
2345040
2345050
2345060
2345080
2345090
2345100
2345110
2345140
2345150
2345170
2345190
2345200
2345220
2345230
2345250
2345290
2345300
2345340
2345360
2345370
2345380
2345410
2345430
2345440
2345470
2345480
2345490
2345500
2345540
2345550
2345570
2345590
2345630
2345640
2345660
2345700
2345740
2345770
2345810
2345840
2345870
2345890
2345910
2345920
2345930
2345940
2345960
2345980
2345990
2346000
2346010
2346140
2346150
2346160
2346180
2346230
2346280
2346290
2346320
2346360
2346370
2346390
2346410
2346420
2346440
2346450
2346470
2346490
2346500
2346510
2346530
2346540
2346550
2346560
2346570
2346580
2346650
2346660
2346710
2346730
2346760
2346780
2346810
2346840
2346870
2346880
2346890
2346900
2346930
2346980
2347000
2347030
2347040
2347080
2347090
2347120
2347180
2347190
2347200
2347210
2347280
2347290
2347320
2347340
2347350
2347360
2347380
2347390
2347410
2347440
2347460
2347520
2347530
2347550
2347580
2347610
2347630
2347680
2347740
2347750
2347760
2347840
2347860
2347890
2347910
2347930
2347940
2347950
2347960
2347980
2348000
2348030
2348070
2348090
2348100
2348120
2348140
2348170
2348190
2348250
2348260
2348280
2348290
2348330
2348350
2348360
2348380
2348400
2348420
2348440
2348500
2348530
2348540
2348610
2348650
2348660
2348680
2348700
2348720
2348730
2348740
2348810
2348820
2348830
2348850
2348870
2348880
2348900
2348920
2348970
2348980
2349000
2349010
2349030
2349040
2349060
2349090
2349100
2349110
2349130
2349140
2349180
2349200
2349230
2349240
2349260
2349320
2349350
2349380
2349410
2349420
2349430
2349440
2349460
2349480
2349490
2349500
2349510
2349550
2349570
2349590
2349630
2349640
2349660
2349670
2349760
2349820
2349830
2349840
2349850
2349870
2349910
2349920
2349940
2349950
2349960
2349980
2349990
2350000
2350010
2350020
2350030
2350050
2350070
2350080
2350090
2350190
2350220
2350230
2350260
2350270
2350280
2350290
2350310
2350370
2350380
2350390
2350400
2350430
2350460
2350480
2350500
2350520
2350530
2350540
2350550
2350590
2350620
2350630
2350640
2350660
2350700
2350720
2350730
2350760
2350770
2350790
2350810
2350880
2350890
2350900
2350920
2350990
2351020
2351060
2351080
2351090
2351100
2351110
2351120
2351160
2351170
2351200
2351300
2351330
2351360
2351400
2351420
2351450
2351490
2351510
2351550
2351560
2351570
2351610
2351630
2351640
2351660
2351700
2351720
2351730
2351740
2351770
2351810
2351820
2351850
2351860
2351890
2351900
2351930
2351970
2351990
2352000
2352010
2352020
2352040
2352050
2352060
2352100
2352130
2352140
2352190
2352230
2352260
2352350
2352380
2352390
2352400
2352410
2352420
2352480
2352500
2352510
2352520
2352540
2352600
2352620
2352630
2352640
2352670
2352680
2352710
2352740
2352770
2352790
2352810
2352820
2352850
2352890
2352960
2353010
2353040
2353050
2353060
2353100
2353120
2353130
2353160
2353180
2353190
2353220
2353250
2353270
2353280
2353310
2353320
2353340
2353360
2353370
2353380
2353410
2353420
2353440
2353470
2353520
2353570
2353580
2353640
2353650
2353660
2353680
2353690
2353700
2353730
2353760
2353790
2353800
2353820
2353830
2353840
2353850
2353870
2353880
2353900
2353910
2353930
2353950
2353980
2354000
2354040
2354050
2354060
2354070
2354090
2354120
2354200
2354240
2354250
2354300
2354310
2354330
2354400
2354450
2354460
2354520
2354560
2354570
2354580
2354600
2354630
2354640
2354670
2354710
2354730
2354760
2354770
2354810
2354830
2354840
2354870
2354880
2354890
2354910
2354920
2354930
2354940
2354960
2354970
2355000
2355010
2355020
2355070
2355080
2355100
2355110
2355130
2355140
2355150
2355170
2355220
2355250
2355270
2355290
2355330
2355350
2355410
2355440
2355470
2355520
2355530
2355630
2355650
2355660
2355670
2355700
2355740
2355750
2355770
2355790
2355810
2355830
2355840
2355860
2355910
2355930
2355950
2355960
2355990
2356040
2356050
2356060
2356070
2356140
2356150
2356160
2356180
2356190
2356220
2356300
2356310
2356330
2356350
2356360
2356390
2356440
2356450
2356460
2356470
2356480
2356500
2356520
2356530
2356550
2356560
2356640
2356660
2356720
2356730
2356750
2356780
2356810
2356850
2356920
2356930
2356970
2357000
2357020
2357040
2357050
2357060
2357070
2357080
2357090
2357100
2357130
2357150
2357200
2357230
2357290
2357310
2357340
2357350
2357380
2357390
2357400
2357410
2357430
2357450
2357510
2357550
2357570
2357590
2357610
2357670
2357740
2357750
2357760
2357770
2357790
2357800
2357810
2357850
2357910
2357950
2357970
2357990
2358040
2358050
2358060
2358090
2358100
2358120
2358150
2358160
2358170
2358190
2358200
2358210
2358220
2358230
2358240
2358260
2358270
2358280
2358320
2358360
2358390
2358420
2358440
2358470
2358490
2358500
2358520
2358540
2358580
2358590
2358600
2358610
2358620
2358630
2358720
2358740
2358750
2358770
2358780
2358790
2358800
2358860
2358870
2358880
2358900
2358910
2358920
2358950
2358970
2358980
2358990
2359020
2359030
2359040
2359070
2359100
2359120
2359130
2359150
2359170
2359220
2359270
2359280
2359300
2359310
2359320
2359330
2359340
2359370
2359390
2359410
2359460
2359470
2359500
2359510
2359560
2359570
2359600
2359610
2359640
2359660
2359690
2359700
2359760
2359800
2359810
2359830
2359860
2359880
2359910
2359920
2359940
2359950
2359960
2359980
2360000
2360020
2360030
2360040
2360070
2360090
2360100
2360130
2360160
2360210
2360250
2360260
2360290
2360310
2360340
2360350
2360390
2360440
2360490
2360530
2360550
2360560
2360580
2360590
2360620
2360640
2360670
2360690
2360700
2360710
2360730
2360770
2360800
2360810
2360840
2360860
2360870
2360880
2360890
2360940
2360950
2360970
2361000
2361030
2361040
2361070
2361080
2361100
2361140
2361160
2361240
2361260
2361320
2361340
2361350
2361360
2361370
2361390
2361430
2361450
2361460
2361500
2361510
2361520
2361530
2361540
2361560
2361570
2361610
2361680
2361690
2361700
2361740
2361750
2361760
2361770
2361780
2361830
2361840
2361850
2361860
2361900
2361930
2361940
2361950
2362010
2362020
2362040
2362050
2362060
2362070
2362080
2362090
2362120
2362140
2362150
2362200
2362260
2362280
2362300
2362320
2362330
2362350
2362400
2362420
2362480
2362490
2362510
2362520
2362540
2362550
2362560
2362570
2362580
2362590
2362620
2362630
2362660
2362680
2362740
2362780
2362790
2362830
2362840
2362900
2362930
2362980
2363000
2363010
2363030
2363080
2363120
2363140
2363150
2363160
2363180
2363200
2363220
2363230
2363260
2363280
2363290
2363300
2363310
2363330
2363390
2363400
2363420
2363430
2363440
2363460
2363480
2363490
2363510
2363530
2363560
2363570
2363580
2363590
2363600
2363620
2363630
2363640
2363660
2363670
2363680
2363700
2363730
2363760
2363780
2363790
2363810
2363840
2363860
2363910
2363920
2363930
2363950
2363960
2364030
2364050
2364080
2364090
2364140
2364180
2364190
2364230
2364290
2364320
2364330
2364360
2364370
2364390
2364430
2364460
2364490
2364520
2364530
2364540
2364560
2364570
2364580
2364610
2364630
2364660
2364700
2364720
2364760
2364770
2364790
2364800
2364810
2364830
2364880
2364900
2364910
2364920
2364930
2364940
2364950
2364960
2364970
2364990
2365020
2365030
2365040
2365050
2365060
2365070
2365090
2365110
2365120
2365130
2365140
2365150
2365200
2365220
2365230
2365240
2365250
2365300
2365310
2365350
2365380
2365410
2365420
2365440
2365470
2365500
2365540
2365560
2365570
2365600
2365640
2365660
2365670
2365680
2365750
2365780
2365790
2365800
2365810
2365820
2365840
2365860
2365870
2365880
2365890
2365920
2365960
2365980
2366000
2366030
2366050
2366060
2366070
2366080
2366100
2366130
2366190
2366210
2366230
2366240
2366250
2366270
2366290
2366300
2366350
2366360
2366400
2366430
2366440
2366450
2366500
2366530
2366600
2366690
2366700
2366710
2366730
2366760
2366770
2366850
2366910
2366950
2366970
2366980
2366990
2367050
2367120
2367150
2367190
2367230
2367280
2367320
2367330
2367370
2367420
2367440
2367460
2367470
2367480
2367500
2367560
2367570
2367580
2367590
2367600
2367610
2367640
2367650
2367660
2367680
2367690
2367710
2367730
2367740
2367750
2367760
2367770
2367780
2367790
2367800
2367820
2367840
2367850
2367880
2367960
2368030
2368070
2368080
2368100
2368130
2368160
2368190
2368200
2368220
2368250
2368260
2368300
2368310
2368320
2368330
2368350
2368370
2368390
2368400
2368430
2368460
2368470
2368490
2368510
2368530
2368540
2368570
2368650
2368670
2368720
2368780
2368800
2368810
2368820
2368840
2368860
2368880
2368930
2368940
2369100
2369130
2369140
2369170
2369250
2369320
2369380
2369390
2369400
2369410
2369430
2369440
2369460
2369480
2369500
2369520
2369550
2369580
2369590
2369600
2369610
2369630
2369640
2369730
2369740
2369750
2369760
2369780
2369810
2369850
2369880
2369900
2369930
2369940
2369950
2369970
2370000
2370020
2370030
2370060
2370070
2370100
2370110
2370130
2370140
2370170
2370180
2370230
2370270
2370280
2370290
2370300
2370310
2370320
2370330
2370380
2370390
2370420
2370540
2370560
2370600
2370640
2370650
2370660
2370680
2370740
2370760
2370770
2370790
2370800
2370880
2370920
2370950
2370990
2371040
2371060
2371110
2371120
2371130
2371160
2371180
2371190
2371220
2371230
2371240
2371260
2371270
2371280
2371290
2371310
2371330
2371350
2371390
2371400
2371410
2371430
2371450
2371460
2371470
2371480
2371490
2371510
2371520
2371550
2371560
2371600
2371630
2371650
2371670
2371680
2371690
2371710
2371720
2371730
2371750
2371800
2371820
2371850
2371880
2371890
2371900
2371910
2371920
2371990
2372030
2372040
2372050
2372060
2372070
2372080
2372090
2372110
2372120
2372150
2372170
2372180
2372190
2372200
2372220
2372240
2372250
2372280
2372300
2372320
2372330
2372340
2372350
2372370
2372400
2372430
2372440
2372450
2372480
2372490
2372500
2372510
2372520
2372550
2372560
2372580
2372610
2372620
2372750
2372760
2372770
2372800
2372860
2372870
2372880
2372890
2372910
2372930
2372950
2372970
2372980
2373000
2373020
2373030
2373050
2373060
2373080
2373100
2373130
2373180
2373200
2373220
2373260
2373280
2373290
2373340
2373360
2373380
2373390
2373440
2373450
2373460
2373490
2373500
2373540
2373550
2373560
2373580
2373590
2373600
2373630
2373690
2373700
2373720
2373760
2373780
2373800
2373810
2373830
2373850
2373860
2373890
2373900
2373910
2373920
2373940
2373950
2373960
2373970
2373990
2374000
2374010
2374030
2374040
2374090
2374170
2374190
2374210
2374240
2374280
2374290
2374320
2374340
2374360
2374410
2374420
2374430
2374440
2374480
2374550
2374560
2374570
2374580
2374590
2374610
2374620
2374660
2374670
2374730
2374820
2374990
2375020
2375040
2375050
2375070
2375080
2375090
2375100
2375160
2375180
2375190
2375220
2375260
2375280
2375290
2375380
2375400
2375410
2375420
2375430
2375450
2375480
2375530
2375540
2375550
2375560
2375570
2375580
2375590
2375600
2375610
2375640
2375650
2375710
2375730
2375740
2375760
2375810
2375850
2375870
2375930
2375940
2375960
2375990
2376000
2376020
2376030
2376070
2376080
2376140
2376160
2376170
2376190
2376210
2376250
2376260
2376270
2376280
2376290
2376300
2376310
2376320
2376340
2376370
2376380
2376390
2376410
2376430
2376450
2376470
2376510
2376540
2376550
2376570
2376600
2376610
2376620
2376690
2376710
2376720
2376740
2376750
2376760
2376770
2376780
2376870
2376930
2376970
2376980
2376990
2377020
2377070
2377090
2377100
2377110
2377120
2377140
2377160
2377210
2377230
2377240
2377250
2377260
2377270
2377280
2377300
2377320
2377340
2377360
2377380
2377410
2377420
2377430
2377450
2377480
2377490
2377520
2377530
2377590
2377600
2377610
2377620
2377630
2377660
2377700
2377720
2377780
2377860
2377890
2377910
2377920
2377930
2377970
2377980
2377990
2378010
2378060
2378100
2378120
2378130
2378140
2378150
2378160
2378220
2378230
2378250
2378290
2378300
2378310
2378370
2378380
2378390
2378400
2378410
2378460
2378480
2378490
2378520
2378540
2378620
2378640
2378690
2378720
2378810
2378880
2378900
2378910
2378970
2378990
2379030
2379060
2379070
2379160
2379200
2379230
2379280
2379300
2379340
2379350
2379360
2379370
2379390
2379460
2379470
2379500
2379520
2379580
2379590
2379610
2379620
2379650
2379680
2379690
2379700
2379720
2379730
2379740
2379750
2379770
2379780
2379790
2379800
2379810
2379820
2379830
2379850
2379880
2379890
2379910
2379960
2379980
2380050
2380070
2380090
2380130
2380150
2380190
2380220
2380230
2380240
2380250
2380300
2380310
2380320
2380340
2380360
2380410
2380450
2380490
2380520
2380540
2380550
2380560
2380590
2380600
2380620
2380710
2380720
2380760
2380780
2380810
2380820
2380830
2380840
2380850
2380860
2380870
2380910
2380920
2380930
2380940
2380990
2381010
2381040
2381050
2381060
2381100
2381160
2381170
2381230
2381240
2381260
2381270
2381290
2381310
2381320
2381330
2381340
2381430
2381460
2381500
2381520
2381550
2381570
2381600
2381620
2381630
2381640
2381670
2381690
2381710
2381730
2381740
2381770
2381800
2381810
2381840
2381850
2381860
2381870
2381880
2381930
2381940
2381990
2382000
2382040
2382050
2382060
2382070
2382080
2382090
2382110
2382120
2382130
2382140
2382150
2382160
2382170
2382180
2382190
2382200
2382210
2382230
2382240
2382250
2382260
2382280
2382310
2382380
2382410
2382440
2382450
2382470
2382490
2382520
2382540
2382570
2382580
2382600
2382610
2382620
2382640
2382650
2382660
2382670
2382710
2382730
2382770
2382780
2382810
2382870
2382920
2382960
2382970
2383050
2383080
2383120
2383130
2383180
2383190
2383200
2383220
2383240
2383310
2383380
2383450
2383520
2383530
2383620
2383650
2383660
2383700
2383710
2383760
2383770
2383780
2383820
2383830
2383850
2383860
2383870
2383880
2383900
2383920
2383940
2383960
2383970
2383990
2384000
2384010
2384020
2384050
2384090
2384120
2384130
2384140
2384190
2384230
2384240
2384250
2384280
2384290
2384300
2384310
2384320
2384350
2384360
2384380
2384390
2384430
2384440
2384470
2384510
2384580
2384600
2384610
2384640
2384680
2384710
2384720
2384730
2384780
2384790
2384800
2384840
2384850
2384860
2384890
2384900
2384920
2384940
2384980
2384990
2385050
2385090
2385120
2385140
2385190
2385210
2385230
2385240
2385260
2385280
2385290
2385320
2385330
2385350
2385360
2385370
2385450
2385480
2385490
2385510
2385530
2385550
2385560
2385590
2385620
2385630
2385660
2385670
2385680
2385690
2385720
2385760
2385780
2385800
2385810
2385850
2385910
2385920
2385930
2385970
2385980
2385990
2386000
2386070
2386090
2386160
2386200
2386240
2386250
2386300
2386310
2386330
2386340
2386350
2386370
2386380
2386400
2386420
2386430
2386450
2386470
2386490
2386520
2386560
2386580
2386590
2386610
2386620
2386670
2386700
2386710
2386720
2386750
2386770
2386790
2386800
2386840
2386850
2386870
2386880
2386910
2386920
2386930
2386960
2386970
2387010
2387020
2387030
2387040
2387100
2387110
2387120
2387130
2387140
2387150
2387200
2387210
2387270
2387280
2387290
2387300
2387310
2387350
2387360
2387380
2387400
2387410
2387430
2387450
2387460
2387470
2387480
2387560
2387660
2387670
2387700
2387720
2387740
2387750
2387770
2387780
2387820
2387830
2387950
2388010
2388020
2388030
2388070
2388110
2388140
2388190
2388200
2388250
2388360
2388390
2388400
2388410
2388420
2388430
2388440
2388460
2388470
2388480
2388510
2388520
2388540
2388580
2388600
2388610
2388620
2388670
2388690
2388720
2388740
2388750
2388810
2388820
2388850
2388860
2388880
2388890
2388900
2388920
2388970
2388980
2388990
2389000
2389010
2389020
2389030
2389040
2389100
2389140
2389150
2389170
2389220
2389230
2389240
2389250
2389260
2389270
2389290
2389340
2389360
2389410
2389420
2389440
2389480
2389500
2389530
2389560
2389570
2389600
2389610
2389660
2389680
2389700
2389710
2389770
2389800
2389810
2389830
2389860
2389880
2389890
2389900
2389940
2390000
2390020
2390060
2390070
2390130
2390160
2390170
2390220
2390230
2390260
2390290
2390310
2390360
2390410
2390420
2390450
2390480
2390490
2390500
2390510
2390520
2390530
2390580
2390590
2390600
2390650
2390660
2390670
2390680
2390700
2390730
2390750
2390780
2390840
2390850
2390860
2390900
2390910
2390940
2391040
2391050
2391080
2391090
2391100
2391110
2391120
2391140
2391180
2391200
2391240
2391260
2391300
2391310
2391400
2391420
2391440
2391490
2391570
2391580
2391610
2391640
2391650
2391680
2391690
2391750
2391780
2391800
2391830
2391840
2391870
2391900
2391910
2391940
2391950
2391990
2392000
2392010
2392040
2392060
2392070
2392140
2392150
2392160
2392230
2392280
2392310
2392330
2392400
2392420
2392430
2392440
2392480
2392500
2392520
2392660
2392690
2392730
2392740
2392760
2392780
2392790
2392810
2392850
2392900
2392960
2392970
2392980
2392990
2393030
2393050
2393100
2393130
2393140
2393160
2393180
2393250
2393290
2393330
2393340
2393370
2393410
2393420
2393460
2393470
2393490
2393510
2393550
2393580
2393590
2393630
2393670
2393730
2393760
2393770
2393790
2393810
2393820
2393860
2393870
2393880
2393890
2393900
2393910
2393920
2393970
2394060
2394070
2394110
2394130
2394170
2394180
2394190
2394240
2394250
2394260
2394300
2394310
2394350
2394400
2394410
2394430
2394440
2394450
2394460
2394500
2394590
2394600
2394610
2394630
2394650
2394680
2394740
2394770
2394780
2394810
2394830
2394840
2394870
2394910
2394930
2394940
2395000
2395010
2395030
2395060
2395120
2395150
2395190
2395210
2395220
2395230
2395260
2395300
2395310
2395360
2395380
2395400
2395410
2395450
2395460
2395470
2395510
2395520
2395530
2395550
2395580
2395590
2395630
2395660
2395680
2395690
2395730
2395760
2395770
2395790
2395810
2395820
2395840
2395850
2395860
2395890
2395900
2395910
2395940
2395960
2396000
2396010
2396060
2396090
2396120
2396130
2396140
2396150
2396160
2396170
2396180
2396190
2396200
2396220
2396240
2396250
2396300
2396320
2396330
2396340
2396350
2396380
2396400
2396450
2396510
2396530
2396540
2396620
2396630
2396640
2396660
2396670
2396680
2396690
2396740
2396760
2396770
2396800
2396830
2396860
2396900
2396910
2396980
2396990
2397000
2397110
2397120
2397140
2397230
2397240
2397250
2397260
2397300
2397320
2397370
2397380
2397400
2397420
2397440
2397450
2397490
2397500
2397510
2397600
2397630
2397690
2397700
2397750
2397770
2397810
2397830
2397840
2397880
2397910
2397950
2398000
2398010
2398020
2398030
2398100
2398110
2398120
2398130
2398140
2398170
2398190
2398210
2398220
2398240
2398260
2398290
2398300
2398310
2398350
2398360
2398370
2398410
2398430
2398450
2398480
2398490
2398520
2398530
2398540
2398550
2398570
2398580
2398590
2398630
2398640
2398660
2398680
2398720
2398730
2398750
2398760
2398800
2398870
2398880
2398900
2398920
2398930
2398940
2398980
2399040
2399060
2399070
2399080
2399100
2399110
2399120
2399130
2399140
2399160
2399170
2399180
2399190
2399200
2399220
2399310
2399370
2399420
2399430
2399450
2399480
2399540
2399570
2399590
2399600
2399640
2399670
2399700
2399710
2399730
2399760
2399770
2399810
2399830
2399840
2399860
2399910
2399930
2399980
2400060
2400080
2400100
2400160
2400170
2400180
2400190
2400280
2400290
2400340
2400370
2400380
2400420
2400430
2400510
2400520
2400540
2400550
2400590
2400640
2400650
2400670
2400690
2400700
2400730
2400740
2400760
2400770
2400790
2400810
2400840
2400850
2400860
2400880
2400960
2400980
2401030
2401040
2401060
2401080
2401090
2401100
2401220
2401230
2401240
2401280
2401340
2401350
2401370
2401380
2401410
2401420
2401450
2401460
2401540
2401580
2401680
2401730
2401740
2401810
2401870
2401910
2401920
2401950
2401970
2402010
2402020
2402060
2402070
2402080
2402090
2402100
2402170
2402200
2402220
2402230
2402270
2402280
2402310
2402340
2402450
2402460
2402470
2402500
2402520
2402530
2402540
2402620
2402630
2402640
2402650
2402680
2402690
2402710
2402720
2402740
2402760
2402770
2402790
2402820
2402860
2402900
2402920
2402930
2402950
2402980
2402990
2403000
2403020
2403040
2403050
2403060
2403080
2403090
2403100
2403110
2403120
2403130
2403240
2403250
2403260
2403290
2403320
2403340
2403350
2403370
2403380
2403390
2403430
2403450
2403500
2403550
2403560
2403570
2403590
2403600
2403610
2403620
2403640
2403660
2403670
2403680
2403730
2403780
2403830
2403880
2403900
2403940
2403950
2404000
2404010
2404060
2404070
2404100
2404110
2404160
2404170
2404190
2404210
2404230
2404240
2404280
2404300
2404330
2404360
2404370
2404390
2404400
2404420
2404430
2404490
2404510
2404530
2404550
2404610
2404620
2404630
2404670
2404700
2404720
2404770
2404790
2404800
2404820
2404850
2404870
2404880
2404890
2404900
2404920
2404950
2404960
2404970
2404990
2405020
2405060
2405070
2405110
2405120
2405170
2405270
2405280
2405290
2405310
2405330
2405340
2405350
2405360
2405390
2405400
2405420
2405450
2405480
2405540
2405640
2405660
2405670
2405680
2405690
2405730
2405740
2405800
2405830
2405860
2405870
2405900
2405920
2405970
2405980
2405990
2406020
2406030
2406060
2406080
2406100
2406110
2406120
2406140
2406150
2406160
2406180
2406190
2406200
2406220
2406230
2406360
2406370
2406400
2406470
2406480
2406490
2406520
2406540
2406550
2406560
2406570
2406590
2406610
2406630
2406640
2406660
2406680
2406690
2406730
2406750
2406770
2406810
2406830
2406870
2406880
2406910
2406930
2406940
2406950
2406960
2406970
2406990
2407010
2407070
2407090
2407100
2407120
2407160
2407200
2407230
2407240
2407270
2407300
2407310
2407330
2407350
2407370
2407400
2407460
2407470
2407520
2407530
2407550
2407590
2407600
2407610
2407620
2407630
2407660
2407680
2407710
2407720
2407780
2407800
2407830
2407840
2407900
2407910
2407920
2407950
2407960
2408030
2408060
2408070
2408080
2408090
2408110
2408120
2408150
2408180
2408210
2408220
2408240
2408260
2408270
2408280
2408290
2408310
2408330
2408340
2408350
2408370
2408380
2408460
2408600
2408610
2408630
2408640
2408670
2408680
2408700
2408720
2408740
2408750
2408760
2408790
2408820
2408870
2408880
2408890
2408920
2409000
2409010
2409040
2409050
2409060
2409080
2409100
2409110
2409140
2409160
2409200
2409240
2409250
2409260
2409320
2409360
2409390
2409410
2409430
2409450
2409490
2409500
2409540
2409570
2409580
2409670
2409680
2409690
2409700
2409710
2409780
2409790
2409840
2409850
2409920
2409950
2409970
2409990
2410010
2410030
2410080
2410100
2410110
2410130
2410140
2410150
2410170
2410190
2410200
2410230
2410260
2410310
2410320
2410360
2410370
2410390
2410420
2410430
2410440
2410460
2410470
2410480
2410490
2410500
2410590
2410610
2410620
2410640
2410680
2410690
2410700
2410730
2410740
2410750
2410780
2410800
2410810
2410820
2410850
2410860
2410870
2410880
2410890
2410900
2410910
2410930
2410940
2410960
2410970
2411050
2411060
2411100
2411110
2411120
2411140
2411150
2411170
2411200
2411210
2411240
2411260
2411280
2411310
2411320
2411340
2411360
2411370
2411380
2411390
2411410
2411430
2411470
2411510
2411530
2411560
2411590
2411610
2411620
2411640
2411660
2411670
2411730
2411760
2411770
2411780
2411790
2411830
2411850
2411870
2411880
2411890
2411910
2411920
2411930
2411940
2411950
2411960
2411970
2411980
2412000
2412010
2412050
2412060
2412090
2412100
2412110
2412120
2412140
2412150
2412160
2412170
2412180
2412190
2412200
2412240
2412280
2412310
2412410
2412420
2412430
2412460
2412490
2412540
2412580
2412600
2412620
2412640
2412650
2412660
2412700
2412710
2412730
2412740
2412750
2412780
2412810
2412830
2412850
2412880
2412960
2412970
2413000
2413030
2413040
2413050
2413060
2413080
2413090
2413140
2413160
2413190
2413210
2413220
2413230
2413300
2413310
2413340
2413370
2413410
2413450
2413470
2413480
2413490
2413500
2413510
2413520
2413570
2413580
2413590
2413620
2413640
2413660
2413690
2413710
2413720
2413730
2413750
2413800
2413840
2413860
2413920
2413930
2413940
2413950
2413960
2414010
2414020
2414110
2414140
2414190
2414210
2414240
2414260
2414270
2414310
2414320
2414330
2414340
2414350
2414360
2414410
2414420
2414440
2414450
2414470
2414500
2414520
2414530
2414550
2414570
2414580
2414600
2414630
2414640
2414650
2414660
2414680
2414710
2414730
2414740
2414750
2414790
2414810
2414850
2414900
2414920
2414950
2414990
2415000
2415010
2415030
2415050
2415080
2415120
2415130
2415180
2415240
2415280
2415320
2415340
2415430
2415450
2415470
2415480
2415500
2415530
2415540
2415640
2415650
2415660
2415670
2415680
2415770
2415850
2415950
2415960
2415980
2416000
2416030
2416050
2416060
2416100
2416120
2416150
2416190
2416250
2416260
2416290
2416350
2416360
2416370
2416380
2416410
2416450
2416460
2416470
2416480
2416490
2416500
2416510
2416550
2416600
2416630
2416650
2416670
2416710
2416720
2416740
2416760
2416770
2416780
2416790
2416830
2416860
2416880
2416920
2416930
2416940
2416960
2416970
2416990
2417000
2417030
2417090
2417100
2417130
2417140
2417150
2417160
2417180
2417240
2417250
2417260
2417270
2417300
2417310
2417340
2417400
2417430
2417470
2417480
2417490
2417510
2417520
2417530
2417560
2417580
2417590
2417600
2417610
2417620
2417630
2417650
2417660
2417700
2417710
2417730
2417790
2417840
2417850
2417890
2417900
2417930
2417940
2417950
2417960
2417970
2417990
2418000
2418020
2418040
2418110
2418120
2418170
2418240
2418290
2418320
2418340
2418380
2418440
2418450
2418480
2418490
2418500
2418520
2418530
2418600
2418610
2418630
2418680
2418700
2418720
2418730
2418740
2418780
2418820
2418840
2418870
2418890
2418930
2418940
2418980
2418990
2419010
2419020
2419090
2419120
2419180
2419200
2419210
2419220
2419240
2419250
2419290
2419300
2419330
2419360
2419370
2419380
2419410
2419430
2419440
2419500
2419550
2419610
2419640
2419660
2419670
2419690
2419710
2419720
2419730
2419740
2419770
2419800
2419830
2419870
2419880
2419900
2419930
2419970
2420000
2420040
2420050
2420090
2420100
2420110
2420140
2420220
2420230
2420240
2420250
2420290
2420300
2420330
2420350
2420390
2420400
2420450
2420460
2420470
2420500
2420510
2420520
2420530
2420540
2420560
2420580
2420590
2420620
2420630
2420640
2420660
2420690
2420700
2420710
2420740
2420750
2420780
2420800
2420810
2420820
2420860
2420870
2420880
2420890
2420910
2420930
2420960
2420970
2420980
2420990
2421000
2421010
2421020
2421040
2421080
2421110
2421190
2421200
2421240
2421250
2421270
2421280
2421290
2421300
2421310
2421320
2421350
2421360
2421370
2421390
2421410
2421430
2421440
2421450
2421470
2421480
2421510
2421520
2421540
2421560
2421620
2421640
2421660
2421690
2421720
2421750
2421770
2421780
2421800
2421820
2421830
2421840
2421850
2421880
2421910
2421950
2422050
2422080
2422090
2422110
2422170
2422180
2422210
2422310
2422340
2422360
2422390
2422450
2422540
2422560
2422570
2422590
2422610
2422710
2422720
2422770
2422810
2422840
2422850
2422870
2422880
2422910
2422990
2423000
2423020
2423050
2423070
2423080
2423090
2423100
2423130
2423140
2423180
2423200
2423270
2423280
2423290
2423300
2423320
2423360
2423400
2423470
2423480
2423590
2423620
2423650
2423660
2423670
2423710
2423740
2423760
2423770
2423780
2423830
2423860
2423940
2423960
2424000
2424010
2424040
2424050
2424110
2424160
2424170
2424230
2424240
2424270
2424300
2424310
2424330
2424420
2424440
2424450
2424470
2424480
2424490
2424500
2424510
2424630
2424650
2424660
2424680
2424710
2424720
2424730
2424740
2424810
2424820
2424830
2424850
2424910
2424940
2424970
2424980
2425010
2425080
2425090
2425110
2425130
2425150
2425160
2425190
2425200
2425260
2425270
2425280
2425290
2425300
2425310
2425320
2425360
2425370
2425380
2425400
2425410
2425420
2425460
2425480
2425500
2425540
2425570
2425580
2425620
2425650
2425670
2425680
2425700
2425720
2425740
2425770
2425780
2425790
2425890
2425920
2425950
2425960
2425970
2426000
2426020
2426030
2426070
2426100
2426120
2426150
2426220
2426230
2426250
2426260
2426280
2426290
2426310
2426330
2426350
2426370
2426380
2426400
2426460
2426500
2426520
2426530
2426590
2426610
2426640
2426660
2426710
2426770
2426780
2426800
2426830
2426840
2426860
2426890
2426900
2426960
2426990
2427000
2427050
2427070
2427100
2427120
2427130
2427140
2427160
2427220
2427230
2427270
2427280
2427290
2427310
2427320
2427360
2427410
2427420
2427430
2427450
2427460
2427470
2427510
2427530
2427540
2427550
2427570
2427590
2427610
2427640
2427660
2427680
2427700
2427770
2427790
2427800
2427810
2427820
2427840
2427850
2427870
2427910
2427940
2427950
2427960
2427980
2428020
2428100
2428140
2428170
2428190
2428200
2428230
2428260
2428310
2428320
2428370
2428390
2428410
2428420
2428440
2428450
2428460
2428470
2428480
2428490
2428520
2428600
2428620
2428640
2428660
2428680
2428690
2428700
2428730
2428750
2428780
2428790
2428800
2428810
2428840
2428920
2428940
2428960
2428980
2428990
2429000
2429040
2429050
2429070
2429090
2429100
2429140
2429160
2429190
2429200
2429220
2429230
2429240
2429250
2429260
2429270
2429280
2429310
2429330
2429340
2429350
2429360
2429380
2429410
2429420
2429440
2429450
2429460
2429480
2429490
2429530
2429540
2429580
2429590
2429600
2429620
2429630
2429640
2429710
2429720
2429750
2429760
2429810
2429860
2429870
2429890
2429930
2429960
2429970
2430010
2430020
2430080
2430110
2430160
2430170
2430190
2430200
2430220
2430250
2430260
2430280
2430290
2430300
2430310
2430360
2430370
2430380
2430390
2430410
2430440
2430470
2430500
2430510
2430540
2430550
2430580
2430590
2430620
2430630
2430640
2430660
2430680
2430690
2430700
2430710
2430730
2430760
2430770
2430790
2430800
2430810
2430820
2430830
2430860
2430900
2430910
2430980
2430990
2431030
2431070
2431090
2431100
2431110
2431130
2431140
2431200
2431210
2431220
2431230
2431260
2431280
2431310
2431320
2431330
2431360
2431370
2431380
2431390
2431410
2431480
2431490
2431510
2431520
2431560
2431570
2431580
2431590
2431600
2431610
2431640
2431650
2431690
2431700
2431720
2431730
2431740
2431760
2431790
2431820
2431830
2431840
2431850
2431880
2431920
2431940
2431960
2431980
2432000
2432010
2432030
2432040
2432060
2432100
2432110
2432190
2432230
2432240
2432250
2432260
2432280
2432300
2432310
2432450
2432460
2432470
2432490
2432500
2432510
2432530
2432580
2432600
2432630
2432660
2432670
2432770
2432780
2432860
2432900
2432930
2432940
2432980
2432990
2433010
2433150
2433160
2433170
2433220
2433230
2433240
2433280
2433320
2433330
2433360
2433370
2433380
2433390
2433400
2433460
2433470
2433480
2433500
2433560
2433600
2433610
2433620
2433630
2433640
2433670
2433680
2433690
2433700
2433710
2433730
2433740
2433790
2433810
2433820
2433830
2433850
2433860
2433910
2433940
2433950
2433960
2434000
2434020
2434050
2434060
2434080
2434090
2434100
2434110
2434120
2434130
2434160
2434290
2434300
2434310
2434330
2434340
2434370
2434380
2434400
2434420
2434440
2434450
2434480
2434490
2434510
2434540
2434570
2434590
2434600
2434620
2434640
2434660
2434670
2434710
2434720
2434760
2434810
2434830
2434860
2434870
2434910
2434930
2434940
2435000
2435010
2435020
2435030
2435040
2435050
2435090
2435120
2435180
2435200
2435220
2435230
2435240
2435250
2435270
2435280
2435300
2435310
2435320
2435330
2435350
2435360
2435390
2435410
2435450
2435460
2435470
2435490
2435510
2435520
2435560
2435590
2435600
2435610
2435620
2435680
2435690
2435710
2435720
2435730
2435750
2435770
2435800
2435810
2435840
2435870
2435880
2435890
2435900
2435910
2435920
2435960
2435980
2435990
2436030
2436060
2436070
2436090
2436110
2436130
2436140
2436150
2436160
2436180
2436190
2436230
2436240
2436280
2436330
2436340
2436350
2436380
2436390
2436400
2436410
2436420
2436440
2436470
2436480
2436490
2436500
2436570
2436660
2436680
2436730
2436750
2436810
2436850
2436870
2436940
2436970
2437000
2437040
2437080
2437110
2437120
2437150
2437170
2437180
2437230
2437300
2437310
2437330
2437360
2437390
2437400
2437430
2437490
2437510
2437530
2437550
2437560
2437570
2437640
2437660
2437670
2437680
2437690
2437700
2437710
2437740
2437750
2437760
2437800
2437840
2437870
2437890
2437910
2437930
2437940
2437950
2437980
2437990
2438010
2438020
2438050
2438090
2438110
2438120
2438140
2438160
2438170
2438180
2438190
2438200
2438210
2438220
2438230
2438240
2438260
2438270
2438290
2438330
2438340
2438380
2438410
2438440
2438460
2438490
2438520
2438540
2438570
2438610
2438630
2438670
2438680
2438760
2438770
2438780
2438790
2438900
2438930
2438950
2438960
2438970
2438980
2438990
2439000
2439010
2439020
2439030
2439100
2439120
2439180
2439220
2439280
2439290
2439310
2439340
2439350
2439370
2439380
2439460
2439490
2439500
2439510
2439530
2439540
2439550
2439560
2439580
2439600
2439620
2439640
2439650
2439660
2439670
2439700
2439710
2439720
2439730
2439740
2439750
2439760
2439770
2439780
2439790
2439810
2439820
2439830
2439870
2439960
2439980
2439990
2440010
2440030
2440060
2440080
2440100
2440110
2440200
2440210
2440220
2440270
2440280
2440310
2440320
2440350
2440360
2440380
2440400
2440480
2440500
2440510
2440520
2440550
2440580
2440590
2440600
2440620
2440650
2440690
2440710
2440720
2440730
2440750
2440780
2440810
2440860
2440890
2440900
2440940
2440950
2440970
2440980
2441070
2441080
2441090
2441100
2441120
2441150
2441160
2441170
2441180
2441190
2441200
2441240
2441260
2441270
2441300
2441310
2441360
2441470
2441490
2441500
2441530
2441580
2441590
2441610
2441620
2441630
2441670
2441700
2441890
2441910
2441960
2442020
2442040
2442050
2442060
2442080
2442100
2442120
2442140
2442150
2442170
2442230
2442260
2442340
2442380
2442390
2442400
2442410
2442440
2442460
2442470
2442480
2442490
2442510
2442520
2442530
2442550
2442590
2442610
2442620
2442640
2442660
2442670
2442690
2442710
2442730
2442760
2442770
2442800
2442820
2442830
2442860
2442880
2442910
2442960
2442970
2443000
2443030
2443050
2443090
2443110
2443120
2443140
2443150
2443160
2443170
2443190
2443210
2443250
2443270
2443300
2443320
2443350
2443360
2443370
2443400
2443410
2443440
2443500
2443510
2443520
2443550
2443560
2443580
2443590
2443630
2443640
2443740
2443750
2443760
2443770
2443780
2443790
2443800
2443820
2443840
2443870
2443900
2443910
2443920
2443960
2443980
2443990
2444000
2444010
2444060
2444090
2444140
2444160
2444180
2444210
2444230
2444250
2444290
2444340
2444350
2444370
2444380
2444420
2444440
2444470
2444480
2444520
2444530
2444540
2444600
2444610
2444630
2444660
2444700
2444710
2444740
2444750
2444760
2444790
2444810
2444840
2444850
2444860
2444890
2444900
2444930
2444940
2444960
2444980
2445020
2445040
2445060
2445090
2445110
2445130
2445140
2445160
2445170
2445200
2445210
2445260
2445270
2445290
2445330
2445340
2445350
2445370
2445380
2445390
2445410
2445420
2445430
2445440
2445460
2445490
2445510
2445540
2445590
2445640
2445660
2445680
2445690
2445700
2445750
2445780
2445790
2445820
2445840
2445870
2445900
2445910
2445940
2445970
2445980
2445990
2446010
2446020
2446030
2446040
2446070
2446080
2446130
2446160
2446170
2446180
2446190
2446200
2446250
2446270
2446320
2446330
2446340
2446370
2446390
2446430
2446440
2446470
2446480
2446500
2446510
2446520
2446540
2446550
2446560
2446590
2446600
2446620
2446660
2446680
2446700
2446710
2446740
2446760
2446820
2446870
2446890
2446920
2446960
2446990
2447010
2447030
2447060
2447080
2447100
2447110
2447120
2447150
2447190
2447230
2447240
2447260
2447290
2447310
2447330
2447340
2447370
2447420
2447430
2447460
2447480
2447490
2447510
2447530
2447540
2447550
2447580
2447680
2447700
2447720
2447730
2447750
2447790
2447800
2447820
2447830
2447880
2447890
2447920
2447930
2447970
2447980
2448000
2448020
2448130
2448140
2448200
2448230
2448270
2448340
2448420
2448450
2448460
2448490
2448540
2448550
2448610
2448620
2448660
2448680
2448700
2448710
2448730
2448760
2448780
2448810
2448830
2448880
2448900
2448910
2448920
2448930
2448940
2448980
2449030
2449040
2449050
2449060
2449080
2449130
2449160
2449180
2449210
2449270
2449300
2449310
2449320
2449360
2449390
2449400
2449430
2449450
2449490
2449510
2449530
2449610
2449630
2449640
2449680
2449690
2449700
2449710
2449730
2449780
2449800
2449830
2449840
2449890
2449900
2449950
2450030
2450040
2450050
2450060
2450080
2450090
2450100
2450110
2450120
2450130
2450140
2450200
2450230
2450240
2450250
2450270
2450290
2450350
2450360
2450400
2450410
2450430
2450450
2450480
2450530
2450570
2450600
2450620
2450660
2450700
2450720
2450740
2450750
2450780
2450820
2450840
2450870
2450930
2450950
2451010
2451040
2451050
2451060
2451100
2451110
2451140
2451190
2451200
2451230
2451250
2451280
2451290
2451310
2451320
2451340
2451360
2451370
2451380
2451390
2451460
2451470
2451500
2451510
2451530
2451550
2451570
2451620
2451630
2451640
2451680
2451700
2451720
2451730
2451750
2451760
2451820
2451860
2451880
2451940
2451980
2452010
2452070
2452080
2452100
2452110
2452130
2452160
2452170
2452220
2452240
2452280
2452290
2452300
2452320
2452330
2452350
2452370
2452390
2452420
2452480
2452520
2452590
2452640
2452650
2452720
2452760
2452790
2452800
2452810
2452820
2452840
2452850
2452860
2452890
2452900
2452910
2452920
2452930
2452940
2453060
2453150
2453160
2453180
2453200
2453240
2453260
2453280
2453290
2453310
2453320
2453360
2453380
2453390
2453400
2453430
2453440
2453520
2453530
2453550
2453560
2453570
2453580
2453590
2453600
2453610
2453640
2453650
2453660
2453690
2453700
2453710
2453720
2453730
2453740
2453760
2453770
2453780
2453820
2453830
2453840
2453920
2453950
2453980
2454000
2454020
2454030
2454040
2454060
2454070
2454110
2454140
2454150
2454160
2454170
2454210
2454230
2454240
2454350
2454360
2454420
2454430
2454480
2454500
2454510
2454540
2454550
2454570
2454580
2454600
2454620
2454710
2454740
2454750
2454820
2454830
2454850
2454890
2454900
2454950
2454960
2454980
2454990
2455020
2455040
2455060
2455070
2455080
2455090
2455110
2455140
2455170
2455180
2455190
2455220
2455260
2455330
2455340
2455350
2455360
2455370
2455380
2455390
2455420
2455430
2455440
2455460
2455490
2455500
2455510
2455570
2455610
2455630
2455640
2455660
2455680
2455710
2455720
2455730
2455740
2455780
2455790
2455820
2455840
2455850
2455860
2455870
2455880
2455920
2455930
2455940
2456020
2456070
2456080
2456090
2456100
2456110
2456120
2456130
2456140
2456160
2456180
2456190
2456230
2456240
2456260
2456280
2456290
2456300
2456320
2456330
2456340
2456350
2456410
2456420
2456430
2456500
2456550
2456570
2456580
2456640
2456650
2456660
2456690
2456740
2456820
2456860
2456870
2456880
2456960
2456980
2457000
2457010
2457030
2457050
2457200
2457210
2457220
2457280
2457310
2457350
2457410
2457430
2457470
2457500
2457540
2457580
2457600
2457610
2457630
2457640
2457700
2457720
2457730
2457740
2457770
2457780
2457820
2457870
2457890
2457920
2457930
2457940
2457960
2457970
2458010
2458060
2458080
2458120
2458190
2458210
2458230
2458240
2458250
2458260
2458280
2458310
2458330
2458370
2458410
2458430
2458470
2458480
2458490
2458530
2458540
2458560
2458580
2458590
2458700
2458780
2458800
2458830
2458840
2458860
2458920
2458940
2458980
2459030
2459090
2459100
2459130
2459150
2459170
2459180
2459190
2459250
2459270
2459290
2459350
2459370
2459400
2459410
2459420
2459430
2459450
2459460
2459490
2459510
2459530
2459550
2459560
2459610
2459620
2459750
2459790
2459820
2459840
2459850
2459860
2459870
2459890
2459900
2459920
2459950
2459960
2459980
2460000
2460010
2460020
2460050
2460060
2460070
2460120
2460130
2460190
2460210
2460230
2460260
2460270
2460310
2460350
2460360
2460450
2460460
2460480
2460490
2460520
2460570
2460580
2460640
2460660
2460680
2460730
2460770
2460840
2460880
2460900
2460910
2460920
2460940
2460960
2460970
2460980
2461000
2461010
2461040
2461050
2461070
2461080
2461110
2461120
2461130
2461140
2461150
2461190
2461240
2461260
2461270
2461280
2461290
2461300
2461340
2461360
2461400
2461430
2461440
2461450
2461460
2461490
2461540
2461550
2461560
2461570
2461580
2461600
2461630
2461730
2461750
2461760
2461770
2461780
2461810
2461840
2461850
2461890
2461910
2461980
2461990
2462000
2462050
2462060
2462080
2462090
2462100
2462110
2462120
2462150
2462210
2462220
2462230
2462260
2462310
2462320
2462340
2462380
2462390
2462430
2462440
2462450
2462520
2462540
2462560
2462570
2462580
2462600
2462610
2462620
2462660
2462790
2462810
2462830
2462840
2462850
2462880
2462890
2462910
2462960
2463000
2463020
2463030
2463040
2463080
2463150
2463160
2463170
2463210
2463220
2463250
2463260
2463290
2463340
2463360
2463420
2463440
2463450
2463480
2463490
2463500
2463510
2463530
2463550
2463560
2463570
2463610
2463620
2463650
2463660
2463690
2463700
2463710
2463720
2463730
2463800
2463820
2463830
2463920
2463930
2463980
2463990
2464060
2464090
2464130
2464190
2464210
2464220
2464260
2464270
2464280
2464330
2464450
2464460
2464470
2464480
2464490
2464500
2464510
2464520
2464530
2464540
2464620
2464630
2464640
2464660
2464670
2464680
2464690
2464700
2464740
2464750
2464770
2464800
2464880
2464890
2464900
2464950
2464980
2465060
2465080
2465090
2465100
2465110
2465240
2465300
2465310
2465360
2465380
2465460
2465490
2465510
2465530
2465670
2465690
2465730
2465770
2465780
2465830
2465840
2465870
2465880
2465930
2466000
2466090
2466130
2466160
2466190
2466230
2466240
2466290
2466350
2466370
2466400
2466410
2466450
2466500
2466520
2466640
2466660
2466680
2466700
2466790
2466820
2466850
2466870
2466880
2466890
2466900
2466920
2466970
2466990
2467000
2467030
2467070
2467100
2467120
2467190
2467200
2467210
2467220
2467250
2467280
2467300
2467310
2467370
2467380
2467400
2467410
2467470
2467480
2467510
2467540
2467590
2467630
2467710
2467720
2467790
2467800
2467810
2467830
2467840
2467850
2467860
2467870
2467880
2467890
2467910
2467920
2467930
2467940
2467950
2468030
2468060
2468100
2468110
2468120
2468200
2468210
2468230
2468250
2468300
2468400
2468410
2468430
2468440
2468470
2468490
2468540
2468550
2468560
2468600
2468610
2468630
2468650
2468670
2468680
2468720
2468730
2468740
2468780
2468800
2468810
2468820
2468920
2468940
2468950
2468960
2468970
2468990
2469030
2469050
2469080
2469130
2469160
2469190
2469200
2469240
2469260
2469280
2469290
2469320
2469330
2469360
2469370
2469410
2469440
2469490
2469550
2469560
2469570
2469590
2469610
2469640
2469650
2469690
2469710
2469740
2469880
2469890
2469900
2469930
2469950
2469970
2469990
2470010
2470020
2470030
2470060
2470110
2470120
2470130
2470160
2470200
2470230
2470240
2470270
2470290
2470300
2470310
2470330
2470350
2470370
2470390
2470420
2470440
2470470
2470530
2470610
2470620
2470630
2470650
2470660
2470670
2470690
2470700
2470710
2470740
2470770
2470780
2470790
2470800
2470830
2470840
2470860
2470910
2470920
2470930
2470980
2470990
2471000
2471020
2471060
2471070
2471090
2471100
2471110
2471120
2471130
2471140
2471150
2471160
2471170
2471250
2471290
2471320
2471340
2471350
2471380
2471390
2471480
2471490
2471540
2471550
2471590
2471600
2471620
2471630
2471650
2471660
2471670
2471680
2471690
2471710
2471730
2471750
2471760
2471770
2471780
2471790
2471800
2471850
2471890
2471900
2471910
2471920
2471940
2471950
2471960
2471970
2471980
2472000
2472010
2472090
2472120
2472140
2472170
2472180
2472200
2472230
2472240
2472250
2472260
2472270
2472300
2472340
2472390
2472410
2472470
2472510
2472530
2472550
2472570
2472630
2472670
2472690
2472700
2472740
2472760
2472770
2472790
2472810
2472820
2472830
2472840
2472860
2472870
2472930
2472940
2472970
2472990
2473000
2473030
2473040
2473070
2473090
2473110
2473130
2473140
2473150
2473210
2473240
2473260
2473270
2473310
2473340
2473350
2473400
2473410
2473450
2473470
2473480
2473500
2473590
2473620
2473630
2473640
2473650
2473670
2473710
2473720
2473750
2473790
2473820
2473830
2473870
2473890
2473950
2473980
2473990
2474010
2474020
2474030
2474050
2474140
2474150
2474170
2474180
2474190
2474220
2474250
2474280
2474290
2474320
2474360
2474420
2474430
2474460
2474550
2474590
2474610
2474640
2474660
2474670
2474690
2474700
2474750
2474770
2474790
2474800
2474820
2474830
2474840
2474850
2474880
2474900
2474920
2474930
2474940
2474950
2474960
2474970
2475010
2475020
2475040
2475080
2475150
2475170
2475220
2475240
2475250
2475270
2475290
2475300
2475330
2475350
2475380
2475390
2475400
2475410
2475420
2475430
2475440
2475450
2475460
2475480
2475490
2475510
2475520
2475550
2475600
2475610
2475620
2475640
2475670
2475720
2475730
2475780
2475790
2475800
2475810
2475820
2475860
2475890
2475910
2475980
2476020
2476030
2476040
2476050
2476070
2476100
2476150
2476160
2476170
2476190
2476200
2476250
2476270
2476310
2476330
2476350
2476420
2476490
2476500
2476580
2476610
2476620
2476630
2476640
2476650
2476660
2476670
2476680
2476690
2476710
2476720
2476730
2476760
2476780
2476820
2476840
2476850
2476860
2476960
2476990
2477000
2477010
2477020
2477030
2477070
2477090
2477100
2477110
2477130
2477140
2477160
2477170
2477200
2477230
2477250
2477270
2477280
2477300
2477340
2477350
2477380
2477390
2477420
2477470
2477480
2477490
2477540
2477590
2477600
2477630
2477650
2477690
2477710
2477740
2477750
2477770
2477780
2477790
2477870
2477900
2477920
2477930
2477950
2478020
2478040
2478060
2478120
2478130
2478140
2478160
2478190
2478240
2478260
2478270
2478290
2478310
2478330
2478340
2478420
2478430
2478450
2478470
2478500
2478540
2478560
2478580
2478600
2478640
2478680
2478690
2478710
2478730
2478750
2478810
2478820
2478840
2478850
2478860
2478870
2478890
2478900
2478910
2478940
2478960
2478970
2479010
2479020
2479030
2479050
2479070
2479090
2479120
2479140
2479150
2479160
2479170
2479190
2479210
2479220
2479230
2479240
2479270
2479290
2479300
2479320
2479340
2479370
2479420
2479440
2479490
2479500
2479510
2479520
2479530
2479560
2479580
2479610
2479620
2479630
2479640
2479650
2479660
2479670
2479720
2479740
2479770
2479780
2479810
2479820
2479830
2479840
2479890
2479920
2479930
2479950
2479960
2479970
2479990
2480000
2480010
2480020
2480100
2480170
2480180
2480200
2480210
2480250
2480260
2480290
2480350
2480410
2480480
2480560
2480570
2480590
2480650
2480660
2480710
2480720
2480740
2480780
2480800
2480820
2480830
2480840
2480850
2480910
2480930
2480950
2480970
2480980
2481020
2481120
2481160
2481170
2481190
2481220
2481230
2481260
2481270
2481310
2481340
2481360
2481380
2481400
2481440
2481470
2481500
2481520
2481560
2481570
2481610
2481630
2481640
2481660
2481670
2481710
2481780
2481790
2481810
2481820
2481850
2481870
2481890
2481920
2481930
2481960
2481970
2481980
2481990
2482000
2482010
2482020
2482030
2482110
2482130
2482140
2482150
2482180
2482190
2482200
2482210
2482250
2482270
2482340
2482360
2482420
2482430
2482490
2482550
2482560
2482630
2482640
2482650
2482660
2482670
2482690
2482760
2482780
2482810
2482820
2482840
2482850
2482870
2482900
2482920
2482940
2482950
2482970
2482980
2483030
2483050
2483070
2483100
2483130
2483140
2483150
2483190
2483200
2483220
2483230
2483240
2483250
2483270
2483290
2483300
2483340
2483350
2483370
2483380
2483390
2483400
2483420
2483430
2483440
2483450
2483470
2483480
2483520
2483540
2483570
2483620
2483630
2483660
2483680
2483700
2483730
2483760
2483770
2483810
2483850
2483880
2483920
2483950
2483960
2483970
2484010
2484020
2484030
2484060
2484100
2484110
2484120
2484130
2484140
2484160
2484170
2484180
2484220
2484230
2484240
2484250
2484270
2484280
2484330
2484340
2484350
2484360
2484370
2484410
2484420
2484430
2484460
2484500
2484510
2484520
2484540
2484570
2484580
2484610
2484630
2484660
2484670
2484680
2484700
2484780
2484790
2484810
2484830
2484860
2484880
2484890
2484960
2484970
2484980
2485000
2485060
2485070
2485080
2485090
2485120
2485130
2485150
2485170
2485180
2485270
2485330
2485340
2485350
2485410
2485430
2485460
2485470
2485530
2485540
2485560
2485590
2485610
2485620
2485650
2485660
2485750
2485820
2485860
2485870
2485890
2485900
2485910
2485950
2485980
2486000
2486020
2486030
2486040
2486110
2486140
2486160
2486180
2486240
2486280
2486310
2486340
2486360
2486370
2486390
2486400
2486430
2486510
2486520
2486530
2486540
2486560
2486570
2486590
2486620
2486670
2486700
2486730
2486740
2486750
2486760
2486810
2486820
2486880
2486910
2486930
2486970
2487000
2487060
2487070
2487110
2487120
2487130
2487140
2487150
2487160
2487190
2487200
2487270
2487300
2487340
2487350
2487370
2487390
2487420
2487490
2487560
2487590
2487620
2487640
2487650
2487680
2487710
2487730
2487740
2487850
2487870
2487880
2487930
2487940
2487950
2487970
2488050
2488060
2488090
2488100
2488120
2488180
2488190
2488200
2488240
2488250
2488290
2488300
2488340
2488360
2488370
2488390
2488410
2488430
2488450
2488470
2488480
2488490
2488500
2488510
2488540
2488570
2488590
2488620
2488630
2488640
2488650
2488690
2488760
2488770
2488780
2488790
2488830
2488850
2488880
2488890
2488900
2488930
2488940
2489000
2489040
2489090
2489160
2489240
2489250
2489270
2489300
2489310
2489330
2489340
2489370
2489440
2489450
2489460
2489510
2489520
2489560
2489580
2489610
2489620
2489650
2489660
2489670
2489700
2489710
2489730
2489760
2489770
2489800
2489810
2489820
2489850
2489880
2489900
2489930
2489950
2489960
2489970
2489990
2490020
2490030
2490040
2490060
2490080
2490090
2490100
2490140
2490160
2490210
2490240
2490270
2490300
2490310
2490330
2490420
2490440
2490510
2490530
2490580
2490650
2490670
2490680
2490690
2490730
2490750
2490760
2490790
2490820
2490850
2490860
2490890
2490900
2490910
2490930
2490950
2490960
2490990
2491030
2491040
2491070
2491080
2491120
2491130
2491200
2491240
2491250
2491300
2491310
2491320
2491360
2491380
2491420
2491460
2491500
2491540
2491550
2491620
2491640
2491660
2491670
2491690
2491700
2491710
2491720
2491770
2491790
2491810
2491820
2491830
2491860
2491880
2491890
2491950
2491990
2492010
2492020
2492030
2492040
2492050
2492070
2492080
2492110
2492120
2492130
2492240
2492270
2492290
2492300
2492310
2492330
2492340
2492350
2492370
2492390
2492400
2492410
2492420
2492430
2492490
2492560
2492570
2492580
2492600
2492610
2492620
2492650
2492680
2492710
2492730
2492740
2492780
2492800
2492820
2492830
2492850
2492870
2492880
2492890
2492910
2492930
2492950
2492990
2493010
2493050
2493080
2493110
2493130
2493140
2493160
2493170
2493180
2493210
2493220
2493240
2493250
2493340
2493360
2493430
2493470
2493510
2493520
2493560
2493580
2493590
2493600
2493630
2493670
2493710
2493730
2493910
2493920
2493930
2493940
2493950
2493960
2493980
2494020
2494030
2494110
2494270
2494340
2494350
2494360
2494370
2494400
2494410
2494440
2494450
2494480
2494500
2494610
2494650
2494660
2494680
2494690
2494710
2494720
2494730
2494770
2494780
2494790
2494810
2494830
2494840
2494870
2494920
2494930
2494990
2495000
2495010
2495040
2495050
2495080
2495090
2495100
2495130
2495160
2495180
2495200
2495240
2495260
2495270
2495290
2495300
2495320
2495340
2495350
2495380
2495430
2495450
2495480
2495490
2495500
2495510
2495530
2495560
2495570
2495580
2495610
2495620
2495630
2495640
2495650
2495660
2495670
2495700
2495720
2495730
2495780
2495820
2495830
2495950
2495960
2495970
2495980
2495990
2496000
2496010
2496090
2496130
2496160
2496180
2496200
2496220
2496270
2496300
2496310
2496330
2496390
2496440
2496460
2496530
2496550
2496590
2496640
2496720
2496760
2496770
2496790
2496800
2496830
2496850
2496890
2496920
2496940
2496950
2496980
2497010
2497020
2497040
2497070
2497090
2497110
2497150
2497160
2497170
2497210
2497300
2497310
2497340
2497380
2497390
2497430
2497450
2497480
2497500
2497510
2497520
2497560
2497570
2497580
2497610
2497630
2497650
2497670
2497680
2497840
2497850
2497870
2497890
2497900
2497910
2497920
2497930
2497940
2497950
2497960
2497980
2498010
2498020
2498070
2498080
2498090
2498100
2498160
2498170
2498180
2498220
2498260
2498310
2498340
2498370
2498480
2498490
2498570
2498580
2498600
2498610
2498620
2498630
2498650
2498680
2498730
2498740
2498780
2498790
2498800
2498830
2498870
2498890
2498910
2498920
2498940
2498970
2498980
2498990
2499040
2499080
2499100
2499120
2499130
2499150
2499210
2499260
2499270
2499290
2499310
2499320
2499330
2499400
2499420
2499470
2499480
2499500
2499510
2499520
2499540
2499570
2499590
2499620
2499640
2499650
2499670
2499680
2499700
2499710
2499730
2499740
2499750
2499770
2499780
2499800
2499820
2499860
2499880
2499910
2499930
2499940
2499950
2499970
2499990
2500010
2500020
2500080
2500090
2500120
2500130
2500190
2500200
2500230
2500240
2500250
2500290
2500400
2500410
2500420
2500450
2500460
2500470
2500500
2500570
2500610
2500620
2500680
2500690
2500700
2500710
2500720
2500740
2500750
2500760
2500780
2500910
2500920
2500930
2501160
2501210
2501230
2501370
2501390
2501400
2501430
2501500
2501550
2501590
2501600
2501620
2501650
2501670
2501680
2501730
2501750
2501820
2501830
2501920
2501980
2502030
2502040
2502120
2502210
2502220
2502310
2502390
2502400
2502420
2502430
2502600
2502650
2502680
2502710
2502730
2502750
2502760
2502780
2502790
2502830
2502870
2502880
2502890
2502940
2502980
2503030
2503050
2503070
2503100
2503130
2503150
2503180
2503190
2503210
2503220
2503230
2503240
2503250
2503260
2503280
2503290
2503300
2503330
2503360
2503430
2503470
2503490
2503550
2503600
2503620
2503640
2503690
2503710
2503740
2503750
2503770
2503780
2503890
2503900
2503920
2503950
2503990
2504000
2504040
2504060
2504090
2504110
2504130
2504150
2504210
2504250
2504270
2504380
2504390
2504400
2504440
2504450
2504460
2504470
2504480
2504540
2504580
2504610
2504630
2504640
2504660
2504740
2504810
2504830
2504840
2504880
2504900
2505020
2505060
2505070
2505080
2505090
2505100
2505120
2505160
2505180
2505200
2505210
2505230
2505250
2505330
2505350
2505370
2505400
2505430
2505440
2505450
2505460
2505470
2505510
2505530
2505550
2505560
2505570
2505580
2505590
2505620
2505630
2505640
2505670
2505700
2505740
2505780
2505800
2505820
2505840
2505940
2505950
2506000
2506020
2506060
2506070
2506080
2506100
2506110
2506120
2506130
2506140
2506160
2506290
2506340
2506360
2506370
2506390
2506400
2506410
2506430
2506440
2506450
2506460
2506470
2506480
2506500
2506510
2506530
2506540
2506550
2506580
2506680
2506690
2506730
2506740
2506780
2506790
2506810
2506820
2506830
2506850
2506860
2506870
2506880
2506890
2506900
2506930
2507000
2507040
2507080
2507090
2507130
2507370
2507380
2507400
2507500
2507510
2507540
2507560
2507570
2507590
2507610
2507620
2507630
2507640
2507670
2507690
2507700
2507710
2507750
2507770
2507780
2507820
2507830
2507840
2507850
2507870
2507880
2507890
2507900
2507950
2507980
2507990
2508000
2508030
2508050
2508070
2508090
2508100
2508110
2508130
2508150
2508170
2508210
2508220
2508230
2508280
2508290
2508400
2508410
2508420
2508440
2508460
2508550
2508560
2508580
2508610
2508630
2508640
2508670
2508680
2508690
2508720
2508730
2508740
2508770
2508780
2508810
2508870
2508890
2508940
2508950
2508960
2508970
2508980
2509050
2509070
2509110
2509120
2509130
2509150
2509190
2509200
2509210
2509240
2509270
2509280
2509290
2509320
2509340
2509360
2509370
2509380
2509420
2509440
2509460
2509530
2509550
2509610
2509650
2509660
2509690
2509700
2509710
2509720
2509800
2509820
2509830
2509840
2509850
2509870
2509920
2509940
2510010
2510020
2510040
2510050
2510060
2510130
2510160
2510170
2510180
2510210
2510220
2510420
2510480
2510490
2510510
2510540
2510570
2510660
2510670
2510680
2510710
2510730
2510740
2510760
2510770
2510780
2510810
2510820
2510830
2510850
2510860
2510880
2510890
2510950
2510960
2510970
2511000
2511010
2511040
2511050
2511060
2511110
2511120
2511130
2511160
2511180
2511200
2511210
2511230
2511240
2511290
2511300
2511310
2511320
2511340
2511350
2511400
2511420
2511430
2511440
2511450
2511500
2511550
2511570
2511600
2511610
2511620
2511650
2511720
2511730
2511760
2511770
2511780
2511800
2511820
2511870
2511890
2511900
2511930
2511940
2511960
2511970
2511990
2512010
2512040
2512050
2512070
2512080
2512090
2512100
2512110
2512160
2512190
2512200
2512210
2512250
2512260
2512280
2512290
2512370
2512380
2512430
2512440
2512450
2512460
2512480
2512490
2512500
2512510
2512550
2512560
2512620
2512630
2512660
2512680
2512690
2512700
2512720
2512750
2512800
2512810
2512840
2512850
2512860
2512870
2512880
2512910
2512920
2512930
2513040
2513060
2513080
2513090
2513100
2513110
2513130
2513140
2513170
2513180
2513200
2513220
2513230
2513240
2513270
2513280
2513310
2513360
2513380
2513440
2513490
2513510
2513540
2513580
2513620
2513640
2513660
2513700
2513810
2513850
2513890
2514090
2514100
2514110
2514140
2514180
2514310
2514330
2514340
2514360
2514390
2514400
2514430
2514460
2514470
2514540
2514580
2514620
2514630
2514640
2514650
2514680
2514800
2514850
2514890
2514910
2514920
2514930
2514950
2514960
2514970
2515020
2515030
2515050
2515060
2515070
2515110
2515120
2515180
2515190
2515240
2515280
2515290
2515300
2515310
2515340
2515360
2515370
2515410
2515430
2515470
2515480
2515490
2515500
2515520
2515530
2515540
2515560
2515570
2515620
2515660
2515790
2515860
2515910
2515920
2515930
2515950
2515960
2516030
2516040
2516050
2516080
2516090
2516100
2516110
2516130
2516170
2516180
2516190
2516200
2516220
2516240
2516270
2516280
2516310
2516350
2516390
2516400
2516430
2516460
2516470
2516510
2516530
2516540
2516550
2516570
2516590
2516610
2516650
2516750
2516770
2516780
2516810
2516820
2516870
2516890
2516900
2516910
2516920
2516940
2516980
2516990
2517000
2517010
2517050
2517060
2517080
2517090
2517130
2517150
2517180
2517190
2517200
2517210
2517220
2517240
2517330
2517340
2517360
2517410
2517440
2517470
2517500
2517560
2517680
2517760
2517770
2517790
2517800
2517810
2517840
2517850
2517860
2517870
2517900
2517910
2517920
2517940
2517970
2517990
2518000
2518010
2518200
2518230
2518250
2518260
2518270
2518280
2518310
2518320
2518350
2518360
2518410
2518430
2518460
2518480
2518490
2518520
2518540
2518550
2518560
2518590
2518600
2518610
2518630
2518660
2518670
2518680
2518690
2518770
2518790
2518810
2518900
2518910
2518930
2518940
2518960
2518970
2518990
2519010
2519170
2519190
2519220
2519240
2519260
2519280
2519290
2519310
2519340
2519370
2519380
2519400
2519420
2519440
2519450
2519470
2519510
2519520
2519550
2519560
2519570
2519580
2519650
2519700
2519710
2519790
2519830
2519850
2519860
2519880
2519890
2519900
2519910
2519930
2519940
2519970
2519980
2519990
2520000
2520010
2520030
2520100
2520110
2520130
2520180
2520190
2520240
2520250
2520280
2520310
2520320
2520360
2520370
2520400
2520410
2520430
2520460
2520490
2520520
2520530
2520560
2520570
2520580
2520590
2520600
2520610
2520630
2520650
2520660
2520670
2520690
2520760
2520770
2520780
2520840
2520860
2520870
2520890
2520900
2520920
2520930
2520940
2520950
2520960
2521010
2521020
2521070
2521100
2521110
2521150
2521160
2521170
2521180
2521190
2521200
2521230
2521240
2521250
2521270
2521330
2521350
2521370
2521380
2521390
2521400
2521450
2521460
2521470
2521480
2521490
2521500
2521510
2521530
2521550
2521560
2521590
2521600
2521630
2521650
2521660
2521670
2521730
2521740
2521760
2521800
2521890
2521910
2521920
2521940
2521950
2521970
2522040
2522060
2522120
2522160
2522190
2522200
2522210
2522270
2522280
2522290
2522300
2522370
2522410
2522430
2522440
2522450
2522520
2522530
2522550
2522570
2522590
2522620
2522630
2522650
2522660
2522670
2522740
2522760
2522780
2522830
2522850
2522860
2522900
2522920
2522940
2522970
2523070
2523090
2523100
2523120
2523150
2523160
2523250
2523310
2523320
2523340
2523360
2523390
2523400
2523430
2523440
2523450
2523460
2523500
2523510
2523530
2523550
2523620
2523630
2523640
2523650
2523690
2523720
2523780
2523800
2523820
2523890
2523910
2523930
2523960
2523980
2524000
2524010
2524150
2524170
2524180
2524190
2524200
2524260
2524270
2524280
2524290
2524300
2524340
2524360
2524400
2524410
2524420
2524480
2524490
2524500
2524530
2524570
2524580
2524590
2524610
2524630
2524650
2524660
2524700
2524710
2524720
2524740
2524780
2524850
2524860
2524870
2524890
2524920
2524930
2524950
2524980
2525040
2525110
2525120
2525130
2525140
2525150
2525160
2525170
2525190
2525210
2525230
2525270
2525300
2525310
2525320
2525380
2525410
2525420
2525440
2525450
2525490
2525510
2525530
2525550
2525560
2525570
2525580
2525620
2525630
2525650
2525660
2525680
2525690
2525720
2525750
2525810
2525830
2525870
2525880
2525940
2525950
2525990
2526010
2526030
2526040
2526060
2526070
2526080
2526130
2526140
2526150
2526160
2526200
2526210
2526220
2526270
2526300
2526310
2526360
2526370
2526380
2526390
2526410
2526450
2526470
2526490
2526500
2526510
2526520
2526560
2526570
2526580
2526600
2526610
2526620
2526670
2526850
2526860
2526880
2526940
2526990
2527030
2527040
2527050
2527080
2527140
2527160
2527170
2527260
2527270
2527300
2527310
2527320
2527330
2527340
2527350
2527360
2527370
2527390
2527400
2527420
2527450
2527460
2527500
2527540
2527550
2527570
2527580
2527600
2527610
2527640
2527650
2527660
2527670
2527690
2527700
2527710
2527750
2527760
2527850
2527880
2527890
2527940
2527970
2527980
2528000
2528010
2528080
2528100
2528110
2528130
2528170
2528210
2528230
2528240
2528340
2528400
2528410
2528470
2528520
2528580
2528600
2528610
2528640
2528650
2528710
2528730
2528800
2528820
2528850
2528860
2528870
2528880
2528890
2528900
2528910
2528920
2528930
2528940
2528950
2528960
2528980
2529000
2529010
2529020
2529050
2529080
2529110
2529120
2529130
2529140
2529160
2529170
2529180
2529190
2529210
2529220
2529230
2529260
2529270
2529280
2529290
2529340
2529400
2529410
2529450
2529460
2529490
2529510
2529520
2529530
2529540
2529560
2529570
2529580
2529590
2529610
2529620
2529710
2529740
2529750
2529770
2529780
2529790
2529810
2529820
2529830
2529880
2529910
2529930
2529960
2530030
2530040
2530050
2530060
2530080
2530100
2530150
2530160
2530170
2530180
2530240
2530250
2530260
2530280
2530300
2530420
2530430
2530450
2530460
2530470
2530490
2530500
2530530
2530540
2530550
2530560
2530570
2530600
2530620
2530670
2530680
2530690
2530710
2530730
2530810
2530850
2530860
2530870
2530890
2530920
2530930
2530940
2530950
2530970
2530980
2530990
2531000
2531010
2531040
2531050
2531060
2531080
2531160
2531170
2531210
2531230
2531240
2531300
2531310
2531330
2531340
2531360
2531370
2531410
2531420
2531440
2531460
2531530
2531540
2531550
2531560
2531570
2531760
2531780
2531790
2531830
2531840
2531890
2531910
2531930
2531940
2531950
2531960
2531970
2532010
2532020
2532050
2532110
2532130
2532180
2532210
2532230
2532270
2532300
2532310
2532320
2532340
2532350
2532360
2532430
2532470
2532480
2532490
2532500
2532550
2532590
2532620
2532640
2532660
2532700
2532720
2532730
2532760
2532770
2532780
2532830
2532880
2532910
2532930
2532940
2532990
2533000
2533020
2533030
2533050
2533060
2533120
2533140
2533180
2533230
2533260
2533280
2533320
2533330
2533350
2533370
2533410
2533420
2533430
2533470
2533600
2533700
2533740
2533830
2533850
2533870
2533890
2533910
2533920
2533940
2533960
2533970
2533980
2534010
2534020
2534060
2534120
2534140
2534170
2534190
2534200
2534210
2534250
2534300
2534310
2534370
2534450
2534470
2534490
2534520
2534550
2534620
2534630
2534650
2534660
2534670
2534780
2534790
2534830
2534850
2534860
2534930
2534940
2534980
2534990
2535010
2535370
2535380
2535390
2535410
2535420
2535440
2535450
2535490
2535560
2535570
2535600
2535640
2535670
2535680
2535690
2535700
2535730
2535780
2535790
2535800
2535810
2535820
2535830
2535840
2535850
2535880
2535890
2535910
2535920
2535950
2535960
2535970
2535990
2536020
2536040
2536070
2536090
2536120
2536130
2536140
2536220
2536250
2536260
2536300
2536330
2536410
2536420
2536460
2536470
2536490
2536500
2536510
2536520
2536530
2536570
2536590
2536600
2536650
2536660
2536670
2536710
2536730
2536750
2536760
2536800
2536810
2536820
2536840
2536870
2536890
2536960
2536970
2536990
2537010
2537020
2537040
2537050
2537070
2537120
2537140
2537150
2537190
2537220
2537270
2537290
2537300
2537330
2537360
2537380
2537390
2537430
2537450
2537470
2537480
2537490
2537510
2537550
2537560
2537590
2537620
2537630
2537650
2537730
2537750
2537760
2537770
2537780
2537860
2537910
2537920
2537960
2537970
2537980
2538000
2538030
2538040
2538070
2538090
2538100
2538120
2538160
2538170
2538180
2538200
2538220
2538250
2538270
2538280
2538300
2538330
2538340
2538350
2538370
2538380
2538390
2538430
2538440
2538480
2538490
2538510
2538520
2538570
2538580
2538670
2538710
2538730
2538750
2538780
2538790
2538830
2538840
2538860
2538870
2538880
2538890
2538910
2539000
2539070
2539090
2539110
2539120
2539160
2539180
2539200
2539210
2539230
2539280
2539310
2539330
2539340
2539350
2539420
2539440
2539520
2539560
2539570
2539600
2539620
2539730
2539790
2539800
2539820
2539840
2539850
2539870
2539880
2539890
2539910
2539940
2539960
2539990
2540000
2540060
2540080
2540100
2540110
2540160
2540230
2540260
2540270
2540310
2540400
2540410
2540450
2540460
2540480
2540490
2540510
2540530
2540540
2540550
2540620
2540630
2540650
2540670
2540680
2540690
2540800
2540810
2540820
2540840
2540860
2540940
2540960
2540970
2540980
2541020
2541050
2541070
2541100
2541140
2541150
2541160
2541170
2541180
2541190
2541200
2541210
2541300
2541310
2541320
2541360
2541370
2541380
2541400
2541440
2541470
2541480
2541520
2541530
2541550
2541560
2541580
2541590
2541670
2541740
2541750
2541770
2541780
2541820
2541890
2541900
2541930
2541940
2541950
2541980
2541990
2542010
2542020
2542060
2542080
2542090
2542100
2542110
2542120
2542140
2542170
2542190
2542310
2542320
2542350
2542370
2542380
2542390
2542430
2542440
2542450
2542460
2542470
2542520
2542530
2542550
2542560
2542580
2542600
2542630
2542650
2542670
2542680
2542750
2542800
2542810
2542830
2542840
2542850
2542860
2542890
2542950
2543030
2543040
2543050
2543070
2543100
2543110
2543150
2543180
2543210
2543220
2543310
2543320
2543340
2543350
2543370
2543380
2543410
2543460
2543490
2543510
2543560
2543590
2543610
2543630
2543650
2543660
2543710
2543740
2543750
2543760
2543770
2543830
2543840
2543920
2543930
2543940
2543950
2543970
2543990
2544010
2544020
2544040
2544060
2544090
2544100
2544110
2544120
2544140
2544150
2544160
2544220
2544230
2544280
2544300
2544330
2544410
2544480
2544490
2544500
2544550
2544570
2544590
2544610
2544620
2544640
2544680
2544690
2544720
2544730
2544740
2544760
2544820
2544870
2544880
2544900
2544930
2545010
2545020
2545030
2545090
2545130
2545170
2545180
2545200
2545220
2545310
2545320
2545330
2545340
2545360
2545380
2545390
2545400
2545410
2545450
2545530
2545540
2545550
2545560
2545570
2545650
2545710
2545740
2545760
2545780
2545790
2545810
2545830
2545880
2545920
2545950
2546030
2546090
2546110
2546140
2546150
2546160
2546170
2546200
2546240
2546310
2546320
2546340
2546350
2546480
2546530
2546570
2546620
2546630
2546640
2546650
2546680
2546690
2546710
2546720
2546750
2546760
2546780
2546810
2546930
2546940
2546970
2547010
2547020
