1048450
1048470
1048480
1048530
1048540
1048560
1048570
1048580
1048610
1048640
1048660
1048670
1048690
1048710
1048740
1048780
1048790
1048830
1048840
1048850
1048860
1048880
1048890
1048900
1048920
1048950
1048960
1049000
1049010
1049030
1049070
1049080
1049090
1049100
1049130
1049140
1049220
1049270
1049280
1049310
1049320
1049360
1049370
1049380
1049400
1049410
1049420
1049510
1049530
1049560
1049570
1049590
1049630
1049640
1049660
1049670
1049680
1049690
1049710
1049720
1049730
1049740
1049800
1049820
1049840
1049850
1049870
1049880
1049890
1049910
1049920
1049930
1050000
1050010
1050080
1050130
1050150
1050160
1050170
1050180
1050190
1050210
1050230
1050240
1050260
1050270
1050280
1050290
1050350
1050370
1050430
1050500
1050510
1050520
1050540
1050560
1050580
1050620
1050660
1050670
1050680
1050690
1050700
1050720
1050730
1050810
1050850
1050880
1050900
1050910
1051060
1051070
1051130
1051160
1051190
1051200
1051210
1051220
1051250
1051260
1051270
1051280
1051290
1051300
1051310
1051320
1051330
1051350
1051410
1051420
1051440
1051470
1051500
1051560
1051570
1051580
1051590
1051600
1051630
1051670
1051690
1051710
1051830
1051840
1051850
1051870
1051890
1051900
1051920
1051940
1051950
1051960
1051990
1052010
1052030
1052040
1052070
1052080
1052090
1052100
1052140
1052150
1052180
1052210
1052220
1052230
1052250
1052310
1052360
1052370
1052380
1052390
1052420
1052440
1052450
1052470
1052480
1052500
1052510
1052540
1052550
1052560
1052580
1052600
1052640
1052650
1052660
1052670
1052750
1052760
1052850
1052870
1052890
1052900
1052920
1052970
1052990
1053000
1053020
1053040
1053090
1053160
1053170
1053190
1053250
1053270
1053300
1053330
1053390
1053510
1053540
1053560
1053620
1053640
1053650
1053660
1053680
1053700
1053710
1053720
1053730
1053750
1053780
1053820
1053830
1053850
1053870
1053880
1053900
1053920
1053960
1053970
1054050
1054080
1054090
1054110
1054120
1054150
1054180
1054190
1054240
1054250
1054270
1054290
1054300
1054320
1054340
1054350
1054370
1054430
1054450
1054460
1054470
1054490
1054500
1054510
1054520
1054550
1054560
1054570
1054590
1054610
1054620
1054630
1054640
1054650
1054660
1054690
1054700
1054710
1054720
1054750
1054770
1054800
1054820
1054860
1054900
1054930
1054950
1054980
1054990
1055000
1055020
1055030
1055040
1055090
1055120
1055140
1055150
1055160
1055170
1055180
1055210
1055240
1055280
1055310
1055340
1055360
1055380
1055420
1055430
1055460
1055490
1055540
1055590
1055610
1055620
1055640
1055660
1055690
1055760
1055770
1055780
1055850
1055870
1055890
1055930
1055940
1055950
1055960
1055970
1055990
1056010
1056040
1056060
1056070
1056080
1056140
1056170
1056180
1056230
1056280
1056310
1056320
1056330
1056350
1056370
1056420
1056480
1056490
1056510
1056520
1056570
1056580
1056590
1056610
1056640
1056650
1056660
1056680
1056690
1056710
1056720
1056750
1056840
1056860
1056960
1056970
1057030
1057090
1057130
1057150
1057180
1057390
1057420
1057430
1057460
1057540
1057560
1057570
1057580
1057590
1057600
1057610
1057630
1057640
1057680
1057700
1057710
1057720
1057730
1057740
1057750
1057770
1057780
1057790
1057800
1057850
1057980
1057990
1058000
1058020
1058030
1058060
1058110
1058130
1058140
1058200
1058210
1058220
1058230
1058270
1058280
1058290
1058320
1058330
1058340
1058350
1058370
1058380
1058400
1058410
1058430
1058450
1058470
1058490
1058500
1058510
1058530
1058550
1058560
1058570
1058590
1058600
1058630
1058640
1058650
1058660
1058680
1058690
1058710
1058720
1058730
1058740
1058750
1058760
1058770
1058800
1058830
1058840
1058860
1058930
1058940
1058980
1059000
1059010
1059040
1059080
1059090
1059110
1059120
1059150
1059160
1059190
1059220
1059230
1059240
1059260
1059280
1059300
1059310
1059320
1059370
1059390
1059420
1059430
1059460
1059470
1059500
1059520
1059620
1059640
1059660
1059690
1059710
1059740
1059830
1059840
1059850
1059860
1059880
1059890
1059900
1059980
1059990
1060000
1060020
1060060
1060100
1060110
1060160
1060170
1060180
1060210
1060220
1060230
1060240
1060300
1060310
1060320
1060350
1060360
1060370
1060380
1060400
1060450
1060460
1060470
1060490
1060510
1060550
1060560
1060600
1060620
1060630
1060670
1060690
1060770
1060810
1060820
1060840
1060850
1060870
1060880
1060890
1060900
1060980
1061010
1061090
1061120
1061130
1061150
1061160
1061180
1061200
1061210
1061220
1061240
1061250
1061260
1061270
1061280
1061300
1061360
1061390
1061400
1061420
1061430
1061460
1061470
1061490
1061530
1061540
1061550
1061600
1061610
1061620
1061640
1061650
1061670
1061680
1061730
1061790
1061800
1061850
1061880
1061900
1061910
1061920
1061930
1061970
1061980
1061990
1062000
1062020
1062040
1062050
1062060
1062070
1062080
1062090
1062100
1062110
1062120
1062130
1062140
1062160
1062200
1062210
1062220
1062260
1062330
1062340
1062390
1062430
1062470
1062480
1062520
1062530
1062540
1062550
1062640
1062660
1062670
1062680
1062690
1062810
1062830
1062850
1062860
1062960
1063020
1063030
1063040
1063050
1063060
1063070
1063080
1063100
1063110
1063120
1063130
1063140
1063160
1063170
1063180
1063190
1063210
1063230
1063280
1063300
1063310
1063330
1063340
1063350
1063380
1063420
1063440
1063470
1063490
1063500
1063510
1063530
1063540
1063560
1063570
1063580
1063590
1063660
1063700
1063710
1063730
1063740
1063760
1063770
1063790
1063800
1063820
1063830
1063850
1063860
1063870
1063890
1063910
1063930
1063940
1063950
1063960
1063970
1063980
1063990
1064010
1064020
1064030
1064050
1064060
1064070
1064080
1064090
1064100
1064110
1064130
1064140
1064150
1064160
1064170
1064200
1064250
1064260
1064310
1064320
1064340
1064360
1064420
1064440
1064450
1064460
1064480
1064490
1064520
1064540
1064580
1064600
1064610
1064620
1064650
1064660
1064670
1064690
1064710
1064730
1064750
1064840
1064860
1064900
1064910
1064950
1064960
1064990
1065010
1065020
1065030
1065050
1065070
1065100
1065110
1065180
1065200
1065210
1065230
1065250
1065260
1065270
1065310
1065320
1065350
1065390
1065410
1065460
1065520
1065550
1065570
1065580
1065630
1065650
1065670
1065680
1065690
1065740
1065750
1065770
1065780
1065830
1065850
1065860
1065870
1065880
1065890
1065900
1065910
1065920
1065930
1065940
1065950
1065970
1065990
1066010
1066030
1066040
1066090
1066130
1066140
1066160
1066180
1066210
1066230
1066240
1066260
1066290
1066310
1066380
1066390
1066400
1066420
1066430
1066440
1066460
1066470
1066490
1066520
1066530
1066580
1066630
1066660
1066670
1066680
1066700
1066730
1066740
1066760
1066780
1066840
1066890
1066900
1066930
1066940
1066950
1067020
1067030
1067040
1067050
1067060
1067080
1067100
1067110
1067200
1067220
1067250
1067270
1067280
1067310
1067320
1067350
1067360
1067380
1067390
1067400
1067410
1067430
1067440
1067450
1067520
1067540
1067560
1067580
1067600
1067650
1067700
1067720
1067730
1067760
1067780
1067810
1067850
1067860
1067900
1067930
1068020
1068050
1068070
1068100
1068110
1068120
1068150
1068190
1068210
1068220
1068320
1068350
1068360
1068410
1068420
1068460
1068480
1068490
1068500
1068510
1068520
1068540
1068580
1068600
1068640
1068680
1068700
1068720
1068800
1068830
1068840
1068860
1068900
1068910
1068980
1068990
1069000
1069030
1069050
1069080
1069120
1069130
1069140
1069150
1069160
1069180
1069190
1069210
1069230
1069250
1069270
1069290
1069360
1069380
1069390
1069460
1069480
1069500
1069520
1069530
1069540
1069610
1069640
1069650
1069660
1069670
1069690
1069710
1069720
1069740
1069750
1069810
1069820
1069840
1069850
1069900
1069910
1069920
1069940
1069960
1069970
1070020
1070030
1070100
1070110
1070150
1070160
1070180
1070190
1070220
1070230
1070240
1070250
1070280
1070300
1070320
1070330
1070350
1070390
1070400
1070410
1070430
1070440
1070450
1070460
1070500
1070510
1070550
1070580
1070590
1070690
1070710
1070770
1070780
1070790
1070800
1070840
1070850
1070860
1070890
1070940
1070980
1070990
1071030
1071060
1071070
1071080
1071090
1071120
1071130
1071140
1071170
1071180
1071190
1071220
1071240
1071260
1071280
1071290
1071310
1071320
1071330
1071350
1071440
1071490
1071500
1071510
1071550
1071580
1071600
1071610
1071620
1071640
1071660
1071680
1071700
1071740
1071760
1071770
1071800
1071870
1071880
1071890
1071900
1071920
1071940
1071950
1071970
1072000
1072030
1072040
1072050
1072070
1072090
1072100
1072110
1072120
1072140
1072150
1072170
1072180
1072210
1072250
1072270
1072280
1072290
1072300
1072340
1072350
1072390
1072400
1072420
1072480
1072500
1072530
1072550
1072590
1072600
1072610
1072620
1072640
1072720
1072750
1072760
1072780
1072790
1072840
1072850
1072860
1072870
1072890
1072910
1072920
1072930
1073020
1073040
1073050
1073060
1073080
1073100
1073120
1073130
1073140
1073210
1073220
1073280
1073310
1073320
1073350
1073370
1073380
1073390
1073400
1073410
1073440
1073450
1073490
1073600
1073610
1073620
1073640
1073710
1073740
1073770
1073790
1073810
1073820
1073840
1073860
1073870
1073890
1073900
1073910
1073960
1073970
1073990
1074030
1074040
1076790
1074070
1074080
1074150
1074170
1074180
1074190
1074220
1074250
1074280
1074300
1074310
1074330
1074340
1074350
1074370
1074390
1074400
1074440
1074490
1074500
1074510
1074520
1074530
1074550
1074610
1074620
1074630
1074640
1074670
1074690
1074700
1074740
1074770
1074830
1074860
1074960
1074990
1075000
1075080
1075140
1075170
1075190
1075200
1075350
1075370
1075390
1075400
1075430
1075480
1075550
1075570
1075580
1075740
1075750
1075790
1075830
1075880
1075900
1075910
1075950
1075960
1075980
1076020
1076040
1076050
1076060
1076070
1076100
1076110
1076120
1076130
1076140
1076160
1076200
1076210
1076230
1076300
1076350
1076360
1076410
1076450
1076480
1076500
1076530
1076550
1076600
1076610
1076620
1076640
1076720
1076730
1076750
1076770
1076790
1076830
1076880
1076920
1076940
1076950
1076970
1077010
1077030
1077080
1077090
1077110
1077130
1077150
1077160
1077200
1077210
1077230
1077250
1077270
1077290
1077300
1077320
1077340
1077360
1077390
1077410
1077420
1077430
1077450
1077470
1077490
1077510
1077520
1077530
1077540
1077550
1077560
1077590
1077600
1077630
1077680
1077730
1077740
1077760
1077850
1077860
1077880
1077890
1077970
1078040
1078060
1078080
1078130
1078140
1078200
1078210
1078240
1078270
1078280
1078320
1078330
1078340
1078350
1078360
1078370
1078380
1078390
1078420
1078450
1078460
1078490
1078500
1078510
1078520
1078570
1078590
1078610
1078640
1078670
1078750
1078760
1078770
1078780
1078800
1078820
1078870
1078920
1078950
1078960
1078970
1079000
1079050
1079130
1079160
1079200
1079210
1079230
1079260
1079290
1079300
1079310
1079320
1079330
1079340
1079430
1079440
1079450
1079470
1079480
1079500
1079510
1079550
1079560
1079570
1079600
1079610
1079620
1079630
1079720
1079730
1079740
1079790
1079800
1079810
1079830
1079860
1079870
1079890
1079910
1079940
1079970
1080010
1080020
1080040
1080060
1080090
1080120
1080130
1080150
1080180
1080200
1080240
1080250
1080290
1080330
1080360
1080370
1080410
1080440
1080450
1080630
1080680
1080690
1080700
1080750
1080780
1080930
1080950
1080960
1080990
1081020
1081030
1081040
1081070
1081090
1081110
1081120
1081140
1081160
1081170
1081190
1081200
1081240
1081250
1081260
1081300
1081320
1081340
1081350
1081410
1081420
1081430
1081450
1081460
1081470
1081490
1081500
1081510
1081540
1081550
1081560
1081590
1081600
1081630
1081650
1081670
1081710
1081720
1081740
1081760
1081780
1081800
1081810
1081820
1081830
1081840
1081850
1081870
1081880
1081890
1081910
1081960
1081990
1082000
1082110
1082180
1082190
1082200
1082220
1082340
1082410
1082430
1082440
1082450
1082460
1082470
1082480
1082490
1082500
1082520
1082620
1082650
1082680
1082690
1082700
1082710
1082720
1082730
1082750
1082760
1082770
1082780
1082860
1082890
1082930
1082940
1082970
1082990
1083000
1083070
1083190
1083210
1083230
1083240
1083260
1083270
1083290
1083300
1083310
1083350
1083380
1083410
1083420
1083430
1083450
1083460
1083480
1083490
1083500
1083580
1083600
1083610
1083650
1083700
1083750
1083760
1083790
1083800
1083810
1083820
1083850
1083870
1083880
1083990
1084010
1084020
1084080
1084090
1084120
1084130
1084160
1084220
1084350
1084360
1084380
1084420
1084440
1084480
1084520
1084530
1084560
1084570
1084600
1084640
1084710
1084730
1084770
1084790
1084810
1084830
1084840
1084870
1084910
1084920
1084930
1084970
1084980
1084990
1085040
1085070
1085080
1085090
1085110
1085150
1085160
1085180
1085190
1085210
1085220
1085230
1085240
1085260
1085270
1085280
1085310
1085340
1085390
1085510
1085520
1085540
1085560
1085570
1085590
1085610
1085630
1085640
1085660
1085680
1085730
1085750
1085790
1085800
1085820
1085830
1085840
1085860
1085880
1085900
1085930
1085940
1085950
1085970
1085990
1086010
1086030
1086050
1086060
1086070
1086140
1086150
1086160
1086250
1086260
1086270
1086310
1086410
1086450
1086460
1086470
1086490
1086620
1086630
1086640
1086670
1086680
1086690
1086710
1086750
1086810
1086840
1086850
1086860
1086900
1086940
1086970
1086980
1086990
1087020
1087030
1087040
1087050
1087060
1087070
1087100
1087110
1087190
1087270
1087310
1087330
1087440
1087460
1087480
1087500
1087530
1087540
1087600
1087610
1087620
1087640
1087700
1087720
1087760
1087770
1087780
1087790
1087800
1087810
1087820
1087910
1087940
1087950
1087960
1087970
1088010
1088030
1088040
1088060
1088070
1088090
1088110
1088150
1088160
1088190
1088420
1088440
1088540
1088570
1088600
1088610
1088630
1088710
1088720
1088750
1088770
1088790
1088800
1088830
1088850
1088870
1088880
1088900
1088910
1088950
1088960
1088980
1089030
1089050
1089080
1089090
1089100
1089110
1089130
1089140
1089250
1089290
1089310
1089330
1089430
1089520
1089540
1089570
1089590
1089600
1089630
1089650
1089660
1089690
1089710
1089760
1089770
1089780
1089790
1089800
1089810
1089820
1089830
1089840
1089860
1089880
1089890
1089920
1089930
1089980
1090020
1090030
1090060
1090100
1090120
1090210
1090250
1090300
1090340
1090380
1090390
1090440
1090470
1090480
1090490
1090520
1090530
1090540
1090560
1090580
1090590
1090630
1090650
1090660
1090670
1090680
1090690
1090700
1090750
1090760
1090790
1090800
1090900
1090910
1090920
1090930
1090940
1090960
1091010
1091020
1091030
1091070
1091090
1091110
1091140
1091170
1091180
1091190
1091200
1091210
1091240
1091250
1091260
1091270
1091320
1091330
1091350
1091370
1091380
1091390
1091400
1091460
1091470
1091500
1091510
1091520
1091540
1091550
1091570
1091580
1091590
1091640
1091670
1091690
1091720
1091740
1091840
1091860
1091870
1091890
1091910
1091920
1091940
1091950
1091960
1091980
1092000
1092040
1092050
1092060
1092070
1092080
1092140
1092150
1092160
1092170
1092180
1092190
1092210
1092260
1092270
1092300
1092400
1092430
1092510
1092530
1092560
1092580
1092590
1092610
1092630
1092650
1092660
1092680
1092700
1092710
1092720
1092730
1092750
1092770
1092780
1092790
1092800
1092830
1092850
1092900
1092950
1092980
1093020
1093120
1093130
1093150
1093180
1093220
1093280
1093290
1093300
1093320
1093330
1093360
1093370
1093500
1093520
1093670
1093690
1093720
1093750
1093760
1093770
1093790
1093800
1093810
1093830
1093840
1093850
1093870
1093900
1093910
1093920
1093950
1094000
1094010
1094020
1094030
1094050
1094060
1094070
1094080
1094110
1094120
1094130
1094170
1094190
1094250
1094290
1094320
1094340
1094390
1094400
1094410
1094420
1094440
1094450
1094460
1094520
1094530
1094540
1094580
1094590
1094600
1094630
1094640
1094660
1094680
1094690
1094720
1094730
1094760
1094780
1094820
1094870
1094880
1094920
1094930
1094960
1095040
1095060
1095070
1095080
1095090
1095120
1095140
1095200
1095260
1095280
1095290
1095300
1095320
1095360
1095370
1095380
1095400
1095450
1095460
1095480
1095520
1095540
1095550
1095560
1095590
1095610
1095650
1095680
1095700
1095750
1095760
1095790
1095800
1095810
1095820
1095840
1095850
1095860
1095870
1095880
1095980
1096000
1096010
1096060
1096090
1096100
1096120
1096130
1096140
1096180
1096200
1096210
1096230
1096240
1096290
1096310
1096330
1096340
1096360
1096410
1096420
1096430
1096510
1096520
1096530
1096560
1096570
1096590
1096600
1096610
1096630
1096640
1096650
1096690
1096710
1096720
1096730
1096750
1096760
1096930
1096950
1096960
1096980
1096990
1097000
1097050
1097090
1097100
1097110
1097120
1097130
1097160
1097170
1097180
1097200
1097240
1097260
1097270
1097280
1097300
1097330
1097340
1097350
1097370
1097410
1097420
1097430
1097470
1097480
1097500
1097520
1097530
1097550
1097560
1097570
1097580
1097600
1097620
1097630
1097650
1097670
1097690
1097710
1097750
1097760
1097770
1097780
1097790
1097810
1097820
1097830
1097840
1097860
1097870
1097880
1097900
1097960
1098000
1098040
1098080
1098090
1098100
1098130
1098140
1098150
1098170
1098180
1098190
1098200
1098210
1098220
1098230
1098250
1098270
1098280
1098292
1098293
1098320
1098340
1098370
1098390
1098430
1098440
1098470
1098480
1098500
1098510
1098530
1098540
1098560
1098570
1098610
1098620
1098640
1098650
1098660
1098670
1098680
1098700
1098720
1098730
1098750
1098760
1098770
1098790
1098840
1098870
1098910
1098940
1098980
1099010
1099070
1099090
1099110
1099140
1099170
1099220
1099410
1099440
1099450
1099460
1099470
1099500
1099510
1099530
1099630
1099640
1099660
1099790
1099830
1099840
1099860
1099900
1099910
1099920
1099960
1100030
1100050
1100070
1100140
1100150
1100160
1100170
1100180
1100210
1100260
1100270
1100290
1100300
1100320
1100340
1100350
1100360
1100410
1100420
1100430
1100500
1100510
1100560
1100800
1100840
1100860
1100880
1100900
1100910
1100920
1100930
1100980
1100990
1101000
1101030
1101050
1101060
1101080
1101100
1101120
1101130
1101140
1101170
1101180
1101190
1101200
1101220
1101260
1101270
1101290
1101310
1101330
1101340
1101360
1101370
1101400
1101420
1101450
1101480
1101530
1101580
1101620
1101630
1101650
1101660
1101670
1101760
1101770
1101780
1101790
1101800
1101850
1101930
1101940
1101960
1101980
1102000
1102030
1102040
1102060
1102080
1102100
1102110
1102130
1102140
1102150
1102190
1102200
1102210
1102250
1102260
1102340
1102370
1102390
1102410
1102490
1102500
1102510
1102580
1102650
1102680
1102700
1102720
1102740
1102750
1102780
1102880
1102890
1102930
1102940
1102980
1103000
1103010
1103040
1103050
1103060
1103070
1103080
1103100
1103120
1103130
1103160
1103210
1103250
1103290
1103300
1103310
1103320
1103330
1103340
1103390
1103400
1103410
1103460
1103490
1103510
1103520
1103530
1103540
1103550
1103560
1103570
1103590
1103610
1103620
1103630
1103640
1103650
1103660
1103690
1103730
1103770
1103780
1103790
1103800
1103810
1103820
1103860
1103870
1103880
1103890
1103920
1103930
1103940
1103960
1103970
1103980
1104010
1104030
1104050
1104100
1104150
1104170
1104200
1104210
1104220
1104230
1104250
1104280
1104320
1104330
1104340
1104380
1104400
1104450
1104460
1104470
1104480
1104490
1104510
1104570
1104600
1104610
1104620
1104630
1104660
1104670
1104690
1104710
1104790
1104800
1104830
1104840
1104870
1104890
1104910
1104920
1104930
1104960
1105040
1105110
1105130
1105140
1105160
1105210
1105220
1105240
1105300
1105330
1105410
1105420
1105430
1105460
1105470
1105480
1105490
1105500
1105510
1105530
1105550
1105560
1105570
1105590
1105600
1105620
1105660
1105670
1105710
1105730
1105740
1105770
1105810
1105870
1105960
1105970
1105990
1106030
1106060
1106140
1106150
1106200
1106340
1106350
1106530
1106660
1106670
1106680
1106690
1106700
1106710
1106720
1106730
1106740
1106770
1106790
1106830
1106840
1106860
1106910
1106920
1106930
1106940
1106950
1106980
1107040
1107050
1107060
1107100
1107130
1107160
1107190
1107210
1107230
1107300
1107320
1107340
1107350
1107370
1107390
1107440
1107450
1107470
1107490
1107510
1107520
1107580
1107620
1107640
1107660
1107720
1107730
1107750
1107790
1107820
1107860
1107920
1107940
1108000
1108020
1108030
1108040
1108090
1108110
1108120
1108130
1108170
1108190
1108240
1108250
1108270
1108310
1108320
1108350
1108370
1108380
1108390
1108540
1108550
1108560
1108590
1108600
1108620
1108630
1108640
1108680
1108740
1108780
1108800
1108820
1108940
1108950
1109040
1109070
1109080
1109100
1109110
1109130
1109160
1109170
1109220
1109280
1109300
1109310
1109340
1109350
1109360
1109400
1109410
1109420
1109460
1109470
1109490
1109550
1109570
1109650
1109660
1109680
1109690
1109700
1109720
1109740
1109750
1109800
1109820
1109840
1109880
1109890
1109940
1109960
1109980
1110010
1110020
1110030
1110050
1110090
1110100
1110200
1110210
1110220
1110280
1110340
1110350
1110380
1110390
1110430
1110460
1110470
1110490
1110560
1110600
1110620
1110640
1110650
1110670
1110690
1110720
1110770
1110780
1110840
1110870
1110890
1110910
1110980
1111030
1111040
1111080
1111090
1111100
1111110
1111120
1111130
1111150
1111200
1111210
1111220
1111250
1111270
1111280
1111290
1111300
1111310
1111340
1111370
1111380
1111390
1111410
1111420
1111450
1111460
1111540
1111590
1111600
1111620
1111650
1111660
1111730
1111740
1111760
1111770
1111810
1111830
1111840
1111870
1111880
1111910
1111920
1111930
1111940
1111960
1111970
1111990
1112010
1112050
1112110
1112120
1112130
1112150
1112200
1112230
1112240
1112250
1112330
1112340
1112350
1112360
1112370
1112380
1112390
1112400
1112430
1112450
1112570
1112580
1112620
1112630
1112650
1112670
1112680
1112690
1112700
1112710
1112760
1112790
1112830
1112840
1112870
1112880
1112890
1112910
1112930
1112940
1112950
1112960
1113000
1113010
1113030
1113060
1113070
1113080
1113090
1113110
1113120
1113210
1113220
1113230
1113240
1113270
1113290
1113300
1113310
1113340
1113360
1113370
1113380
1113390
1113400
1113490
1113530
1113560
1113570
1113580
1113630
1113640
1113650
1113670
1113680
1113690
1113730
1113750
1113760
1113770
1113780
1113840
1113850
1113860
1113870
1113880
1113930
1113940
1113950
1113960
1113970
1114000
1114020
1114030
1114080
1114090
1114110
1114130
1114140
1114150
1114170
1114210
1114220
1114230
1114260
1114270
1114290
1114340
1114360
1114370
1114380
1114390
1114430
1114460
1114480
1114520
1114530
1114610
1114620
1114630
1114640
1114650
1114660
1114690
1114700
1114710
1114730
1114740
1114760
1114830
1114860
1114870
1114880
1114900
1114910
1114940
1114950
1114990
1115020
1115030
1115040
1115050
1115060
1115090
1115110
1115380
1115400
1115420
1115450
1115470
1115540
1115570
1115580
1115610
1115620
1115630
1115640
1115650
1115660
1115670
1115690
1115780
1115830
1115860
1115870
1115960
1115970
1115980
1115990
1116010
1116020
1116030
1116050
1116080
1116100
1116110
1116170
1116180
1116190
1116200
1116210
1116230
1116240
1116260
1116280
1116290
1116300
1116340
1116350
1116360
1116390
1116430
1116460
1116470
1116480
1116490
1116500
1116520
1116530
1116540
1116550
1116560
1116570
1116580
1116590
1116600
1116650
1116660
1116670
1116700
1116750
1116770
1116780
1116790
1116800
1116810
1116860
1116870
1116880
1116890
1116910
1116960
1116990
1117000
1117020
1117040
1117090
1117120
1117150
1117160
1117210
1117220
1117310
1117330
1117340
1117360
1117370
1117380
1117420
1117480
1117490
1117500
1117560
1117590
1117600
1117630
1117660
1117670
1117710
1117730
1117760
1117810
1117820
1117840
1117880
1117890
1117900
1117920
1117930
1117970
1117980
1117990
1118000
1118040
1118050
1118070
1118100
1118110
1118200
1118220
1118240
1118310
1118320
1118350
1118390
1118410
1118440
1118470
1118500
1118520
1118550
1118570
1118580
1118590
1118600
1118630
1118640
1118670
1118680
1118690
1118700
1118730
1118740
1118790
1118820
1118830
1118840
1118850
1118870
1118880
1118910
1118920
1118930
1118940
1118950
1119010
1119060
1119070
1119090
1119100
1119110
1119380
1119500
1119530
1119590
1119600
1119620
1119630
1119640
1119670
1119680
1119700
1119710
1119730
1119740
1119760
1119770
1119780
1119790
1119800
1119820
1119840
1119890
1119940
1119970
1119980
1120050
1120090
1120160
1120210
1120220
1120240
1120270
1120280
1120320
1120330
1120340
1120360
1120370
1120390
1120400
1120410
1120420
1120480
1120560
1120580
1120600
1120640
1120680
1120690
1120700
1120750
1120770
1120790
1120800
1120810
1120820
1120850
1120880
1120900
1120920
1120940
1120950
1120960
1120970
1120980
1121000
1121010
1121100
1121120
1121140
1121160
1121170
1121190
1121200
1121220
1121230
1121260
1121270
1121290
1121300
1121310
1121320
1121340
1121400
1121420
1121460
1121490
1121510
1121530
1121550
1121570
1121590
1121630
1121640
1121650
1121670
1121680
1121710
1121720
1121760
1121770
1121780
1121820
1121860
1121910
1121980
1122040
1122050
1122090
1122100
1122110
1122120
1122150
1122160
1122170
1122180
1122210
1122230
1122240
1122250
1122270
1122280
1122290
1122310
1122330
1122340
1122360
1122440
1122460
1122490
1122680
1122690
1122700
1122710
1122720
1122730
1122740
1122750
1122760
1122770
1122780
1122810
1122820
1122830
1122860
1122870
1122880
1122900
1122930
1122960
1122970
1122980
1123020
1123030
1123050
1123060
1123070
1123080
1123090
1123100
1123140
1123150
1123160
1123180
1123190
1123210
1123230
1123240
1123300
1123310
1123340
1123360
1123400
1123410
1123450
1123460
1123500
1123510
1123520
1123550
1123570
1123590
1123600
1123610
1123620
1123640
1123730
1123770
1123790
1123820
1123830
1123850
1123870
1123900
1123910
1123970
1124000
1124050
1124060
1124070
1124080
1124090
1124120
1124130
1124160
1124170
1124180
1124190
1124210
1124260
1124270
1124280
1124300
1124310
1124370
1124380
1124390
1124400
1124410
1124420
1124430
1124510
1124520
1124530
1124550
1124560
1124600
1124630
1124640
1124660
1124680
1124710
1124740
1124790
1124800
1124810
1124830
1124850
1124860
1124940
1124950
1124960
1124970
1124990
1125000
1125030
1125110
1125130
1125240
1125250
1125290
1125330
1125340
1125350
1125360
1125370
1125390
1125420
1125450
1125480
1125490
1125510
1125590
1125600
1125620
1125650
1125670
1125690
1125700
1125710
1125730
1125770
1125780
1125800
1125820
1125830
1125860
1125870
1125880
1125890
1125910
1125920
1125930
1126020
1126040
1126060
1126070
1126090
1126100
1126110
1126130
1126190
1126210
1126220
1126230
1126240
1126260
1126270
1126290
1126300
1126310
1126320
1126340
1126420
1126430
1126440
1126450
1126470
1126510
1126520
1126550
1126580
1126590
1126600
1126640
1126680
1126700
1126710
1126750
1126760
1126770
1126820
1126840
1126850
1126860
1126870
1126880
1126890
1126950
1126970
1126990
1127030
1127070
1127100
1127110
1127120
1127130
1127140
1127170
1127180
1127200
1127210
1127230
1127250
1127290
1127330
1127350
1127360
1127370
1127390
1127400
1127460
1127470
1127480
1127500
1127520
1127530
1127540
1127560
1127580
1127610
1127620
1127640
1127660
1127680
1127690
1127700
1127730
1127760
1127820
1127840
1127850
1127900
1127920
1127930
1127940
1127950
1127970
1127990
1128000
1128010
1128100
1128140
1128150
1128160
1128170
1128180
1128190
1128210
1128220
1128260
1128270
1128280
1128310
1128330
1128360
1128370
1128420
1128430
1128440
1128450
1128480
1128490
1128520
1128570
1128610
1128650
1128660
1128670
1128680
1128690
1128740
1128750
1128770
1128800
1128810
1128830
1128840
1128860
1128900
1128920
1128950
1128960
1128970
1128980
1128990
1129010
1129030
1129080
1129090
1129110
1129180
1129190
1129200
1129210
1129220
1129230
1129240
1129250
1129260
1129310
1129330
1129340
1129350
1129360
1129410
1129480
1129520
1129540
1129550
1129570
1129580
1129610
1129650
1129660
1129670
1129680
1129690
1129700
1129710
1129720
1129730
1129760
1129810
1129830
1129920
1130380
1130400
1130410
1130430
1130440
1130510
1130560
1130570
1130590
1130620
1130660
1130700
1130710
1130760
1130820
1130880
1130900
1130970
1130990
1131000
1131060
1131070
1131080
1131110
1131140
1131190
1131210
1131230
1131240
1131270
1131280
1131360
1131400
1131410
1131420
1131430
1131450
1131460
1131470
1131490
1131520
1131530
1131540
1131550
1131570
1131580
1131590
1131620
1131640
1131650
1131660
1131670
1131680
1131690
1131740
1131750
1131780
1131790
1131800
1131810
1131820
1131830
1131840
1131870
1131880
1131900
1131920
1131930
1131940
1131990
1132010
1132020
1132030
1132050
1132070
1132080
1132090
1132100
1132110
1132120
1132180
1132190
1132220
1132230
1132290
1132300
1132410
1132450
1132460
1132480
1132490
1132530
1132540
1132600
1132620
1132630
1132640
1132670
1132690
1132710
1132720
1132730
1132750
1132760
1132770
1132830
1132840
1132850
1132860
1132880
1132890
1132900
1132910
1132930
1132970
1132980
1133040
1133050
1133060
1133070
1133080
1133120
1133200
1133210
1133230
1133250
1133260
1133300
1133310
1133320
1133330
1133340
1133350
1133360
1133420
1133450
1133500
1133510
1133520
1133530
1133540
1133570
1133580
1133590
1133610
1133700
1133730
1133760
1133770
1133780
1133790
1133870
1133890
1133910
1133930
1133950
1133970
1133980
1133990
1134020
1134030
1134040
1134070
1134100
1134120
1134130
1134140
1134150
1134180
1134190
1134200
1134250
1134260
1134320
1134370
1134390
1134440
1134450
1134470
1134480
1134500
1134520
1134550
1134600
1134610
1134630
1134640
1134650
1134700
1134710
1134730
1135030
1135040
1135050
1135060
1135070
1135090
1135100
1135110
1135120
1135130
1135140
1135150
1135160
1135170
1135180
1135190
1135200
1135210
1135220
1135230
1135240
1135260
1135300
1135310
1135320
1135370
1135380
1135400
1135440
1135450
1135480
1135560
1135570
1135680
1135690
1135700
1135730
1135740
1135750
1135760
1135800
1135810
1135830
1135850
1135860
1135890
1135900
1135910
1136010
1136020
1136040
1136070
1136080
1136090
1136100
1136110
1136160
1136240
1136250
1136290
1136330
1136370
1136380
1136420
1136440
1136470
1136680
1136690
1136730
1136770
1136790
1136820
1136830
1136870
1136880
1136900
1136910
1136930
1136960
1137020
1137040
1137050
1137070
1137100
1137110
1137160
1137170
1137190
1137210
1137220
1137230
1137250
1137260
1137270
1137300
1137320
1137330
1137350
1137360
1137390
1137400
1137410
1137420
1137450
1137460
1137480
1137490
1137550
1137620
1137650
1137660
1137670
1137680
1137690
1137700
1137730
1137750
1137810
1137820
1137860
1137870
1137880
1137900
1137910
1137930
1137970
1137980
1138010
1138020
1138030
1138070
1138100
1138130
1138150
1138190
1138210
1138220
1138250
1138260
1138280
1138290
1138300
1138310
1138320
1138360
1138370
1138380
1138410
1138440
1138530
1138580
1138630
1138640
1138650
1138660
1138780
1138800
1138810
1138850
1138900
1138960
1138970
1138980
1138990
1139000
1139020
1139060
1139070
1139090
1139100
1139130
1139140
1139160
1139190
1139200
1139210
1139230
1139240
1139280
1139310
1139470
1139480
1139490
1139660
1139720
1139740
1139760
1139770
1139780
1139790
1139800
1139830
1139840
1139860
1139870
1139880
1139890
1139900
1139910
1139920
1139940
1139950
1139980
1140020
1140030
1140050
1140060
1140070
1140100
1140110
1140130
1140140
1140150
1140160
1140170
1140180
1140260
1140270
1140290
1140350
1140390
1140400
1140410
1140440
1140460
1140490
1140500
1140510
1140520
1140530
1140540
1140570
1140610
1140620
1140630
1140700
1140720
1140730
1140740
1140750
1140790
1140870
1140880
1140890
1140900
1140930
1140940
1140950
1140970
1141020
1141030
1141050
1141060
1141070
1141100
1141120
1141130
1141150
1141160
1141170
1141180
1141220
1141250
1141260
1141270
1141280
1141290
1141300
1141320
1141330
1141340
1141360
1141380
1141390
1141410
1141450
1141510
1141540
1141550
1141570
1141580
1141600
1141640
1141650
1141660
1141690
1141700
1141740
1141750
1141760
1141840
1141850
1141860
1141880
1141920
1141930
1141950
1141970
1141990
1142000
1142020
1142030
1142040
1142050
1142070
1142080
1142090
1142130
1142180
1142200
1142220
1142230
1142240
1142270
1142280
1142290
1142300
1142320
1142360
1142390
1142410
1142440
1142450
1142460
1142480
1142500
1142510
1142530
1142560
1142570
1142710
1142730
1142740
1142750
1142760
1142810
1142820
1142830
1142850
1142860
1142870
1142890
1143070
1143140
1143170
1143310
1143320
1143330
1143340
1143350
1143390
1143420
1143430
1143440
1143450
1143550
1143570
1143610
1143680
1143710
1143720
1143740
1143770
1143780
1143800
1143810
1143860
1143870
1143900
1143910
1144000
1144020
1144030
1144060
1144070
1144080
1144090
1144100
1144110
1144130
1144140
1144150
1144170
1144200
1144240
1144250
1144260
1144270
1144280
1144290
1144300
1144330
1144350
1144370
1144380
1144400
1144440
1144450
1144460
1144470
1144510
1144520
1144550
1144560
1144590
1144620
1144630
1144670
1144690
1144730
1144760
1144770
1144800
1144810
1144820
1144850
1144860
1144900
1144910
1144970
1145000
1145020
1145030
1145040
1145050
1145060
1145120
1145130
1145180
1145200
1145210
1145220
1145240
1145270
1145280
1145290
1145300
1145330
1145340
1145350
1145360
1145380
1145400
1145410
1145430
1145440
1145450
1145460
1145490
1145520
1145530
1145550
1145560
1145570
1145580
1145590
1145600
1145630
1145660
1145670
1145740
1145770
1145780
1145800
1145810
1145820
1145830
1145860
1145910
1145950
1145960
1145970
1146000
1146010
1146070
1146090
1146100
1146120
1146160
1146170
1146210
1146230
1146240
1146250
1146280
1146300
1146310
1146330
1146350
1146360
1146370
1146390
1146420
1146430
1146450
1146500
1146510
1146560
1146570
1146590
1146600
1146630
1146660
1146670
1146700
1146710
1146730
1146780
1146810
1146880
1146890
1146910
1146920
1146940
1146950
1146970
1147000
1147020
1147030
1147080
1147090
1147110
1147130
1147140
1147170
1147200
1147220
1147240
1147270
1147280
1147330
1147360
1147370
1147390
1147450
1147460
1147490
1147500
1147510
1147520
1147550
1147560
1147600
1147620
1147640
1147690
1147700
1147710
1147750
1147760
1147840
1147850
1147860
1147870
1147880
1147890
1147910
1147940
1147950
1147960
1147970
1147980
1148000
1148010
1148030
1148080
1148090
1148100
1148120
1148130
1148150
1148160
1148200
1148230
1148260
1148270
1148290
1148300
1148310
1148320
1148330
1148350
1148360
1148390
1148400
1148410
1148420
1148430
1148450
1148460
1148470
1148480
1148490
1148500
1148510
1148530
1148540
1148550
1148560
1148570
1148590
1148620
1148650
1148670
1148680
1148700
1148710
1148730
1148740
1148750
1148760
1148770
1148880
1148890
1148920
1148930
1148940
1148980
1149000
1149010
1149070
1149080
1149090
1149120
1149180
1149190
1149200
1149210
1149220
1149280
1149290
1149340
1149370
1149400
1149440
1149450
1149460
1149490
1149500
1149510
1149550
1149570
1149580
1149590
1149620
1149630
1149660
1149690
1149700
1149710
1149770
1149800
1149830
1149860
1149900
1149910
1149930
1149940
1150010
1150040
1150070
1150080
1150090
1150130
1150140
1150160
1150260
1150270
1150290
1150300
1150310
1150390
1150400
1150420
1150440
1150460
1150480
1150500
1150530
1150540
1150550
1150580
1150610
1150620
1150640
1150650
1150670
1150690
1150700
1150720
1150730
1150760
1150790
1150800
1150810
1150820
1150890
1150900
1150910
1150950
1150990
1151050
1151060
1151080
1151090
1151100
1151120
1151130
1151160
1151180
1151200
1151250
1151300
1151310
1151320
1151330
1151340
1151370
1151380
1151390
1151400
1151410
1151430
1151440
1151450
1151460
1151500
1151530
1151550
1151570
1151580
1151600
1151610
1151620
1151630
1151640
1151650
1151670
1151680
1151720
1151740
1151750
1151770
1151840
1151860
1151870
1151880
1151920
1151930
1151940
1151960
1151980
1151990
1152000
1152020
1152040
1152050
1152090
1152100
1152120
1152130
1152160
1152200
1152210
1152230
1152260
1152280
1152300
1152310
1152320
1152330
1152340
1152360
1152380
1152410
1152440
1152450
1152480
1152540
1152550
1152570
1152580
1152620
1152640
1152660
1152670
1152680
1152690
1152710
1152740
1152760
1152800
1152810
1152820
1152830
1152870
1152890
1152910
1152920
1152940
1152950
1152990
1153030
1153040
1153060
1153070
1153100
1153110
1153120
1153130
1153150
1153170
1153200
1153210
1153220
1153250
1153260
1153300
1153320
1153330
1153370
1153410
1153430
1153470
1153520
1153530
1153540
1153550
1153570
1153580
1153640
1153650
1153670
1153690
1153710
1153720
1153730
1153750
1153800
1153830
1153840
1153850
1153860
1153880
1153920
1153930
1153950
1153980
1153990
1154010
1154030
1154040
1154080
1154090
1154110
1154120
1154140
1154150
1154160
1154170
1154210
1154290
1154300
1154340
1154350
1154360
1154420
1154450
1154470
1154480
1154490
1154540
1154560
1154640
1154650
1154670
1154680
1154690
1154720
1154730
1154790
1154800
1154810
1154830
1154840
1154850
1154860
1154940
1154960
1155090
1155100
1155120
1155130
1155220
1155290
1155300
1155330
1155340
1155390
1155410
1155420
1155460
1155470
1155480
1155490
1155500
1155510
1155540
1155560
1155580
1155590
1155600
1155620
1155650
1155660
1155680
1155720
1155730
1155790
1155800
1155810
1155830
1155840
1155850
1155860
1155870
1155880
1155900
1155910
1155920
1155930
1155940
1155950
1155960
1155970
1155980
1155990
1156000
1156030
1156050
1156060
1156120
1156130
1156200
1156250
1156290
1156320
1156330
1156350
1156360
1156380
1156420
1156470
1156480
1156490
1156500
1156510
1156550
1156570
1156590
1156610
1156630
1156640
1156650
1156670
1156680
1156700
1156730
1156760
1156770
1156780
1156790
1156820
1156900
1156910
1156950
1156970
1156980
1156990
1157010
1157020
1157040
1157050
1157070
1157080
1157090
1157100
1157120
1157190
1157200
1157220
1157250
1157260
1157300
1157320
1157340
1157390
1157600
1157620
1157640
1157650
1157670
1157700
1157740
1157750
1157760
1157790
1157800
1157810
1157820
1157830
1157840
1157850
1157860
1157870
1157880
1157900
1157910
1157920
1157940
1157960
1157980
1158000
1158010
1158040
1158150
1158160
1158190
1158220
1158230
1158260
1158280
1158290
1158310
1158320
1158370
1158390
1158410
1158420
1158430
1158450
1158460
1158470
1158480
1158500
1158600
1158650
1158660
1158680
1158690
1158720
1158740
1158750
1158770
1158820
1158830
1158850
1158860
1158880
1158890
1158900
1158910
1158940
1158970
1158990
1159000
1159020
1159070
1159090
1159150
1159160
1159240
1159260
1159280
1159290
1159340
1159350
1159390
1159420
1159430
1159440
1159450
1159490
1159500
1159510
1159520
1159540
1159550
1159560
1159590
1159610
1159640
1159660
1159680
1159690
1159700
1159740
1159770
1159830
1159860
1159870
1159880
1159890
1159940
1159960
1159970
1160020
1160040
1160050
1160060
1160100
1160190
1160220
1160330
1160360
1160410
1160440
1160460
1160490
1160500
1160510
1160550
1160560
1160580
1160610
1160620
1160670
1160690
1160700
1160730
1160750
1160770
1160780
1160790
1160800
1160820
1160870
1160880
1160920
1160950
1160980
1161000
1161020
1161110
1161120
1161140
1161160
1161170
1161180
1161190
1161200
1161210
1161220
1161270
1161300
1161320
1161330
1161360
1161430
1161440
1161490
1161510
1161550
1161570
1161580
1161590
1161640
1161650
1161660
1161670
1161680
1161770
1161780
1161790
1161800
1161810
1161820
1161830
1161840
1161870
1161880
1161900
1161910
1161930
1162010
1162050
1162070
1162080
1162100
1162130
1162140
1162170
1162180
1162280
1162290
1162310
1162320
1162330
1162370
1162390
1162400
1162430
1162440
1162470
1162480
1162520
1162560
1162570
1162580
1162590
1162630
1162640
1162650
1162660
1162670
1162680
1162690
1162700
1162730
1162750
1162760
1162820
1162860
1162880
1162900
1162920
1162930
1162940
1162950
1162960
1162990
1163020
1163060
1163070
1163080
1163090
1163100
1163130
1163150
1163160
1163290
1163300
1163320
1163340
1163350
1163460
1163470
1163490
1163500
1163550
1163560
1163570
1163590
1163600
1163610
1163620
1163660
1163690
1163730
1163740
1163830
1163870
1163910
1163920
1163930
1163960
1163990
1164000
1164020
1164040
1164050
1164060
1164100
1164250
1164290
1164300
1164310
1164330
1164350
1164390
1164410
1164440
1164460
1164470
1164480
1164520
1164550
1164570
1164660
1164690
1164740
1164750
1164760
1164830
1164850
1164860
1164910
1164920
1164930
1164940
1164970
1164990
1165010
1165020
1165090
1165100
1165140
1165150
1165170
1165230
1165270
1165280
1165380
1165390
1165400
1165420
1165430
1165450
1165460
1165470
1165490
1165500
1165520
1165530
1165540
1165560
1165570
1165590
1165600
1165610
1165620
1165640
1165660
1165740
1165750
1165790
1165800
1165820
1165830
1165840
1165850
1165860
1165870
1165910
1165920
1165930
1165960
1165990
1166000
1166040
1166070
1166090
1166100
1166110
1166120
1166130
1166140
1166230
1166240
1166250
1166290
1166310
1166320
1166350
1166400
1166430
1166480
1166510
1166540
1166550
1166580
1166600
1166660
1166680
1166710
1166730
1166740
1166760
1166780
1166790
1166800
1166830
1166840
1166860
1166890
1166910
1166940
1166980
1166990
1167090
1167100
1167110
1167140
1167150
1167170
1167180
1167190
1167270
1167300
1167320
1167350
1167370
1167380
1167430
1167450
1167460
1167470
1167490
1167530
1167540
1167570
1167590
1167610
1167630
1167640
1167650
1167670
1167680
1167700
1167710
1167730
1167750
1167770
1167790
1167800
1167820
1167850
1167900
1167930
1167940
1167950
1168050
1168060
1168070
1168160
1168170
1168190
1168210
1168250
1168320
1168360
1168400
1168420
1168430
1168470
1168490
1168530
1168540
1168550
1168600
1168610
1168630
1168640
1168650
1168660
1168690
1168740
1168790
1168800
1168820
1168830
1168840
1168850
1168870
1168880
1168960
1168970
1168980
1168990
1169000
1169020
1169030
1169040
1169050
1169060
1169070
1169100
1169110
1169140
1169160
1169170
1169200
1169230
1169310
1169380
1169420
1169430
1169460
1169490
1169500
1169510
1169520
1169540
1169630
1169640
1169740
1169760
1169770
1169780
1169870
1169880
1169920
1169940
1170030
1170050
1170060
1170080
1170110
1170120
1170160
1170170
1170180
1170190
1170200
1170210
1170230
1170250
1170290
1170300
1170310
1170320
1170330
1170340
1170350
1170370
1170390
1170400
1170420
1170440
1170500
1170570
1170580
1170640
1170660
1170670
1170720
1170760
1170820
1170830
1170840
1170870
1170880
1170900
1170910
1170920
1170940
1170950
1170960
1170970
1170980
1171030
1171040
1171070
1171080
1171110
1171120
1171130
1171160
1171180
1171230
1171240
1171250
1171260
1171270
1171310
1171320
1171330
1171340
1171350
1171370
1171410
1171440
1171520
1171560
1171570
1171600
1171610
1171620
1171640
1171660
1171690
1171700
1171710
1171770
1171800
1171810
1171820
1171840
1171870
1171880
1171950
1171970
1171980
1171990
1172000
1172050
1172060
1172070
1172080
1172090
1172100
1172150
1172170
1172180
1172190
1172220
1172280
1172340
1172350
1172370
1172380
1172390
1172400
1172410
1172430
1172450
1172470
1172480
1172500
1172510
1172520
1172530
1172620
1172640
1172650
1172660
1172680
1172710
1172720
1172730
1172750
1172760
1172790
1172800
1172820
1172830
1172900
1172920
1172930
1172940
1172980
1173010
1173070
1173100
1173110
1173120
1173130
1173150
1173170
1173200
1173220
1173230
1173240
1173250
1173260
1173270
1173280
1173310
1173330
1173340
1173350
1173370
1173380
1173400
1173410
1173420
1173500
1173590
1173610
1173640
1173650
1173700
1173730
1173740
1173770
1173780
1173790
1173800
1173810
1173820
1173830
1173850
1173870
1173910
1173940
1173960
1173980
1173990
1174030
1174050
1174090
1174100
1174120
1174170
1174180
1174200
1174230
1174260
1174270
1174300
1174320
1174380
1174390
1174400
1174420
1174430
1174440
1174450
1174460
1174490
1174500
1174510
1174550
1174560
1174570
1174640
1174670
1174680
1174720
1174770
1174780
1174810
1174820
1174830
1174890
1174900
1174920
1174940
1174970
1174990
1175030
1175040
1175050
1175060
1175070
1175100
1175120
1175140
1175150
1175160
1175170
1175180
1175190
1175200
1175210
1175240
1175250
1175320
1175330
1175350
1175360
1175370
1175400
1175420
1175430
1175450
1175460
1175470
1175480
1175490
1175500
1175510
1175540
1175550
1175570
1175590
1175600
1175640
1175650
1175660
1175690
1175700
1175720
1175770
1175800
1175830
1175840
1175870
1175880
1175890
1175900
1175930
1175950
1175960
1175970
1175980
1176000
1176020
1176040
1176050
1176060
1176090
1176160
1176170
1176190
1176330
1176360
1176460
1176470
1176480
1176540
1176560
1176570
1176580
1176590
1176710
1176780
1176800
1176840
1176850
1176860
1176890
1176970
1176990
1177020
1177030
1177070
1177080
1177100
1177110
1177130
1177170
1177190
1177250
1177270
1177300
1177310
1177320
1177330
1177340
1177350
1177370
1177380
1177390
1177400
1177420
1177430
1177460
1177480
1177490
1177510
1177540
1177550
1177580
1177610
1177640
1177650
1177660
1177690
1177720
1177730
1177820
1177840
1177850
1177890
1177910
1177940
1177950
1177960
1177970
1177980
1177990
1178000
1178010
1178020
1178030
1178050
1178060
1178130
1178140
1178150
1178160
1178180
1178200
1178210
1178220
1178230
1178260
1178290
1178300
1178310
1178380
1178390
1178400
1178430
1178480
1178490
1178500
1178510
1178520
1178530
1178590
1178680
1178690
1178710
1178770
1178780
1178790
1178820
1178830
1178880
1178890
1179010
1179020
1179060
1179080
1179100
1179110
1179150
1179170
1179190
1179210
1179280
1179310
1179320
1179340
1179350
1179390
1179400
1179410
1179420
1179430
1179460
1179500
1179530
1179540
1179560
1179570
1179580
1179620
1179640
1179660
1179680
1179690
1179750
1179810
1179880
1179890
1179910
1180000
1180020
1180030
1180070
1180110
1180130
1180190
1180200
1180210
1180250
1180270
1180320
1180330
1180360
1180370
1180380
1180420
1180450
1180520
1180530
1180540
1180550
1180610
1180620
1180650
1180660
1180670
1180690
1180700
1180790
1180800
1180820
1180840
1180900
1180940
1180960
1180970
1181000
1181010
1181030
1181040
1181070
1181120
1181130
1181140
1181160
1181220
1181270
1181280
1181290
1181300
1181330
1181360
1181390
1181400
1181430
1181440
1181470
1181490
1181510
1181520
1181550
1181570
1181600
1181610
1181640
1181650
1181690
1181750
1181780
1181790
1181800
1181820
1181830
1181840
1181880
1181900
1181910
1181940
1181970
1182020
1182040
1182070
1182090
1182110
1182200
1182210
1182260
1182280
1182310
1182370
1182410
1182420
1182470
1182530
1182590
1182620
1182670
1182690
1182720
1182760
1182770
1182790
1182820
1182830
1182860
1182890
1182900
1182970
1183010
1183030
1183140
1183160
1183170
1183200
1183210
1183220
1183230
1183260
1183270
1183280
1183300
1183320
1183350
1183410
1183420
1183470
1183480
1183500
1183510
1183530
1183560
1183580
1183600
1183650
1183670
1183700
1183740
1183750
1183800
1183840
1183850
1183980
1184010
1184040
1184050
1184070
1184090
1184110
1184150
1184160
1184190
1184210
1184230
1184250
1184260
1184310
1184320
1184360
1184370
1184400
1184420
1184450
1184470
1184480
1184500
1184530
1184550
1184560
1184570
1184590
1184640
1184680
1184700
1184710
1184720
1184750
1184760
1184770
1184780
1184790
1184810
1184820
1184840
1184850
1184860
1184880
1184890
1184900
1184960
1184990
1185000
1185140
1185160
1185190
1185230
1185270
1185280
1185290
1185330
1185340
1185360
1185370
1185380
1185390
1185400
1185410
1185470
1185480
1185490
1185500
1185520
1185530
1185570
1185580
1185600
1185620
1185630
1185660
1185680
1185700
1185730
1185740
1185780
1185810
1185820
1185870
1185940
1185950
1185960
1186030
1186040
1186050
1186080
1186100
1186160
1186200
1186220
1186260
1186270
1186280
1186290
1186300
1186340
1186350
1186400
1186430
1186460
1186470
1186510
1186530
1186570
1186580
1186590
1186600
1186630
1186640
1186650
1186660
1186670
1186680
1186690
1186720
1186730
1186740
1186760
1186770
1186860
1186880
1186940
1186950
1186960
1187030
1187110
1187130
1187190
1187250
1187270
1187330
1187410
1187420
1187430
1187490
1187510
1187520
1187560
1187600
1187620
1187640
1187650
1187740
1187780
1187790
1187830
1187840
1187850
1187870
1187900
1187910
1187920
1187940
1187950
1187990
1188000
1188020
1188060
1188070
1188080
1188100
1188140
1188160
1188250
1188260
1188270
1188280
1188290
1188310
1188320
1188330
1188400
1188410
1188420
1188430
1188460
1188490
1188520
1188540
1188580
1188590
1188630
1188660
1188670
1188690
1188710
1188720
1188760
1188800
1188850
1188860
1188870
1188900
1188930
1188950
1188970
1188990
1189020
1189030
1189040
1189060
1189070
1189080
1189090
1189100
1189120
1189130
1189160
1189190
1189200
1189210
1189220
1189230
1189250
1189290
1189320
1189350
1189360
1189380
1189440
1189460
1189470
1189490
1189520
1189590
1189600
1189630
1189650
1189660
1189680
1189730
1189740
1189780
1189800
1189820
1189850
1190000
1190060
1190110
1190120
1190130
1190150
1190160
1190170
1190180
1190190
1190230
1190270
1190310
1190320
1190340
1190370
1190380
1190400
1190410
1190480
1190540
1190560
1190590
1190600
1190630
1190640
1190690
1190710
1190720
1190740
1190760
1190780
1190810
1190820
1190840
1190900
1190910
1190930
1190970
1190980
1190990
1191000
1191050
1191070
1191080
1191100
1191120
1191210
1191260
1191270
1191280
1191330
1191420
1191430
1191440
1191450
1191510
1191540
1191550
1191570
1191580
1191590
1191610
1191620
1191630
1191650
1191660
1191680
1191690
1191700
1191730
1191770
1191800
1191820
1191830
1191840
1191860
1191870
1191900
1191930
1191940
1191960
1192010
1192020
1192060
1192070
1192160
1192170
1192230
1192260
1192270
1192310
1192380
1192410
1192420
1192440
1192490
1192500
1192540
1192550
1192580
1192610
1192630
1192640
1192700
1192730
1192740
1192810
1192830
1192840
1192860
1192880
1192890
1192900
1192910
1192940
1192950
1193040
1193070
1193080
1193090
1193120
1193160
1193170
1193200
1193210
1193290
1193300
1193330
1193340
1193350
1193380
1193430
1193450
1193460
1193510
1193520
1193530
1193550
1193560
1193590
1193600
1193620
1193630
1193660
1193680
1193730
1193760
1193780
1193790
1193830
1193900
1193930
1193950
1193990
1194040
1194050
1194100
1194130
1194140
1194160
1194170
1194190
1194200
1194220
1194230
1194330
1194380
1194390
1194480
1194490
1194520
1194560
1194590
1194600
1194610
1194620
1194630
1194650
1194670
1194680
1194700
1194710
1194720
1194730
1194740
1194750
1194790
1194800
1194810
1194830
1194840
1194870
1194890
1194910
1194930
1194940
1194970
1195020
1195070
1195080
1195090
1195140
1195170
1195220
1195230
1195250
1195290
1195340
1195350
1195360
1195380
1195410
1195420
1195430
1195450
1195460
1195530
1195550
1195560
1195570
1195610
1195620
1195710
1195820
1195830
1195870
1195910
1195920
1196030
1196080
1196090
1196130
1196160
1196170
1196190
1196230
1196240
1196260
1196280
1196300
1196310
1196320
1196350
1196390
1196400
1196440
1196450
1196470
1196500
1196520
1196550
1196570
1196580
1196590
1196620
1196630
1196660
1196690
1196750
1196800
1196880
1196890
1196920
1196940
1196970
1196990
1197010
1197020
1197030
1197060
1197100
1197110
1197150
1197160
1197180
1197210
1197220
1197230
1197240
1197260
1197280
1197320
1197340
1197350
1197360
1197370
1197380
1197390
1197440
1197480
1197490
1197500
1197520
1197530
1197570
1197590
1197620
1197670
1197690
1197700
1197710
1197730
1197750
1197770
1197790
1197820
1197840
1197960
1197990
1198020
1198040
1198050
1198060
1198070
1198080
1198090
1198110
1198210
1198240
1198250
1198260
1198270
1198290
1198310
1198320
1198340
1198370
1198380
1198390
1198400
1198440
1198450
1198490
1198510
1198520
1198570
1198590
1198600
1198630
1198690
1198700
1198710
1198730
1198740
1198760
1198770
1198810
1198820
1198850
1198860
1198900
1198920
1198970
1199010
1199030
1199050
1199060
1199110
1199140
1199150
1199170
1199180
1199200
1199220
1199240
1199360
1199370
1199420
1199450
1199520
1199540
1199560
1199610
1199650
1199660
1199690
1199740
1199760
1199770
1199780
1199790
1199800
1199830
1199900
1199910
1199930
1199940
1199980
1200060
1200090
1200110
1200120
1200140
1200150
1200160
1200180
1200200
1200220
1200230
1200250
1200290
1200300
1200330
1200350
1200400
1200420
1200430
1200450
1200520
1200570
1200580
1200600
1200630
1200650
1200660
1200700
1200710
1200720
1200730
1200740
1200770
1200780
1200800
1200860
1200870
1200910
1200930
1201000
1201090
1201200
1201220
1201230
1201240
1201250
1201260
1201270
1201280
1201310
1201350
1201370
1201380
1201390
1201400
1201450
1201470
1201500
1201520
1201530
1201540
1201550
1201620
1201630
1201650
1201700
1201730
1201750
1201760
1201770
1201790
1201800
1201810
1201830
1201840
1201850
1201870
1201880
1201890
1201910
1201930
1201950
1201960
1202070
1202090
1202100
1202120
1202130
1202140
1202150
1202160
1202170
1202200
1202220
1202240
1202250
1202280
1202300
1202310
1202330
1202340
1202390
1202400
1202410
1202420
1202430
1202440
1202480
1202510
1202540
1202550
1202560
1202570
1202580
1202610
1202630
1202640
1202650
1202660
1202690
1202710
1202730
1202770
1202780
1202790
1202810
1202820
1202830
1202870
1202880
1202900
1202920
1202930
1202970
1203050
1203140
1203160
1203170
1203180
1203190
1203220
1203240
1203280
1203310
1203320
1203330
1203360
1203370
1203390
1203400
1203420
1203430
1203450
1203460
1203470
1203490
1203500
1203560
1203570
1203580
1203600
1203620
1203630
1203650
1203670
1203680
1203710
1203750
1203760
1203770
1203780
1203810
1203840
1203850
1203890
1203900
1203910
1203930
1203940
1203950
1203960
1203970
1203990
1204010
1204030
1204040
1204080
1204110
1204210
1204220
1204230
1204250
1204270
1204280
1204320
1204330
1204360
1204370
1204380
1204410
1204440
1204470
1204480
1204490
1204520
1204530
1204540
1204550
1204580
1204630
1204650
1204660
1204670
1204690
1204700
1204710
1204720
1204740
1204750
1204760
1204780
1204790
1204800
1204830
1204840
1204860
1204880
1204900
1204930
1204940
1204950
1204970
1204990
1205010
1205020
1205030
1205040
1205060
1205130
1205140
1205150
1205160
1205170
1205240
1205250
1205260
1205270
1205390
1205420
1205450
1205480
1205520
1205540
1205560
1205570
1205590
1205610
1205640
1205650
1205660
1205680
1205690
1205800
1205900
1205950
1205960
1205970
1206000
1206010
1206020
1206040
1206050
1206060
1206070
1206080
1206090
1206110
1206140
1206180
1206230
1206240
1206260
1206270
1206280
1206290
1206310
1206320
1206350
1206380
1206410
1206430
1206470
1206480
1206490
1206510
1206550
1206560
1206570
1206590
1206600
1206610
1206620
1206660
1206670
1206700
1206710
1206720
1206770
1206810
1206840
1206850
1206870
1206900
1206910
1206920
1206930
1207010
1207020
1207090
1207130
1207210
1207230
1207260
1207310
1207320
1207360
1207370
1207380
1207390
1207400
1207420
1207480
1207500
1207520
1207540
1207650
1207690
1207710
1207770
1207780
1207800
1207820
1207850
1207860
1207880
1208030
1208040
1208050
1208090
1208110
1208120
1208170
1208220
1208240
1208260
1208270
1208330
1208370
1208380
1208390
1208400
1208410
1208420
1208460
1208470
1208490
1208500
1208510
1208520
1208550
1208560
1208580
1208590
1208600
1208620
1208630
1208690
1208760
1208770
1208810
1208830
1208840
1208850
1208860
1208870
1208890
1208900
1208950
1208980
1209000
1209060
1209080
1209140
1209160
1209170
1209190
1209200
1209330
1209360
1209410
1209420
1209430
1209440
1209450
1209490
1209510
1209520
1209570
1209610
1209650
1209720
1209740
1209750
1209760
1209770
1209790
1209820
1209860
1209870
1209910
1209950
1209960
1209970
1209990
1210010
1210030
1210060
1210110
1210150
1210220
1210230
1210250
1210260
1210320
1210330
1210340
1210380
1210470
1210490
1210530
1210540
1210550
1210570
1210590
1210610
1210620
1210640
1210650
1210660
1210670
1210680
1210700
1210740
1210780
1210790
1210800
1210830
1210850
1210880
1210910
1210920
1210930
1210960
1210970
1211020
1211050
1211070
1211100
1211110
1211120
1211160
1211180
1211220
1211230
1211240
1211250
1211270
1211320
1211340
1211350
1211360
1211370
1211390
1211420
1211490
1211540
1211600
1211610
1211630
1211640
1211650
1211700
1211710
1211720
1211730
1211740
1211780
1211790
1211800
1211830
1211930
1211950
1211960
1211970
1211980
1211990
1212020
1212030
1212040
1212100
1212110
1212120
1212150
1212170
1212180
1212190
1212250
1212290
1212300
1212320
1212350
1212370
1212400
1212410
1212430
1212440
1212450
1212460
1212470
1212480
1212500
1212510
1212530
1212550
1212580
1212600
1212610
1212620
1212640
1212710
1212720
1212730
1212740
1212750
1212760
1212780
1212830
1212840
1212850
1212860
1212870
1212930
1212940
1212960
1212970
1213000
1213050
1213070
1213080
1213100
1213110
1213140
1213150
1213210
1213220
1213230
1213250
1213300
1213370
1213390
1213400
1213420
1213450
1213460
1213530
1213550
1213570
1213600
1213640
1213650
1213660
1213670
1213680
1213700
1213740
1213750
1213760
1213770
1213780
1213810
1213840
1213860
1213870
1213890
1213910
1213920
1213980
1214000
1214050
1214060
1214130
1214150
1214180
1214200
1214210
1214280
1214330
1214360
1214380
1214400
1214410
1214450
1214460
1214470
1214490
1214500
1214520
1214530
1214540
1214570
1214590
1214600
1214630
1214650
1214670
1214680
1214690
1214710
1214720
1214740
1214760
1214850
1214870
1214920
1214980
1214990
1215000
1215020
1215030
1215060
1215090
1215120
1215170
1215180
1215200
1215260
1215270
1215280
1215310
1215320
1215340
1215350
1215380
1215390
1215400
1215410
1215430
1215500
1215520
1215540
1215550
1215580
1215600
1215650
1215660
1215690
1215700
1215710
1215720
1215740
1215750
1215770
1215830
1215860
1215870
1215900
1215930
1215940
1215950
1215960
1215970
1215990
1216030
1216050
1216060
1216080
1216150
1216190
1216200
1216220
1216230
1216270
1216300
1216310
1216320
1216340
1216350
1216370
1216470
1216480
1216490
1216530
1216540
1216550
1216560
1216580
1216590
1216600
1216610
1216660
1216700
1216710
1216720
1216740
1216870
1216880
1216930
1216940
1216980
1216990
1217050
1217060
1217070
1217100
1217110
1217160
1217170
1217180
1217190
1217200
1217220
1217230
1217260
1217270
1217280
1217310
1217330
1217340
1217350
1217370
1217380
1217390
1217410
1217440
1217480
1217490
1217510
1217520
1217530
1217550
1217560
1217570
1217580
1217610
1217630
1217640
1217660
1217710
1217720
1217750
1217820
1217830
1217850
1217860
1217870
1217880
1217900
1217930
1217950
1217990
1218020
1218030
1218090
1218130
1218140
1218150
1218170
1218200
1218210
1218220
1218230
1218250
1218260
1218280
1218300
1218320
1218360
1218400
1218420
1218440
1218460
1218470
1218480
1218500
1218510
1218520
1218530
1218540
1218550
1218560
1218570
1218580
1218590
1218620
1218640
1218670
1218680
1218710
1218740
1218750
1218760
1218770
1218780
1218790
1218830
1218850
1218890
1218900
1218920
1218930
1218940
1219000
1219010
1219020
1219030
1219060
1219070
1219080
1219110
1219120
1219170
1219180
1219220
1219240
1219280
1219300
1219310
1219320
1219340
1219370
1219420
1219450
1219480
1219500
1219520
1219530
1219540
1219550
1219570
1219580
1219590
1219600
1219610
1219620
1219650
1219690
1219700
1219730
1219740
1219770
1219790
1219800
1219810
1219820
1219860
1219890
1219910
1219940
1219950
1219980
1220010
1220040
1220070
1220080
1220100
1220110
1220120
1220140
1220150
1220160
1220170
1220190
1220200
1220300
1220330
1220340
1220370
1220390
1220410
1220440
1220460
1220510
1220520
1220550
1220560
1220580
1220600
1220650
1220670
1220680
1220690
1220710
1220760
1220800
1220840
1220850
1220880
1220890
1220900
1220910
1220920
1220930
1220980
1220990
1221030
1221070
1221080
1221230
1221240
1221250
1221260
1221280
1221300
1221310
1221320
1221330
1221390
1221400
1221420
1221430
1221440
1221460
1221480
1221510
1221520
1221540
1221560
1221590
1221600
1221620
1221630
1221640
1221650
1221660
1221670
1221730
1221800
1221810
1221830
1221860
1221880
1221890
1221950
1221990
1222000
1222020
1222040
1222050
1222060
1222080
1222090
1222120
1222140
1222150
1222160
1222170
1222180
1222200
1222210
1222220
1222230
1222240
1222250
1222260
1222270
1222290
1222300
1222330
1222340
1222370
1222380
1222390
1222400
1222420
1222470
1222480
1222490
1222540
1222550
1222560
1222570
1222600
1222610
1222620
1222640
1222670
1222680
1222690
1222700
1222720
1222730
1222740
1222750
1222800
1222830
1222840
1222870
1222930
1222940
1222960
1222980
1223020
1223030
1223090
1223110
1223140
1223150
1223200
1223210
1223220
1223230
1223250
1223260
1223270
1223350
1223360
1223370
1223380
1223390
1223440
1223500
1223530
1223550
1223660
1223670
1223720
1223750
1223770
1223810
1223820
1223870
1223880
1223910
1224010
1224020
1224030
1224050
1224070
1224120
1224160
1224220
1224250
1224290
1224310
1224320
1224360
1224380
1224420
1224450
1224470
1224480
1224490
1224530
1224600
1224630
1224640
1224650
1224690
1224700
1224710
1224720
1224770
1224840
1224900
1225040
1225070
1225100
1225110
1225120
1225130
1225200
1225240
1225250
1225260
1225290
1225320
1225370
1225380
1225410
1225550
1225560
1225570
1225580
1225590
1225600
1225610
1225640
1225660
1225680
1225690
1225710
1225730
1225740
1225780
1225790
1225810
1225820
1225840
1225850
1225870
1225880
1225890
1225910
1225920
1225930
1225940
1226000
1226010
1226020
1226030
1226070
1226150
1226160
1226170
1226180
1226190
1226210
1226230
1226250
1226420
1226480
1226490
1226510
1226530
1226540
1226550
1226560
1226580
1226610
1226640
1226670
1226820
1226840
1226880
1226890
1226910
1226920
1226940
1226950
1226960
1226970
1226990
1227000
1227010
1227040
1227050
1227070
1227090
1227100
1227130
1227150
1227190
1227200
1227250
1227280
1227320
1227330
1227360
1227390
1227400
1227490
1227530
1227570
1227580
1227590
1227600
1227650
1227680
1227690
1227750
1227760
1227780
1227820
1227830
1227860
1227890
1227900
1227930
1228320
1228360
1228390
1228410
1228430
1228440
1228450
1228460
1228490
1228500
1228520
1228560
1228570
1228600
1228610
1228630
1228670
1228680
1228700
1228730
1228790
1228820
1228840
1228860
1228870
1228880
1228910
1228920
1228950
1228960
1228970
1229010
1229020
1229030
1229060
1229090
1229190
1229200
1229240
1229250
1229260
1229270
1229280
1229310
1229380
1229390
1229420
1229450
1229460
1229490
1229500
1229510
1229520
1229530
1229570
1229580
1229590
1229640
1229650
1229720
1229730
1229880
1229890
1229900
1229910
1229920
1229960
1230000
1230010
1230020
1230050
1230100
1230120
1230140
1230170
1230200
1230340
1230360
1230400
1230410
1230490
1230500
1230510
1230530
1230540
1230560
1230570
1230640
1230650
1230660
1230670
1230800
1230840
1230860
1230870
1230880
1230930
1230940
1230980
1230990
1231000
1231040
1231070
1231100
1231120
1231130
1231150
1231210
1231270
1231410
1231440
1231460
1231500
1231520
1231530
1231560
1231570
1231580
1231590
1231640
1231710
1231720
1231740
1231750
1231760
1231770
1231780
1231790
1231800
1231810
1231820
1231840
1231880
1231900
1231920
1231940
1231950
1231970
1231990
1232010
1232060
1232100
1232120
1232130
1232140
1232150
1232180
1232220
1232230
1232260
1232290
1232310
1232330
1232420
1232450
1232460
1232470
1232500
1232510
1232550
1232570
1232580
1232590
1232610
1232640
1232650
1232670
1232720
1232730
1232800
1232810
1232830
1232870
1232890
1232900
1232940
1232960
1232990
1233020
1233030
1233040
1233070
1233120
1233170
1233200
1233210
1233230
1233240
1233250
1233260
1233270
1233300
1233350
1233380
1233410
1233420
1233460
1233510
1233530
1233540
1233560
1233570
1233580
1233590
1233600
1233610
1233640
1233680
1233690
1233710
1233720
1233740
1233780
1233790
1233800
1233810
1233820
1233850
1233880
1233900
1233950
1233990
1234020
1234030
1234070
1234110
1234120
1234160
1234180
1234180
1234190
1234200
1234220
1234240
1234260
1234280
1234320
1234330
1234340
1234360
1234380
1234400
1234410
1234430
1234450
1234500
1234520
1234540
1234550
1234560
1234580
1234590
1234600
1234620
1234630
1234680
1234690
1234700
1234750
1234820
1234830
1234840
1234850
1234870
1234880
1234890
1234900
1234920
1234930
1234940
1234960
1234970
1234980
1234990
1235090
1235100
1235110
1235120
1235130
1235140
1235160
1235220
1235340
1235350
1235360
1235400
1235430
1235440
1235450
1235460
1235470
1235480
1235510
1235520
1235570
1235710
1235770
1235790
1235800
1235810
1235830
1235910
1235920
1235930
1235950
1235980
1236000
1236020
1236040
1236050
1236070
1236100
1236140
1236160
1236170
1236180
1236190
1236240
1236250
1236270
1236320
1236330
1236400
1236430
1236450
1236470
1236480
1236490
1236530
1236560
1236580
1236620
1236630
1236670
1236700
1236720
1236760
1236770
1236780
1236800
1236810
1236820
1236860
1236880
1236900
1236920
1236930
1236960
1237040
1237050
1237060
1237070
1237080
1237090
1237110
1237120
1237170
1237190
1237210
1237220
1237240
1237250
1237260
1237310
1237320
1237330
1237400
1237410
1237460
1237480
1237490
1237510
1237530
1237540
1237550
1237560
1237570
1237590
1237610
1237660
1237670
1237690
1237700
1237730
1237760
1237780
1237800
1237820
1237840
1237870
1237880
1237890
1237900
1237950
1237970
1237980
1238000
1238020
1238040
1238060
1238080
1238130
1238180
1238190
1238220
1238250
1238280
1238330
1238340
1238360
1238390
1238400
1238450
1238470
1238480
1238490
1238520
1238540
1238620
1238630
1238650
1238680
1238710
1238720
1238730
1238780
1238810
1238820
1238840
1238860
1238880
1238920
1238940
1238970
1238980
1238990
1239000
1239020
1239030
1239050
1239080
1239120
1239140
1239180
1239260
1239270
1239280
1239300
1239320
1239360
1239400
1239470
1239490
1239580
1239590
1239600
1239660
1239690
1239710
1239720
1239740
1239780
1239800
1239870
1239900
1239920
1239930
1239940
1239950
1239970
1239980
1239990
1240040
1240050
1240060
1240120
1240130
1240140
1240160
1240180
1240210
1240230
1240240
1240270
1240290
1240350
1240370
1240440
1240450
1240460
1240480
1240510
1240530
1240550
1240590
1240600
1240610
1240620
1240630
1240680
1240690
1240730
1240770
1240790
1240810
1240840
1240890
1240910
1240920
1241020
1241030
1241040
1241050
1241100
1241110
1241140
1241180
1241230
1241370
1241380
1241390
1241400
1241500
1241510
1241520
1241540
1241590
1241630
1241690
1241700
1241710
1241740
1241760
1241780
1241810
1241860
1241910
1241950
1242630
1242670
1242730
1242800
1242820
1242910
1242960
1242980
1243010
1243030
1243040
1243050
1243060
1243100
1243130
1243140
1243150
1243160
1243200
1243220
1243240
1243260
1243290
1243310
1243320
1243360
1243370
1243410
1243420
1243450
1243520
1243530
1243550
1243560
1243580
1243640
1243670
1243690
1243700
1243750
1243790
1243820
1243830
1243850
1243880
1243890
1243900
1243930
1243960
1244050
1244090
1244140
1244150
1244190
1244210
1244260
1244300
1244370
1244380
1244410
1244450
1244460
1244470
1244520
1244530
1244600
1244610
1244620
1244630
1244760
1244770
1244800
1244830
1244850
1244890
1244910
1244930
1244950
1244960
1245000
1245060
1245080
1245090
1245140
1245170
1245220
1245250
1245260
1245280
1245350
1245360
1245370
1245380
1245430
1245440
1245470
1245480
1245500
1245540
1245550
1245560
1245580
1245610
1245620
1245630
1245640
1245660
1245670
1245730
1245780
1245800
1245810
1245820
1245900
1245910
1245920
1245950
1245980
1246020
1246050
1246060
1246120
1246130
1246140
1246160
1246170
1246200
1246230
1246250
1246320
1246350
1246390
1246420
1246460
1246470
1246490
1246540
1246600
1246620
1246650
1246680
1246710
1246780
1246870
1246930
1246940
1246950
1247020
1247030
1247040
1247070
1247100
1247110
1247160
1247170
1247190
1247210
1247250
1247360
1247370
1247400
1247460
1247470
1247490
1247570
1247580
1247640
1247650
1247720
1247730
1247740
1247830
1247860
1247870
1247910
1247920
1247930
1247940
1247950
1248030
1248060
1248080
1248100
1248120
1248130
1248140
1248200
1248220
1248230
1248240
1248270
1248350
1248370
1248420
1248450
1248460
1248490
1248510
1248520
1248540
1248550
1248570
1248590
1248670
1248680
1248710
1248730
1248740
1248750
1248790
1248800
1248810
1248820
1248830
1248840
1248860
1248870
1248910
1248960
1248970
1249010
1249040
1249060
1249070
1249080
1249110
1249130
1249150
1249170
1249190
1249260
1249270
1249290
1249300
1249390
1249400
1249410
1249420
1249430
1249480
1249490
1249500
1249510
1249620
1249670
1249680
1249700
1249730
1249740
1249750
1249780
1249800
1249820
1249850
1249880
1249890
1249970
1249980
1250030
1250040
1250060
1250090
1250100
1250120
1250160
1250180
1250210
1250220
1250250
1250260
1250270
1250280
1250290
1250300
1250350
1250410
1250440
1250490
1250510
1250520
1250560
1250610
1250630
1250640
1250650
1250670
1250700
1250760
1250770
1250790
1250810
1250850
1250870
1250900
1250940
1250960
1250990
1251040
1251060
1251090
1251130
1251200
1251210
1251240
1251250
1251270
1251290
1251300
1251310
1251320
1251330
1251360
1251380
1251400
1251410
1251430
1251460
1251520
1251550
1251580
1251630
1251670
1251680
1251690
1251750
1251760
1251770
1251780
1251790
1251800
1251840
1251850
1251910
1251930
1251950
1251960
1251970
1251980
1252000
1252020
1252030
1252040
1252050
1252070
1252100
1252120
1252130
1252160
1252170
1252190
1252210
1252230
1252240
1252250
1252300
1252320
1252330
1252370
1252380
1252390
1252410
1252450
1252480
1252510
1252560
1252580
1252600
1252630
1252650
1252680
1252710
1252720
1252730
1252780
1252810
1252830
1252850
1252920
1253000
1253010
1253030
1253050
1253110
1253160
1253180
1253190
1253220
1253230
1253240
1253270
1253320
1253390
1253400
1253410
1253440
1253450
1253460
1253500
1253520
1253570
1253580
1253610
1253620
1253650
1253680
1253690
1253710
1253720
1253730
1253760
1253800
1253820
1253860
1253870
1253880
1253900
1253920
1253930
1253940
1254070
1254110
1254120
1254130
1254140
1254150
1254160
1254180
1254200
1254280
1254320
1254370
1254390
1254410
1254430
1254440
1254480
1254490
1254500
1254590
1254610
1254620
1254630
1254670
1254720
1254740
1254770
1254820
1254860
1254870
1254930
1254950
1255010
1255020
1255030
1255040
1255050
1255130
1255140
1255160
1255170
1255230
1255300
1255320
1255380
1255410
1255420
1255460
1255550
1255560
1255640
1255650
1255660
1255680
1255720
1255740
1255800
1255810
1255820
1255830
1255840
1255870
1255880
1255890
1255910
1255920
1255990
1256040
1256060
1256130
1256160
1256190
1256220
1256230
1256270
1256330
1256340
1256360
1256380
1256400
1256430
1256440
1256490
1256500
1256520
1256530
1256550
1256610
1256650
1256660
1256670
1256680
1256710
1256730
1256760
1256830
1256870
1256900
1256920
1256950
1256970
1256980
1257000
1257030
1257170
1257190
1257200
1257210
1257250
1257270
1257280
1257300
1257310
1257360
1257370
1257410
1257430
1257480
1257520
1257540
1257550
1257590
1257600
1257610
1257620
1257660
1257670
1257700
1257710
1257720
1257800
1257810
1257840
1257850
1257860
1257870
1257880
1257890
1257900
1257910
1257920
1257930
1257940
1257950
1258000
1258020
1258030
1258040
1258060
1258070
1258080
1258090
1258140
1258190
1258200
1258220
1258230
1258290
1258300
1258310
1258340
1258370
1258410
1258420
1258440
1258460
1258480
1258520
1258560
1258580
1258590
1258620
1258640
1258650
1258710
1258730
1258750
1258770
1258780
1258790
1258800
1258820
1258830
1258840
1258900
1258920
1258930
1258950
1258960
1258980
1258990
1259000
1259020
1259050
1259130
1259140
1259180
1259220
1259240
1259290
1259300
1259310
1259330
1259340
1259370
1259380
1259390
1259420
1259430
1259440
1259460
1259470
1259510
1259520
1259530
1259560
1259570
1259580
1259600
1259610
1259640
1259660
1259740
1259760
1259790
1259800
1259830
1259840
1259850
1259860
1259890
1259910
1259950
1259960
1259980
1259990
1260020
1260030
1260130
1260150
1260160
1260170
1260220
1260240
1260250
1260300
1260320
1260330
1260340
1260370
1260390
1260400
1260430
1260440
1260450
1260470
1260490
1260520
1260540
1260550
1260560
1260570
1260580
1260590
1260620
1260670
1260690
1260710
1260720
1260730
1260740
1260770
1260790
1260800
1260810
1260820
1260830
1260840
1260860
1260910
1260920
1260930
1260940
1260960
1260970
1260980
1261000
1261010
1261020
1261040
1261090
1261130
1261170
1261180
1261200
1261220
1261280
1261290
1261300
1261360
1261370
1261390
1261430
1261490
1261520
1261530
1261570
1261630
1261640
1261650
1261660
1261670
1261700
1261750
1261760
1261770
1261820
1261880
1261900
1261990
1262040
1262060
1262070
1262080
1262100
1262110
1262120
1262140
1262170
1262190
1262240
1262260
1262350
1262380
1262450
1262460
1262470
1262500
1262530
1262540
1262560
1262580
1262600
1262640
1262720
1262730
1262760
1262770
1262780
1262790
1262800
1262830
1262880
1262890
1262900
1262910
1262920
1262930
1263000
1263060
1263070
1263090
1263100
1263110
1263120
1263130
1263160
1263170
1263200
1263210
1263220
1263230
1263240
1263350
1263370
1263410
1263450
1263490
1263510
1263520
1263530
1263540
1263550
1263590
1263610
1263620
1263630
1263650
1263680
1263700
1263720
1263740
1263750
1263780
1263800
1263820
1263840
1263910
1263920
1263930
1263940
1263990
1264000
1264010
1264050
1264080
1264090
1264140
1264160
1264180
1264200
1264220
1264230
1264240
1264250
1264260
1264280
1264290
1264310
1264350
1264360
1264390
1264410
1264420
1264510
1264520
1264550
1264590
1264610
1264620
1264630
1264650
1264670
1264710
1264720
1264730
1264740
1264760
1264770
1264790
1264800
1264820
1264830
1264840
1264850
1264880
1264890
1264900
1264920
1264930
1264940
1264970
1264980
1264990
1265010
1265030
1265040
1265070
1265080
1265090
1265110
1265120
1265130
1265140
1265170
1265200
1265220
1265230
1265260
1265270
1265280
1265300
1265310
1265360
1265380
1265390
1265410
1265430
1265440
1265460
1265500
1265510
1265530
1265570
1265580
1265650
1265660
1265680
1265690
1265720
1265770
1265780
1265800
1265810
1265820
1265850
1265870
1265920
1265930
1265960
1265970
1265990
1266030
1266050
1266060
1266070
1266100
1266120
1266140
1266210
1266220
1266370
1266380
1266390
1266400
1266410
1266430
1266440
1266450
1266470
1266480
1266540
1266560
1266600
1266610
1266630
1266640
1266650
1266680
1266690
1266700
1266720
1266800
1266820
1266840
1266890
1266900
1266980
1267010
1267040
1267070
1267120
1267130
1267170
1267210
1267230
1267260
1267270
1267280
1267290
1267310
1267330
1267370
1267400
1267410
1267470
1267540
1267560
1267580
1267670
1267680
1267690
1267770
1267810
1267830
1267870
1267910
1267920
1267930
1267940
1267950
1267960
1267970
1268000
1268100
1268110
1268140
1268160
1268190
1268200
1268250
1268280
1268290
1268330
1268350
1268360
1268370
1268380
1268400
1268410
1268420
1268530
1268540
1268550
1268590
1268700
1268710
1268730
1268750
1268790
1268800
1268830
1268840
1268860
1268870
1268880
1268900
1268960
1268990
1269020
1269030
1269050
1269080
1269110
1269120
1269150
1269180
1269190
1269230
1269240
1269250
1269300
1269350
1269370
1269390
1269400
1269450
1269500
1269510
1269520
1269540
1269550
1269560
1269590
1269620
1269630
1269640
1269650
1269690
1269700
1269710
1269730
1269770
1269810
1269820
1269830
1269850
1269890
1269900
1269910
1269950
1269960
1269990
1270010
1270020
1270030
1270050
1270070
1270080
1270100
1270130
1270180
1270210
1270230
1270280
1270300
1270330
1270360
1270370
1270380
1270390
1270420
1270440
1270460
1270500
1270520
1270570
1270580
1270620
1270650
1270660
1270670
1270680
1270720
1270760
1270780
1270820
1270840
1270850
1270870
1270890
1270910
1270930
1270970
1270980
1271030
1271050
1271070
1271080
1271090
1271100
1271110
1271150
1271170
1271190
1271250
1271260
1271280
1271300
1271310
1271340
1271380
1271390
1271400
1271420
1271460
1271500
1271510
1271520
1271530
1271540
1271580
1271600
1271620
1271630
1271690
1271700
1271710
1271740
1271750
1271760
1271820
1271840
1271850
1271870
1271900
1271910
1271920
1271950
1271980
1271990
1272000
1272010
1272020
1272030
1272040
1272050
1272060
1272070
1272080
1272100
1272110
1272120
1272130
1272140
1272150
1272160
1272200
1272240
1272280
1272290
1272300
1272320
1272330
1272340
1272360
1272390
1272450
1272460
1272470
1272500
1272520
1272530
1272550
1272580
1272660
1272680
1272690
1272720
1272750
1272780
1272820
1272830
1272840
1272860
1272920
1272970
1273010
1273020
1273060
1273070
1273080
1273100
1273110
1273120
1273160
1273180
1273220
1273250
1273260
1273290
1273320
1273350
1273380
1273400
1273430
1273440
1273450
1273470
1273480
1273510
1273520
1273530
1273540
1273550
1273560
1273570
1273580
1273590
1273600
1273640
1273690
1273710
1273720
1273740
1273750
1273780
1273790
1273800
1273820
1273830
1273890
1273920
1273930
1273940
1273980
1274020
1274060
1274090
1274110
1274140
1274150
1274180
1274190
1274200
1274210
1274230
1274250
1274280
1274290
1274300
1274310
1274360
1274380
1274390
1274400
1274440
1274470
1274490
1274530
1274550
1274560
1274570
1274590
1274600
1274610
1274620
1274630
1274640
1274670
1274690
1274700
1274710
1274720
1274730
1274800
1274810
1274830
1274840
1274850
1274860
1274910
1274930
1274940
1274970
1274980
1274990
1275030
1275060
1275070
1275150
1275180
1275190
1275210
1275230
1275240
1275250
1275260
1275290
1275300
1275320
1275330
1275350
1275370
1275390
1275410
1275450
1275490
1275520
1275540
1275550
1275590
1275600
1275610
1275630
1275640
1275660
1275670
1275760
1275770
1275790
1275810
1275850
1275860
1275880
1275890
1275960
1275970
1275980
1276040
1276060
1276070
1276090
1276100
1276130
1276140
1276170
1276290
1276300
1276320
1276330
1276350
1276370
1276390
1276410
1276430
1276450
1276470
1276490
1276510
1276530
1276540
1276550
1276590
1276600
1276610
1276660
1276690
1276710
1276720
1276740
1276750
1276760
1276790
1276800
1276810
1276820
1276850
1276890
1277090
1277100
1277130
1277140
1277160
1277190
1277210
1277230
1277290
1277300
1277310
1277320
1277340
1277360
1277390
1277400
1277480
1277500
1277510
1277520
1277530
1277610
1277630
1277640
1277650
1277660
1277710
1277840
1277870
1277880
1277920
1277930
1277940
1277950
1277970
1278040
1278060
1278080
1278090
1278100
1278110
1278140
1278150
1278170
1278190
1278200
1278210
1278230
1278270
1278290
1278350
1278360
1278370
1278380
1278390
1278420
1278430
1278500
1278520
1278540
1278580
1278690
1278710
1278720
1278750
1278760
1278860
1278880
1278930
1278960
1279000
1279240
1279260
1279270
1279280
1279310
1279320
1279330
1279360
1279440
1279480
1279500
1279510
1279540
1279590
1279620
1279630
1279700
1279770
1279800
1279810
1279920
1279970
1280010
1280060
1280070
1280080
1280090
1280100
1280160
1280180
1280190
1280210
1280220
1280260
1280270
1280290
1280300
1280310
1280320
1280370
1280380
1280440
1280490
1280500
1280550
1280570
1280590
1280610
1280630
1280640
1280660
1280670
1280680
1280700
1280730
1280750
1280760
1280770
1280780
1280840
1280850
1280890
1280910
1280920
1280930
1280940
1280950
1280960
1280970
1280980
1280990
1281030
1281040
1281070
1281080
1281100
1281130
1281140
1281150
1281160
1281170
1281180
1281190
1281200
1281220
1281250
1281270
1281280
1281320
1281350
1281360
1281370
1281380
1281390
1281400
1281420
1281470
1281480
1281490
1281510
1281520
1281530
1281560
1281580
1281590
1281600
1281630
1281640
1281690
1281760
1281790
1281800
1281810
1281830
1281860
1281890
1281920
1281980
1281990
1282000
1282040
1282080
1282090
1282100
1282110
1282120
1282140
1282150
1282200
1282210
1282220
1282240
1282270
1282320
1282360
1282370
1282380
1282390
1282410
1282500
1282510
1282540
1282580
1282590
1282610
1282630
1282650
1282670
1282700
1282710
1282720
1282730
1282760
1282770
1282830
1282850
1282880
1282890
1282900
1282920
1283000
1283060
1283070
1283100
1283110
1283130
1283140
1283180
1283190
1283210
1283220
1283230
1283240
1283250
1283260
1283270
1283280
1283330
1283350
1283360
1283370
1283380
1283400
1283410
1283430
1283450
1283500
1283520
1283550
1283580
1283590
1283620
1283630
1283640
1283660
1283680
1283690
1283720
1283740
1283760
1283770
1283790
1283800
1283810
1283820
1283830
1283850
1283860
1283880
1283890
1283920
1283960
1283980
1284050
1284080
1284090
1284100
1284110
1284130
1284140
1284150
1284160
1284180
1284190
1284210
1284230
1284260
1284290
1284300
1284350
1284360
1284380
1284390
1284410
1284430
1284460
1284480
1284510
1284540
1284550
1284630
1284660
1284700
1284730
1284740
1284760
1284790
1284800
1284820
1284850
1284870
1284950
1285000
1285010
1285020
1285040
1285050
1285060
1285070
1285080
1285090
1285100
1285130
1285160
1285180
1285190
1285200
1285210
1285230
1285270
1285310
1285350
1285360
1285390
1285410
1285430
1285450
1285500
1285510
1285520
1285530
1285560
1285580
1285600
1285610
1285620
1285630
1285660
1285670
1285690
1285700
1285720
1285740
1285750
1285820
1285830
1285840
1285860
1285870
1285920
1285930
1285940
1285960
1285970
1286010
1286030
1286140
1286150
1286160
1286170
1286180
1286190
1286210
1286220
1286230
1286280
1286320
1286330
1286340
1286350
1286360
1286370
1286380
1286420
1286470
1286480
1286560
1286580
1286600
1286650
1286670
1286680
1286690
1286700
1286710
1286720
1286730
1286770
1286810
1286830
1286860
1286870
1286880
1286930
1286940
1286950
1286980
1286990
1287000
1287030
1287040
1287090
1287100
1287130
1287140
1287150
1287160
1287170
1287180
1287210
1287220
1287230
1287250
1287260
1287280
1287310
1287370
1287380
1287420
1287450
1287500
1287510
1287530
1287540
1287590
1287610
1287640
1287690
1287710
1287750
1287790
1287800
1287810
1287830
1287840
1287850
1287860
1287880
1287920
1287930
1287940
1287970
1288030
1288040
1288070
1288090
1288110
1288130
1288170
1288300
1288310
1288320
1288330
1288370
1288380
1288390
1288400
1288410
1288420
1288430
1288510
1288540
1288550
1288560
1288580
1288600
1288610
1288640
1288650
1288670
1288720
1288760
1288790
1288830
1288900
1288910
1288920
1288930
1288940
1288960
1289010
1289060
1289090
1289100
1289120
1289170
1289180
1289240
1289260
1289280
1289300
1289310
1289320
1289330
1289340
1289380
1289440
1289470
1289480
1289490
1289500
1289510
1289550
1289570
1289610
1289640
1289670
1289690
1289720
1289750
1289770
1289810
1289830
1289850
1289900
1289960
1289990
1290000
1290010
1290040
1290060
1290090
1290100
1290110
1290160
1290170
1290190
1290200
1290220
1290230
1290240
1290260
1290270
1290330
1290350
1290390
1290460
1290480
1290490
1290510
1290550
1290620
1290650
1290670
1290680
1290710
1290720
1290750
1290760
1290770
1290780
1290790
1290820
1290830
1290850
1290880
1290920
1290960
1290980
1291000
1291010
1291020
1291050
1291060
1291090
1291100
1291110
1291140
1291150
1291170
1291210
1291220
1291230
1291240
1291250
1291280
1291300
1291310
1291330
1291340
1291370
1291470
1291500
1291530
1291540
1291600
1291610
1291640
1291660
1291670
1291680
1291710
1291720
1291740
1291790
1291800
1291810
1291830
1291860
1291970
