4493190
4493200
4493220
4493270
4494400
4494410
4494800
4494830
4494970
4495180
4495390
4495530
4495870
4495990
4496220
4496240
4496250
4496270
4496340
4496400
4496410
4496420
4496440
4496450
4496460
4496680
4496690
4496710
4496810
4496840
4497170
4497500
4497850
4498100
4498110
4498120
4498150
4498190
4498210
4498230
4498250
4498270
4498280
4498290
4498350
4498360
4498400
4498480
4498500
4498540
4498620
4498630
4498650
4498660
4498670
4498690
4498730
4498750
4498810
4498840
4498850
4498860
4498870
4498880
4498890
4498960
4498980
4499010
4499030
4499040
4499090
4499100
4499130
4499210
4499300
4499500
4499530
4499560
4499610
4499640
4499650
4499690
4499840
4499850
4499870
4499900
4499950
4499960
4500000
4500030
4500050
4500090
4500100
4500150
4500240
4500270
4500280
4500300
4500310
4500320
4500350
4500370
4500390
4500410
4500470
4500480
4500510
4500530
4500540
4500620
4500650
4500660
4500690
4500700
4500770
4500780
4500800
4500850
4500870
4500890
4500910
4500970
4500980
4501000
4501030
4501080
4501170
4501210
4501240
4501310
4501360
4501410
4501430
4501480
4501510
4501550
4501650
4501700
4501720
4501730
4501800
4501820
4501830
4501880
4501960
4501970
4501980
4502020
4502030
4502050
4502060
4502140
4502150
4502160
4502180
4502200
4502240
4502250
4502280
4502340
4502440
4502500
4502510
4502550
4502680
4502690
4502700
4502710
4502730
4502750
4502770
4502820
4502870
4502910
4502950
4503040
4503050
4503060
4503080
4503090
4503140
4503150
4503170
4503180
4503220
4503250
4503300
4503320
4503360
4503400
4503410
4503490
4503530
4503570
4503600
4503610
4503620
4503630
4503640
4503690
4503710
4503810
4503910
4503950
4503960
4503970
4504000
4504010
4504030
4504050
4504100
4504240
4504350
4504390
4504400
4504430
4504450
4504460
4504510
4504600
4504610
4504620
4504630
4504640
4504680
4504690
4504710
4504720
4504730
4504740
4504810
4504840
4504890
4504930
4504940
4504950
4505030
4505090
4505100
4505110
4505120
4505150
4505250
4505270
4505290
4505350
4505410
4505460
4505490
4505500
4505520
4505530
4505600
4505670
4505680
4505700
4505730
4505740
4505760
4505860
4506000
4506040
4506060
4506110
4506120
4506130
4506170
4506190
4506200
4506210
4506220
4506350
4506440
4506500
4506510
4506570
4506600
4506630
4506700
4506710
4506860
4506900
4506920
4506940
4506990
4507020
4507030
4507060
4507150
4507210
4507370
4507390
4507410
4507420
4507440
4507450
4507460
4507480
4507520
4507620
4507670
4507690
4507750
4507790
4507800
4507910
4507920
4507950
4507960
4507970
4508000
4508020
4508050
4508060
4508080
4508090
4508120
4508130
4508140
4508220
4508230
4508260
4508270
4508300
4508370
4508380
4508450
4508480
4508520
4508590
4508610
4508710
4508730
4508750
4508760
4508820
4508840
4508850
4508880
4508970
4508990
4509000
4509010
4509020
4509030
4509090
4509160
4509170
4509200
4509330
4509370
4509400
4509420
4509730
4509810
4509940
4510040
4510100
4510210
4510260
4510480
4510550
4510560
4510580
4510650
4510730
4510770
4510780
4510790
4510820
4510830
4510840
4510910
4510930
4510950
4510980
4510990
4511130
4511140
4511290
4511370
4511460
4511480
4511570
4511600
4511640
4511700
4511710
4511760
4511770
4511810
4511830
4511850
4511900
4511960
4512010
4512020
4512120
4512130
4512190
4512200
4512260
4512320
4512330
4512350
4512400
4512410
4512440
4512470
4512570
4512620
4512660
4512710
4512740
4512760
4512770
4512780
4512830
4512840
4512850
4512890
4512970
4513010
4513050
4513060
4513090
4513120
4513140
4513150
4513160
4513210
4513270
4513300
4513330
4513360
4513370
4513380
4513390
4513410
4513420
4513470
4513500
4513510
4513520
4513530
4513540
4513560
4513590
4513600
4513640
4513650
4513660
4513700
4513730
4513750
4513840
4513880
4513900
4513950
4514030
4514040
4514050
4514070
4514090
4514100
4514120
4514140
4514150
4514270
4514310
4514330
4514390
4514420
4514620
4514640
4514660
4514780
4514850
4514860
4514880
4514890
4514910
4514920
4514930
4514990
4515000
4515070
4515080
4515090
4515180
4515190
4515240
4515250
4515290
4515350
4515360
4515410
4515440
4515450
4515470
4515500
4515540
4515550
4515610
4515630
4515660
4515670
4515850
4515870
4515890
4515920
4515950
4516010
4516110
4516130
4516150
4516160
4516170
4516180
4516190
4516210
4516220
4516310
4516370
4516380
4516460
4516470
4516490
4516540
4516550
4516600
4516640
4516710
4516770
4516820
4516840
4516860
4516880
4516890
4516900
4516940
4516970
4516990
4517050
4517090
4517120
4517160
4517190
4517210
4517250
4517350
4517370
4517390
4517480
4517560
4517570
4517630
4517640
4517650
4517670
4517680
4517700
4517730
4517780
4517790
4517960
4518000
4518020
4518030
4518040
4518070
4518110
4518210
4518230
4518240
4518320
4518350
4518420
4518440
4518610
4518730
4518950
4519070
4519100
4519110
4519180
4519190
4519210
4519230
4519240
4519250
4519280
4519400
4519430
4519460
4519470
4519480
4519490
4519530
4519540
4519560
4519600
4519750
4519820
4519880
4519920
4519930
4520010
4520070
4520150
4520380
4520390
4520400
4520410
4520500
4520520
4520530
4520630
4520640
4520650
4520720
4520780
4520870
4520880
4520940
4520950
4520960
4520970
4521010
4521110
4521130
4521140
4521240
4521270
4521280
4521300
4521310
4521330
4521340
4521410
4521480
4521510
4521520
4521600
4521620
4521650
4521680
4521690
4521710
4521770
4521950
4522040
4522110
4522130
4522150
4522160
4522180
4522210
4522280
4522300
4522320
4522380
4522410
4522480
4522500
4522510
4522520
4522530
4522660
4522690
4522710
4522870
4522880
4522890
4522960
4522980
4522990
4523040
4523070
4523080
4523090
4523110
4523140
4523160
4523170
4523240
4523310
4523350
4523530
4523630
4523720
4523770
4523790
4523800
4523810
4523920
4523960
4523970
4524000
4524030
4524120
4524150
4524160
4524170
4524180
4524220
4524240
4524270
4524290
4524310
4524430
4524460
4524500
4524580
4524600
4524630
4524680
4524700
4524800
4524850
4524890
4524940
4524950
4525020
4525060
4525150
4525180
4525210
4525220
4525330
4525340
4525350
4525370
4525380
4525390
4525410
4525440
4525470
4525480
4525520
4525590
4525600
4525630
4525640
4525680
4525690
4525740
4525760
4525820
4525840
4525850
4525890
4525910
4525920
4525940
4526000
4526010
4526080
4526100
4526140
4526190
4526260
4526280
4526300
4526310
4526330
4526340
4526380
4526400
4526420
4526440
4526450
4526480
4526490
4526600
4526640
4526660
4526710
4526720
4526750
4526770
4526890
4526900
4526910
4526920
4527040
4527070
4527100
4527150
4527180
4527250
4527290
4527340
4527360
4527390
4527460
4527480
4527550
4527640
4527650
4527670
4527800
4527820
4527840
4527860
4527890
4527900
4527910
4527930
4527970
4527980
4527990
4528060
4528160
4528170
4528220
4528230
4528240
4528320
4528410
4528430
4528440
4528500
4528550
4528610
4528620
4528630
4528640
4528680
4528700
4528810
4528860
4528910
4528920
4528940
4528950
4528970
4529010
4529020
4529030
4529140
4529170
4529190
4529230
4529260
4529300
4529340
4529350
4529360
4529370
4529380
4529410
4529420
4529430
4529440
4529490
4529510
4529520
4529570
4529600
4529610
4529660
4529680
4529720
4529730
4529820
4529840
4529860
4529930
4529950
4529960
4529980
4529990
4530000
4530020
4530030
4530110
4530220
4530240
4530250
4530280
4530340
4530360
4530380
4530430
4530480
4530500
4530520
4530530
4530590
4530600
4530610
4530640
4530650
4530690
4530700
4530740
4530750
4530790
4530880
4530890
4531060
4531090
4531120
4531140
4531290
4531300
4531310
4531330
4531420
4531430
4531510
4531590
4531600
4531610
4531620
4531640
4531650
4531670
4531710
4531750
4531990
4532000
4532020
4532030
4532080
4532140
4532150
4532270
4532290
4532310
4532340
4532370
4532390
4532400
4532480
4532490
4532540
4532550
4532560
4532690
4532710
4532770
4532830
4532840
4532850
4532860
4532890
4532900
4532910
4532950
4532990
4533140
4533170
4533200
4533210
4533250
4533290
4533310
4533350
4533360
4533400
4533570
4533680
4533710
4533730
4533760
4533790
4533800
4533810
4533830
4533880
4533890
4533910
4533950
4534000
4534010
4534020
4534030
4534200
4534250
4534260
4534350
4534550
4534590
4534600
4534610
4534620
4534720
4534730
4534780
4534790
4534870
4535020
4535030
4535050
4535090
4535170
4535200
4535260
4535290
4535300
4535320
4535410
4535430
4535450
4535470
4535630
4535670
4535680
4535690
4535700
4535740
4535750
4535770
4535780
4535810
4535850
4535860
4535890
4535920
4535930
4535980
4536040
4536070
4536100
4536120
4536130
4536220
4536290
4536320
4536380
4536460
4536530
4536570
4536600
4536610
4536660
4536690
4536720
4536730
4536740
4536780
4536810
4536820
4536830
4536850
4536870
4536880
4536900
4536970
4536980
4537000
4537030
4537040
4537080
4537100
4537170
4537250
4537260
4537280
4537300
4537320
4537380
4537400
4537430
4537500
4537520
4537530
4537540
4537550
4537570
4537590
4537600
4537640
4537700
4537710
4537730
4537740
4537750
4537770
4537780
4537800
4537820
4537830
4537850
4537870
4537880
4537890
4537930
4537940
4537950
4537970
4538030
4538040
4538060
4538070
4538150
4538170
4538200
4538210
4538260
4538280
4538330
4538350
4538420
4538450
4538480
4538590
4538600
4538660
4538670
4538680
4538820
4538830
4538860
4538870
4538910
4538930
4539000
4539060
4539070
4539120
4539160
4539220
4539240
4539270
4539310
4539320
4539340
4539410
4539450
4539460
4539480
4539530
4539550
4539590
4539630
4539680
4539710
4539810
4539860
4539870
4539900
4539910
4539930
4539950
4539970
4540010
4540020
4540040
4540090
4540150
4540160
4540180
4540260
4540340
4540360
4540510
4540540
4540560
4540590
4540610
4540660
4540720
4540750
4540810
4540860
4540870
4540880
4540900
4540970
4540990
4541000
4541050
4541130
4541170
4541190
4541270
4541300
4541310
4541320
4541350
4541390
4541400
4541420
4541440
4541460
4541520
4541560
4541570
4541580
4541590
4541610
4541690
4541800
4541830
4541850
4541880
4541890
4541930
4541980
4542020
4542050
4542060
4542080
4542100
4542110
4542120
4542140
4542150
4542180
4542210
4542220
4542240
4542250
4542270
4542320
4542340
4542350
4542360
4542380
4542400
4542410
4542420
4542520
4542580
4542590
4542610
4542630
4542650
4542660
4542680
4542700
4542710
4542730
4542750
4542800
4542820
4542830
4542840
4542860
4542880
4542890
4542980
4542990
4543030
4543080
4543090
4543360
4543390
4543470
4543490
4543500
4543520
4543590
4543620
4543670
4543680
4543710
4543800
4543920
4543940
4543950
4543970
4543990
4544020
4544030
4544070
4544080
4544180
4544200
4544260
4544280
4544440
4544480
4544490
4544520
4544550
4544560
4544570
4544580
4544620
4544630
4544650
4544690
4544700
4544740
4544780
4544820
4544830
4544940
4545040
4545060
4545080
4545110
4545120
4545170
4545200
4545290
4545350
4545380
4545390
4545400
4545470
4545530
4545590
4545670
4545680
4545700
4545750
4545760
4545770
4545780
4545820
4545850
4545870
4545930
4545940
4546040
4546050
4546060
4546070
4546080
4546100
4546110
4546130
4546210
4546240
4546260
4546270
4546280
4546290
4546300
4546350
4546370
4546380
4546400
4546420
4546430
4546440
4546470
4546490
4546540
4546580
4546590
4546630
4546680
4546690
4546720
4546730
4546760
4546800
4546840
4546870
4546890
4546930
4546950
4546990
4547030
4547110
4547120
4547180
4547190
4547250
4547290
4547330
4547370
4547440
4547520
4547550
4547610
4547730
4547760
4547800
4547810
4547840
4547860
4547900
4547950
4548000
4548050
4548070
4548090
4548130
4548140
4548150
4548160
4548190
4548240
4548250
4548330
4548350
4548440
4548450
4548470
4548480
4548510
4548550
4548600
4548670
4548710
4548750
4548810
4548840
4548920
4548940
4548960
4549030
4549080
4549090
4549180
4549220
4549240
4549270
4549300
4549340
4549380
4549520
4549540
4549590
4549600
4549610
4549620
4549720
4549740
4549750
4549760
4549860
4549870
4549900
4549920
4550050
4550070
4550080
4550090
4550120
4550150
4550270
4550280
4550450
4550460
4550500
4550520
4550550
4550590
4550740
4550810
4550820
4550860
4550940
4550980
4550990
4551030
4551050
4551150
4551330
4551370
4551380
4551420
4551440
4551520
4551530
4551560
4551570
4551590
4551640
4551680
4551710
4551740
4551780
4551800
4551820
4551890
4552100
4552140
4552160
4552190
4552230
4552250
4552280
4552340
4552350
4552360
4552380
4552450
4552460
4552500
4552560
4552600
4552790
4552810
4552960
4552970
4553020
4553070
4553080
4553140
4553190
4553220
4553270
4553290
4553330
4553340
4553360
4553440
4553470
4553490
4553500
4553510
4553530
4553620
4553740
4553780
4553840
4553870
4553890
4553910
4554030
4554050
4554070
4554080
4554250
4554330
4554340
4554350
4554390
4554410
4554430
4554510
4554530
4554540
4554640
4554710
4554740
4554750
4554930
4554950
4555090
4555100
4555130
4555180
4555260
4555270
4555320
4555350
4555360
4555460
4555470
4555540
4555560
4555630
4555670
4555720
4555740
4555750
4555760
4555790
4555830
4555840
4555850
4555880
4555950
4555980
4555990
4556000
4556020
4556050
4556080
4556090
4556110
4556150
4556180
4556210
4556220
4556250
4556270
4556280
4556450
4556470
4556520
4556580
4556620
4556670
4556700
4556710
4556720
4556750
4556780
4556800
4556820
4556840
4556900
4556990
4557020
4557070
4557090
4557100
4557150
4557200
4557240
4557340
4557350
4557380
4557490
4557510
4557560
4557900
4557940
4558000
4558030
4558050
4558120
4558200
4558280
4558300
4558450
4558500
4558570
4558620
4558640
4558660
4558690
4558840
4558890
4558930
4559020
4559050
4559090
4559110
4559160
4559210
4559220
4559230
4559240
4559260
4559290
4559300
4559320
4559430
4559450
4559510
4559530
4559610
4559620
4559630
4559690
4559800
4559880
4559890
4559930
4559960
4559970
4560050
4560070
4560130
4560160
4560170
4560180
4560260
4560290
4560320
4560520
4560650
4560660
4560710
4560720
4560770
4560790
4560800
4560810
4560820
4560840
4560910
4561040
4561070
4561110
4561160
4561190
4561260
4561310
4561370
4561460
4561520
4561610
4561660
4561690
4561710
4561720
4561840
4561890
4561980
4562060
4562070
4562090
4562100
4562170
4562390
4562430
4562650
4562700
4562770
4562800
4562850
4562920
4562930
4562940
4562980
4563000
4563040
4563230
4563250
4563300
4563320
4563360
4563370
4563400
4563440
4563450
4563480
4563550
4563570
4563730
4563740
4563770
4563780
4563810
4563870
4563880
4563910
4563940
4563950
4563960
4564080
4564150
4564230
4564280
4564290
4564390
4564400
4564440
4564500
4564550
4564630
4564650
4564660
4564670
4564680
4564720
4564750
4564770
4564790
4564820
4564880
4564900
4564950
4565060
4565080
4565100
4565150
4565160
4565210
4565280
4565390
4565400
4565420
4565440
4565480
4565490
4565530
4565570
4565710
4565730
4565740
4565780
4565810
4565830
4565840
4565890
4565940
4565980
4565990
4566060
4566120
4566260
4566270
4566310
4566330
4566340
4566360
4566370
4566430
4566460
4566470
4566530
4566540
4566560
4566580
4566660
4566700
4566780
4566830
4566850
4566880
4566890
4566900
4566950
4566970
4566980
4567000
4567020
4567060
4567120
4567160
4567210
4567240
4567280
4567300
4567390
4567480
4567510
4567530
4567670
4567690
4567740
4567790
4567960
4567970
4567990
4568030
4568090
4568130
4568170
4568190
4568270
4568300
4568450
4568470
4568480
4568490
4568560
4568580
4568640
4568720
4568730
4568780
4568800
4568830
4568850
4568910
4568940
4568960
4568980
4568990
4569080
4569110
4569140
4569230
4569260
4569350
4569360
4569530
4569540
4569740
4569790
4569900
4569950
4570050
4570060
4570100
4570130
4570150
4570250
4570310
4570360
4570390
4570470
4570540
4570670
4570680
4570710
4570720
4570940
4570960
4571000
4571010
4571050
4571140
4571160
4571210
4571220
4571230
4571260
4571330
4571450
4571590
4572110
4572160
4572190
4572290
4572390
4572510
4572600
4572610
4572620
4572680
4572700
4572730
4572760
4572850
4572880
4573020
4573060
4573210
4573230
4573270
4573330
4573360
4573450
4573470
4573500
4573540
4573570
4573590
4573600
4573970
4574000
4574100
4574120
4574210
4574220
4574240
4574250
4574290
4574300
4574320
4574330
4574370
4574410
4574510
4574660
4574760
4574790
4574820
4574850
4574960
4575020
4575080
4575140
4575150
4575180
4575200
4575220
4575270
4575330
4575390
4575420
4575440
4575470
4575490
4575540
4575580
4575600
4575650
4575680
4575750
4575800
4575840
4575860
4575870
4575880
4575900
4575970
4576020
4576090
4576130
4576180
4576190
4576210
4576240
4576270
4576300
4576310
4576390
4576440
4576550
4576570
4576600
4576620
4576690
4576830
4576840
4576860
4577040
4577060
4577180
4577230
4577240
4577250
4577280
4577400
4577440
4577460
4577480
4577630
4577720
4577740
4577790
4577860
4577990
4578140
4578420
4578470
4578550
4578620
4578640
4578680
4578720
4578750
4578760
4578840
4578880
4578890
4578920
4578960
4578980
4579060
4579120
4579200
4579210
4579320
4579400
4579510
4579520
4579640
4579650
4579700
4579730
4579740
4579750
4579770
4579810
4579830
4579860
4579890
4579900
4579920
4579990
4580010
4580060
4580120
4580160
4580200
4580240
4580250
4580270
4580330
4580350
4580360
4580390
4580510
4580560
4580570
4580590
4580600
4580610
4580660
4580670
4580690
4580720
4580730
4580790
4580960
4581040
4581130
4581160
4581200
4581230
4581280
4581410
4581420
4581490
4581550
4581580
4581600
4581610
4581700
4581720
4581840
4581850
4581890
4581940
4582030
4582040
4582080
4582100
4582130
4582160
4582230
4582250
4582260
4582280
4582300
4582340
4582490
4582500
4582580
4582600
4582650
4582730
4582760
4582780
4582850
4582970
4583080
4583100
4583110
4583150
4583160
4583180
4583230
4583350
4583380
4583390
4583440
4583560
4583670
4583700
4583860
4584060
4584090
4584100
4584110
4584120
4584160
4584170
4584180
4584440
4584450
4584480
4584510
4584530
4584630
4584830
4584920
4584940
4585000
4585010
4585020
4585260
4585280
4585310
4585360
4585490
4585540
4585550
4585610
4585800
4585830
4585880
4585900
4585960
4585980
4586000
4586050
4586090
4586120
4586250
4586300
4586320
4586350
4586360
4586440
4586450
4586600
4586610
4586620
4586680
4586720
4586730
4586760
4586780
4586790
4586810
4586870
4586880
4586900
4586940
4586970
4587010
4587200
4587210
4587220
4587380
4587490
4587550
4587580
4587610
4587620
4587670
4587690
4587710
4587730
4587750
4587780
4587790
4587800
4587820
4587860
4587910
4587940
4587950
4588170
4588220
4588370
4588400
4588410
4588440
4588470
4588520
4588700
4588740
4588760
4588860
4588890
4588960
4589190
4589200
4589320
4589400
4589430
4589440
4589500
4589570
4589640
4589880
4589920
4589990
4590010
4590020
4590140
4590200
4590250
4590270
4590400
4590620
4590680
4590750
4590790
4590810
4590820
4590840
4590850
4590880
4590920
4590940
4590950
4590980
4591120
4591240
4591300
4591360
4591370
4591380
4591450
4591470
4591580
4591630
4591700
4591720
4591730
4591810
4591830
4591850
4591870
4591910
4591920
4592080
4592100
4592130
4592150
4592320
4592350
4592400
4592430
4592560
4592620
4592630
4592720
4592800
4592990
4593000
4593030
4593070
4593080
4593160
4593180
4593250
4593290
4593300
4593340
4593520
4593590
4593620
4593650
4593710
4593750
4593950
4594070
4594110
4594150
4594200
4594290
4594400
4594450
4594500
4594650
4594660
4594740
4594790
4595100
4595120
4595190
4595290
4595350
4595400
4595550
4595610
4595620
4595650
4595670
4595710
4595820
4595860
4595910
4595960
4596010
4596160
4596180
4596210
4596220
4596260
4596480
4596500
4596550
4596560
4596590
4596650
4596740
4596750
4596770
4596780
4596790
4596850
4596860
4596870
4596910
4596930
4597020
4597030
4597060
4597170
4597220
4597310
4597340
4597470
4597480
4597490
4597510
4597520
4597620
4597630
4597670
4597770
4597850
4597870
4597900
4597990
4598030
4598070
4598190
4598310
4598380
4598570
4598640
4598740
4598750
4598810
4598880
4598890
4598930
4598940
4598970
4599010
4599120
4599140
4599180
4599200
4599250
4599310
4599370
4599440
4599460
4599470
4599480
4599510
4599590
4599600
4599620
4599640
4599650
4599700
4599860
4599920
4599970
4600020
4600110
4600140
4600240
4600250
4600370
4600400
4600650
4600680
4600730
4600850
4601110
4601230
4601360
4601400
4601440
4601460
4601520
4601690
4601770
4601780
4601900
4602050
4602100
4602110
4602200
4602240
4602260
4602300
4602390
4602570
4602600
4602800
4602840
4602880
4602960
4603000
4603100
4603130
4603270
4603290
4603420
4603470
4603490
4603540
4603560
4603700
4603880
4603940
4603960
4604050
4604090
4604120
4604180
4604220
4604230
4604280
4604330
4604380
4604410
4604750
4604830
4604870
4604940
4605040
4605050
4605170
4605210
4605240
4605340
4605380
4605560
4605570
4605730
4605780
4605820
4605930
4605940
4605950
4605990
4606100
4606180
4606220
4606500
4606580
4606590
4606610
4606660
4606690
4606740
4606830
4606890
4606900
4606910
4606920
4606960
4606970
4607000
4607110
4607310
4607350
4607490
4607520
4607570
4607750
4608050
4608180
4608270
4608280
4608330
4608350
4608410
4608500
4608560
4608620
4608850
4609110
4609140
4609250
4609330
4609580
4609970
4610110
4610180
4610210
4610220
4610260
4610330
4610420
4610590
4610610
4610700
4610720
4610890
4610910
4611030
4611210
4611240
4611420
4611470
4611760
4611770
4611780
4612000
4612140
4612150
4612160
4612250
4612950
4612960
4613010
4613110
4613170
4613180
4613260
4613610
4613680
4613750
4613900
4614010
4614040
4614210
4614300
4614580
4614620
4614640
4614650
4614710
4614870
4614890
4615010
4615060
4615100
4615220
4615320
4615330
4615360
4615480
4615570
4615610
4615620
4615900
4616080
4616170
4616250
4616480
4616590
4616730
4616990
4617060
4617070
4617170
4617210
4617230
4617330
4617480
4617630
4617680
4617690
4618090
4618130
4618230
4618290
4618300
4618320
4618570
4618980
4619290
4619420
4619590
4619730
4619990
4620130
4620380
4620480
4620680
4620820
4620990
4621340
4621800
4621810
4621990
4622170
4622830
4623020
4623090
4623280
4623550
4623620
4623890
4624460
4624470
4625240
4625480
4625760
4625990
4627180
4627220
4628110
4630420
4631110
4631430
4631860
