781000
781030
781040
781050
781100
781110
781130
781180
781200
781220
781240
781250
781260
781270
781280
781290
781320
781440
781450
781480
781490
781500
781520
781590
781610
781630
781640
781650
781660
781670
781680
781720
781760
781780
781790
781800
781810
781820
781830
781840
781860
781880
781890
781920
781930
781950
781960
781990
782020
782060
782070
782100
782120
782130
782140
782160
782180
782190
782250
782260
782280
782290
782300
782330
782340
782380
782410
782420
782430
782450
782490
782510
782570
782610
782630
782640
782650
782660
782670
782690
782700
782940
783060
783090
783120
783170
783180
783200
783210
783220
783230
783240
783250
783260
783270
783310
783320
783330
783340
783400
783410
783420
783430
783440
783450
783550
783560
783590
783650
783720
783790
783840
783850
783860
783890
783940
783960
784010
784040
784050
784060
784080
784100
784110
784130
784150
784180
784890
784950
785030
785050
785070
785090
785100
785110
785130
785150
785260
785430
785460
785480
785560
785590
785620
785640
785740
785750
785760
785770
785780
785790
785830
785840
785850
785860
785870
785880
785890
785920
785940
785950
786040
786060
786070
786080
786090
786100
786110
786120
786130
786140
786150
786170
786180
786280
786290
786330
786340
786350
786370
786380
786390
786410
786420
786450
786470
786490
786510
786540
786570
786580
786590
786640
786670
786680
786710
786720
786740
786770
786800
786820
786840
786910
786940
786950
786960
786980
786990
787040
787050
787070
787100
787110
787120
787140
787150
787160
787200
787220
787250
787260
787350
787370
787400
787450
787460
787510
787530
787550
787580
787620
787640
787650
787690
787710
787720
787730
787740
787760
787780
787790
787810
787840
787850
787860
787920
787930
787940
787950
787960
787970
787980
787990
788000
788020
788050
788100
788120
788150
788180
788190
788200
788210
788240
788250
788270
788310
788320
788330
788350
788390
788410
788420
788470
788480
788490
788500
788510
788520
788540
788610
788630
788640
788670
788690
788700
788720
788730
788740
788750
788760
788770
788800
788820
788870
788890
788900
788930
788960
788970
789010
789050
789090
789100
789130
789160
789200
789210
789220
789260
789280
789290
789380
789450
789480
789490
789500
789510
789540
789550
789570
789580
789600
789610
789620
789660
789670
789680
789700
789710
789720
789730
789740
789750
789760
789770
789780
789820
789830
789840
789880
789890
789900
789920
789930
789940
789950
789980
790020
790030
790050
790060
790070
790080
790100
790120
790130
790170
790210
790230
790250
790260
790290
790300
790330
790350
790360
790390
790410
790430
790450
790540
790550
790570
790600
790610
790630
790680
790700
790710
790740
790750
790760
790790
790800
790810
790820
790840
790850
790860
790890
790930
790950
790960
790970
791000
791020
791050
791140
791150
791160
791180
791190
791200
791240
791260
791290
791300
791320
791330
791370
791380
791390
791400
791410
791430
791470
791590
791600
791630
791700
791720
791740
791750
791760
791770
791790
791800
791880
791930
791950
791960
791990
792000
792030
792040
792050
792070
792080
792100
792120
792160
792190
792200
792220
792230
792290
792300
792320
792340
792350
792370
792380
792400
792470
792480
792500
792560
792570
792610
792650
792660
792680
792710
792720
792750
792760
792770
792800
792810
792820
792850
792860
792870
792880
792900
792910
792930
792940
792970
793000
793010
793030
793050
793060
793080
793100
793130
793180
793200
793210
793220
793250
793260
793280
793310
793320
793350
793370
793400
793410
793440
793450
793460
793480
793490
793510
793560
793570
793600
793620
793630
793640
793660
793670
793690
793760
793780
793820
793830
793850
793880
793900
793940
793970
793980
793990
794030
794040
794050
794180
794190
794210
794230
794240
794260
794270
794300
794350
794390
794420
794480
794490
794530
794540
794550
794570
794580
794600
794630
794640
794650
794700
794740
794750
794760
794780
794800
794820
794830
794850
794860
794940
794950
794960
794990
795040
795050
795080
795110
795120
795160
795220
795230
795310
795320
795420
795440
795480
795490
795510
795550
795570
795610
795680
795760
795910
795920
795940
795950
795960
795990
796030
796050
796060
796070
796080
796090
796100
796110
796130
796140
796260
796290
796300
796320
796330
796340
796350
796360
796370
796380
796440
796460
796480
796490
796500
796510
796520
796530
796580
796590
796600
796620
796640
796660
796710
796760
796770
796780
796790
796800
796840
796860
796900
796910
796920
796930
796940
796950
796970
796980
797010
797020
797040
797060
797070
797090
797110
797180
797190
797200
797300
797310
797330
797340
797350
797390
797400
797410
797420
797430
797440
797450
797550
797570
797610
797620
797660
797710
798140
798170
798180
798190
798200
798240
798280
798290
798300
798330
798350
798420
798460
798470
798480
798490
798510
798560
798590
798610
798630
798650
798670
798680
798710
798720
798780
798790
798830
798840
798850
798940
798950
798960
799060
799070
799080
799110
799120
799180
799210
799240
799260
799270
799340
799360
799410
799420
799460
799470
799500
799510
799530
799540
799560
799570
799590
799600
799610
799620
799640
799660
799670
799730
799770
799800
799810
799830
799840
799860
799870
799890
799910
799920
799960
800030
800050
800080
800120
800130
800170
800180
800190
800200
800240
800270
800280
800290
800300
800310
800320
800330
800350
800380
800390
800490
800510
800530
800550
800560
800580
800600
800620
800640
800650
800670
800680
800690
800700
800710
800720
800820
800830
800840
800860
800910
800930
800980
801010
801020
801040
801060
801080
801120
801140
801150
801180
801210
801250
801260
801280
801290
801330
801340
801370
801380
801390
801400
801410
801420
801450
801480
801490
801500
801550
801600
801610
801630
801660
801700
801750
801760
801770
801780
801800
801840
801870
801880
801890
801900
801910
801940
801950
802040
802050
802060
802070
802080
802090
802120
802130
802160
802180
802190
802200
802210
802260
802270
802300
802310
802320
802330
802340
802360
802400
802410
802450
802480
802490
802530
802550
802600
802650
802660
802690
802720
802730
802740
802780
802850
802870
802880
802890
802900
802930
803020
803030
803040
803050
803060
803080
803110
803130
803150
803260
803270
803280
803290
803310
803320
803330
803350
803390
803640
803520
803570
803590
803600
803640
803680
803720
803750
803760
803780
803800
803830
803840
803850
803870
803890
803920
803930
803940
803960
803980
804000
804010
804070
804120
804130
804210
804230
804270
804290
804330
804350
804400
804430
804440
804460
804490
804530
804540
804560
804600
804610
804620
804680
804700
804730
804830
804850
804860
804870
804900
804970
804990
805010
805020
805030
805040
805070
805090
805120
805150
805160
805260
805270
805320
805330
805340
805350
805360
805370
805380
805400
805420
805440
805470
805480
805500
805520
805540
805550
805590
805610
805660
805690
805710
805720
805760
805770
805790
805800
805820
805840
805850
805870
805880
805890
805900
805920
805940
805950
805980
805990
806000
806020
806100
806140
806150
806160
806180
806220
806230
806240
806300
806330
806350
806360
806470
806480
806490
806510
806530
806540
806550
806580
806600
806610
806650
806670
806720
806740
806750
806760
806770
806800
806830
806840
806850
806860
806880
806900
806910
806930
806940
806950
806960
806970
806990
807050
807060
807070
807120
807140
807230
807310
807340
807430
807570
807690
807730
807810
807840
807870
807900
807980
807990
808010
808020
808080
808090
808100
808120
808130
808160
808190
808210
808220
808290
808360
808420
808450
808540
808580
808610
808770
808800
808810
808870
808880
808910
808960
808980
808990
809000
809010
809020
809040
809050
809060
809070
809080
809140
809150
809180
809200
809210
809220
809230
809240
809250
809310
809320
809330
809340
809360
809410
809430
809440
809450
809460
809470
809490
809500
809530
809540
809550
809570
809580
809610
809640
809680
809700
809720
809730
809760
809770
809780
809790
809800
809830
809840
809850
809870
809880
809890
809900
809950
810000
810030
810040
810050
810060
810190
810200
810220
810230
810250
810330
810340
810360
810420
810450
810460
810470
810500
810510
810590
810610
810630
810640
810650
810660
810670
810680
810690
810700
810720
810740
810760
810770
810780
810800
811030
811070
811080
811090
811110
811130
811160
811180
811190
811250
811270
811290
811320
811360
811440
811450
811470
811480
811620
811640
811720
811760
811790
811850
811870
811880
811890
811910
811940
811950
811970
812040
812060
812070
812090
812100
812110
812140
812160
812170
812190
812360
812380
812390
812410
812430
812450
812460
812550
812560
812580
812590
812610
812650
812740
812770
812780
812810
812840
812850
812860
812870
812890
812900
812910
812930
812940
812960
812980
813020
813030
813080
813110
813150
813170
813230
813250
813260
813290
813300
813310
813370
813400
813440
813450
813480
813530
813540
813590
813630
813650
813700
813730
813780
813860
813920
813930
813970
814000
814010
814020
814030
814200
814210
814230
814300
814320
814330
814360
814370
814380
814400
814420
814480
814510
814530
814540
814550
814560
814570
814580
814590
814600
814610
814620
814630
814640
814650
814660
814680
814700
814710
814730
814740
814770
814790
814800
814870
814880
814890
814900
816840
814960
814990
815000
815010
815030
815070
815080
815090
815100
815110
815150
815170
815210
815260
815280
815290
815300
815320
815360
815370
815390
815440
815450
815480
815540
815560
815570
815580
815620
815630
815660
815700
815730
815780
815800
815830
815840
815860
815950
815970
816000
816030
816040
816060
816070
816080
816090
816150
816160
816170
816180
816190
816200
816210
816240
816250
816270
816280
816340
816350
816380
816400
816410
816430
816490
816500
816550
816580
816590
816600
816630
816650
816670
816710
816720
816730
816760
816770
816810
816830
816840
816850
816870
816930
816990
817020
817110
817120
817150
817160
817200
817220
817230
817250
817360
817370
817390
817410
817440
817460
817470
817510
817530
817540
817620
817630
817640
817660
817680
817710
817720
817770
817800
817820
817840
817860
817890
817920
817950
817970
817980
818010
818030
818050
818060
818070
818090
818140
818150
818210
818220
818240
818320
818350
818360
818370
818380
818390
818400
818410
818420
818430
818440
818480
818500
818520
818530
818570
818580
818590
818610
818620
818630
818640
818650
818670
818710
818730
818760
818780
818790
818800
818830
818860
818890
818910
818940
818950
818960
818990
819020
819030
819040
819060
819070
819090
819160
819190
819210
819220
819230
819260
819270
819280
819330
819370
819440
819460
819470
819480
819520
819550
819560
819630
819640
819650
819660
819670
819730
819740
819780
819790
819800
819870
819880
819940
819950
819980
820020
820030
820040
820070
820090
820170
820190
820210
820240
820250
820300
820310
820320
820380
820400
820480
820500
820510
820520
820530
820540
820570
820600
820610
820620
820630
820640
820660
820680
820690
820700
820710
820730
820760
820780
820790
820830
820840
820880
820900
820910
820950
821020
821100
821120
821180
821190
821230
821250
821260
821320
821330
821360
821370
821380
821390
821400
821410
821430
821440
821480
821490
821500
821520
821550
821560
821570
821610
821640
821670
821720
821780
821820
821840
821850
821860
821870
821880
821910
821920
822030
822040
822070
822110
822130
822140
822150
822190
822240
822250
822270
822310
822440
822450
822460
822470
822510
822530
822540
822550
822610
822640
822650
822660
822680
822700
822710
822720
822740
822750
822760
822800
822810
822830
822840
822870
822900
822910
822920
822930
822940
822970
822990
823040
823100
823130
823160
823180
823210
823230
823280
823290
823310
823320
823330
823340
823350
823360
823370
823420
823470
823500
823510
823530
823550
823580
823590
823600
823610
823640
823650
823670
823690
823700
823770
823800
823820
823830
823840
823910
823920
823940
823950
824000
824070
824090
824110
824170
824190
824200
824220
824250
824260
824270
824280
824300
824400
824430
824440
824450
824460
824470
824520
824540
824550
824570
824580
824600
824620
824640
824690
824720
824760
824770
824830
824840
824850
824880
824900
825000
825060
825100
825110
825160
825170
825210
825240
825300
825310
825320
825350
825370
825450
825480
825500
825550
825580
825610
825620
825630
825730
825970
826000
826010
826020
826030
826040
826050
826100
826160
826170
826180
826230
826270
826300
826370
826380
826420
826430
826450
826460
826470
826480
826540
826550
826590
826600
826610
826630
826640
826660
826740
826810
826930
826940
827000
827050
827100
827110
827120
827130
827170
827210
827220
827270
827280
827290
827330
827360
827410
827420
827450
827460
827530
827540
827560
827580
827590
827610
827640
827770
827780
827830
827860
827880
827900
827920
827930
827940
827950
828030
828050
828070
828080
828100
828150
828160
828170
828190
828220
828230
828240
828250
828270
828320
828350
828380
828410
828420
828440
828470
828480
828520
828540
828550
828570
828580
828590
828600
828640
828660
828680
828710
828730
828740
828760
828770
828860
828890
828900
828910
828950
828960
828970
829040
829080
829110
829120
829210
829260
829280
829300
829370
829410
829420
829490
829560
829590
829610
829630
829660
829720
829750
829760
829780
829940
830360
830370
830410
830430
830470
830490
830500
830510
830520
830560
830580
830590
830620
830630
830640
830710
830750
830810
830820
830850
830890
830980
831050
831060
831070
831090
831100
831110
831120
831230
831250
831260
831350
831450
831460
831470
831490
831540
831560
831570
831590
831650
831660
831670
831680
831720
831740
831770
831790
831810
831910
831950
832020
832080
832130
832140
832320
832360
832370
832380
832420
832430
832460
832470
832500
832510
832520
832530
832540
832610
832650
832680
832690
832710
832720
832770
832990
833010
833020
833030
833040
833060
833070
833090
833110
833140
833150
833170
833180
833230
833260
833270
833300
833330
833360
833370
833390
833400
833440
833470
833500
833510
833530
833540
833630
833650
833660
833670
833690
833700
833750
833760
833770
833800
833810
833820
833870
833910
833920
833940
833950
833960
833980
833990
834000
834030
834050
834100
834140
834150
834180
834210
834280
834320
834380
834390
834420
834440
834450
834470
834580
834740
834750
834760
834790
834800
834880
834910
834920
834930
835040
835110
835130
835430
835440
835450
835490
835510
835520
835530
835560
835570
835600
835620
835630
835640
835650
835660
835680
835690
835700
835710
835720
835740
835770
835790
835800
835910
835960
836010
836080
836110
836120
836230
836260
836280
836290
836300
836330
836340
836350
836420
836440
836450
836460
836470
836480
836490
836540
836550
836560
836580
836590
836600
836610
836640
836690
836700
836760
836770
836850
836860
836880
836940
837040
837090
837100
837110
837180
837190
837200
837210
837220
837240
837260
837270
837280
837290
837310
837330
837350
837390
837400
837430
837440
837460
837470
837500
837530
837550
837590
837600
837610
837640
837720
837780
837790
837800
837850
837880
837900
837920
837930
837940
837950
838010
838050
838070
838090
838100
838110
838160
838180
838190
838220
838240
838270
838300
838310
838340
838350
838360
838380
838390
838410
838440
838490
838540
838620
838630
838690
838700
838730
838740
838750
838790
838840
838940
838990
839010
839020
839030
839040
839080
839090
839130
839200
839210
839230
839240
839250
839260
839280
839300
839310
839330
839340
839350
839370
839410
839420
839430
839450
839460
839500
839520
839530
839560
839570
839590
839630
839640
839670
839680
839730
839740
839770
839810
839820
839850
839870
839910
839920
839930
839940
839960
839970
840010
840020
840050
840060
840090
840100
840110
840130
840140
840170
840180
840210
840230
840240
840300
840310
840380
840390
840410
840420
840430
840440
840500
840510
840580
840590
840610
840620
840690
840700
840710
840720
840730
840800
840810
840830
840840
840860
840880
840890
840910
840920
840930
840940
840980
841010
841020
841110
841120
841140
841190
841200
841210
841260
841270
841290
841320
841330
841340
841350
841440
841470
841500
841580
841600
841660
841770
841790
841800
841830
841870
841950
841970
841980
841990
842070
842080
842100
842120
842130
842140
842150
842170
842180
842190
842250
842270
842290
842350
842420
842430
842470
842490
842500
842510
842520
842530
842560
842590
842620
842660
842750
842760
842770
842780
842810
842850
842870
842910
842980
842990
843010
843020
843040
843050
843080
843120
843130
843160
843170
843180
843190
843230
843250
843260
843270
843280
843310
843360
843370
843380
843390
843400
843420
843430
843440
843500
843510
843520
843560
843580
843590
843620
843630
843640
843660
843700
843710
843720
843730
843740
843760
843780
843790
843810
843820
843840
843850
843860
843870
843890
843900
843920
843980
843990
844010
844020
844030
844040
844050
844090
844130
844140
844160
844180
844210
844250
844260
844330
844350
844380
844390
844420
844430
844440
844490
844500
844520
844540
844580
844590
844610
844620
844660
844670
844740
844750
844760
844790
844820
844850
844860
844870
844900
844910
844920
844930
844940
844950
844960
844970
844980
844990
845030
845040
845050
845070
845090
845110
845150
845160
845170
845200
845230
845250
845270
845290
845330
845350
845370
845380
845390
845400
845450
845460
845480
845490
845510
845520
845570
845590
845600
845630
845650
845660
845690
845700
845730
845750
845820
845840
845860
845870
845880
845890
845900
845940
845950
845960
845970
846000
846010
846020
846030
846040
846050
846080
846110
846120
846130
846200
846210
846220
846230
846250
846320
846340
846370
846470
846530
846660
846670
846690
846700
846710
846730
846750
846770
846780
846800
846820
846830
846850
846870
846880
847100
847230
847240
847290
847300
847310
847360
847370
847390
847450
847460
847490
847510
847520
847530
847550
847560
847570
847580
847600
847650
847660
847670
847680
847720
847780
847790
847800
847810
847860
847900
847940
847950
848030
848050
848060
848070
848080
848090
848100
848120
848150
848190
848200
848220
848230
848270
848300
848330
848350
848400
848410
848420
848430
848450
848460
848470
848480
848500
848520
848530
848550
848610
848630
848660
848700
848710
848720
848740
848750
848770
848780
848810
848840
848890
848920
848930
848960
849000
849030
849070
849090
849100
849140
849210
849220
849270
849280
849290
849320
849340
849350
849360
849390
849410
849420
849520
849560
849600
849620
849630
849670
849680
849690
849740
849790
849800
849840
849870
849880
849940
849970
849980
850000
850030
850040
850050
850060
850110
850170
850190
850250
850270
850310
850320
850330
850340
850450
850500
850550
850710
850740
850760
850780
850820
850830
850840
850860
850880
850920
850940
850970
850980
851040
851050
851100
851110
851150
851180
851200
851210
851220
851240
851250
851280
851300
851320
851330
851350
851490
851520
851530
851570
851580
851590
851640
851650
851670
851690
851710
851720
851730
851770
851790
851800
851810
851820
851840
851850
851880
851890
851920
851930
851950
851960
851970
851980
852090
852110
852160
852180
852190
852220
852250
852300
852310
852320
852340
852390
852420
852450
852470
852480
852500
852530
852560
852570
852590
852610
852620
852630
852650
852720
852750
852760
852780
852790
852860
852880
852890
852900
852910
852920
853000
853040
853050
853060
853120
853150
853200
853210
853220
853240
853250
853260
853290
853300
853310
853320
853330
853410
853450
853460
853480
853500
853550
853580
853590
853610
853620
853700
853760
853770
853780
853830
853850
853860
853940
853980
854030
854060
854080
854120
854150
854160
854190
854210
854250
854330
854390
854400
854450
854500
854510
854530
854540
854550
854570
854640
854670
854680
854690
854770
854810
854830
854860
854870
854940
854950
854990
855010
855030
855050
855110
855160
855180
855190
855240
855320
855390
855510
855530
855550
855580
855590
855610
855620
855630
855640
855650
855670
855700
855710
855730
855740
855760
855770
855800
855830
855850
855860
855970
855990
856010
856040
856050
856060
856080
856100
856110
856130
856160
856170
856190
856210
856220
856240
856260
856270
856300
856310
856350
856370
856420
856450
856490
856540
856550
856560
856570
856600
856650
856670
856730
856760
856770
856790
856880
856890
856980
856990
857010
857020
857050
857060
857080
857090
857110
857130
857140
857180
857200
857210
857240
857300
857370
857410
857420
857450
857460
857470
857480
857500
857510
857520
857540
857600
857680
857690
857700
857710
857740
857760
857770
857850
857860
857890
857900
857940
857950
857980
858010
858030
858040
858050
858060
858070
858080
858090
858100
858170
858180
858200
858210
858250
858260
858320
858360
858380
858420
858440
858500
858560
858600
858630
858640
858680
858710
858730
858740
858760
858770
858780
858810
858820
858830
858840
858860
858870
858880
858940
858960
859020
859050
859090
859120
859150
859160
859170
859180
859200
859220
859280
859340
859350
859370
859380
859440
859460
859510
859530
859560
859570
859580
859610
859640
859660
859700
859720
859740
859820
859870
859920
859930
859940
859950
859960
859970
859990
860000
860010
860020
860030
860070
860080
860090
860150
860210
860260
860290
860320
860330
860340
860350
860400
860430
860440
860450
860480
860490
860500
860510
860530
860550
860560
860590
860600
860620
860640
860650
860660
860670
860680
860730
860770
860790
860820
860860
860880
860890
860900
860910
860930
860950
860960
860990
861000
861010
861020
861030
861050
861080
861150
861160
861210
861230
861240
861250
861260
861270
861280
861290
861320
861330
861350
861360
861400
861410
861510
861520
861530
861540
861550
861580
861650
861670
861710
861720
861740
861760
861770
861790
861860
861910
861930
861940
861960
862110
862130
862150
862160
862190
862200
862230
862240
862250
862260
862280
862300
862370
862390
862440
862460
862480
862490
862500
862520
862540
862570
862580
862590
862670
862690
862700
862730
862740
862750
862770
862800
862850
862880
862900
862920
862990
863120
863150
863170
863190
863230
863270
863280
863290
863300
863310
863380
863390
863400
863430
863460
863470
863490
863500
863560
863570
863580
863590
863640
863660
863670
863690
863720
863730
863780
863810
863840
863870
863900
863920
863940
863970
863980
864010
864020
864030
864060
864100
864110
864130
864150
864160
864170
864190
864200
864230
864300
864310
864360
864370
864420
864430
864450
864480
864500
864510
864530
864540
864550
864570
864590
864600
864610
864680
864700
864730
864740
864760
864780
864810
864850
864860
864880
864930
864960
864970
865030
865040
865060
865090
865100
865130
865150
865170
865180
865190
865200
865220
865270
865310
865330
865360
865370
865390
865410
865450
865540
865570
865580
865610
865630
865640
865680
865720
865750
865760
865800
865820
865830
865840
865850
865860
865870
865880
865930
865940
865980
865990
866010
866020
866040
866080
866100
866140
866180
866190
866200
866270
866310
866330
866340
866400
866420
866430
866440
866450
866480
866490
866500
866510
866520
866540
866570
866700
866710
866730
866740
866750
866770
866780
866790
866800
866900
866960
867010
867050
867080
867110
867120
867140
867150
867160
867180
867210
867250
867290
867380
867390
867400
867420
867450
867460
867470
867480
867490
867510
867530
867540
867550
867580
867590
867640
867660
867690
867700
867720
867750
867760
867770
867790
867800
867850
867900
867920
867960
867980
868000
868010
868020
868040
868060
868070
868080
868090
868100
868130
868150
868180
868190
868210
868230
868240
868260
868320
868360
868370
868380
868390
868410
868430
868440
868450
868460
868500
868510
868520
868550
868560
868570
868580
868600
868660
868710
868720
868730
868760
868770
868780
868830
868880
868890
868910
868920
868930
868940
868950
868960
868970
869010
869030
869060
869080
869090
869100
869130
869170
869260
869270
869280
869290
869300
869340
869350
869370
869400
869410
869420
869440
869450
869460
869470
869490
869500
869510
869540
869550
869560
869580
869600
869620
869630
869640
869650
869660
869690
869710
869730
869840
869850
869870
869880
869910
869930
870010
870020
870030
870080
870090
870100
870110
870120
870140
870150
870160
870180
870190
870200
870260
870290
870390
870400
870430
870450
870520
870570
870580
870590
870670
870680
870690
870730
870740
870750
870780
870800
870830
870870
870890
870930
870940
870950
870990
871100
871140
871150
871160
871190
871200
871210
871220
871230
871270
871280
871290
871300
871310
871330
871390
871400
871410
871420
871510
871530
871540
871550
871570
871580
871590
871620
871670
871710
871720
871810
871850
871860
871870
871920
871930
871940
871950
871980
871990
872000
872040
872060
872090
872110
872140
872180
872200
872220
872230
872240
872270
872310
872330
872340
872350
872360
872380
872390
872410
872450
872460
872470
872490
872550
872560
872570
872580
872590
872600
872630
872670
872680
872700
872720
872730
872750
872810
872970
872990
873040
873050
873070
873090
873140
873160
873180
873190
873200
873210
873220
873230
873250
873260
873270
873280
873320
873330
873370
873390
873410
873470
873480
873490
873500
873560
873610
873710
873720
873730
873740
873790
873810
873830
873840
873850
873890
873900
873930
873940
873960
873970
873980
873990
874010
874020
874030
874040
874060
874080
874090
874130
874140
874200
874230
874250
874260
874270
874330
874370
874390
874400
874440
874450
874460
874630
874640
874650
874690
874700
874760
874770
874780
874810
874840
874880
874930
875080
875100
875110
875160
875210
875240
875270
875300
875310
875320
875340
875400
875430
875500
875510
875520
875530
875540
875550
875590
875610
875630
875640
875660
875670
875710
875740
875760
875780
875790
875800
875810
875830
875840
875930
876100
876110
876120
876130
876140
876150
876170
876180
876190
876210
876220
876240
876270
876290
876300
876310
876320
876340
876370
876380
876410
876470
876480
876500
876540
876560
876580
876650
876780
876810
876840
876850
876880
876890
876900
876930
876960
877010
877040
877060
877070
877080
877150
877180
877200
877250
877270
877300
877310
877330
877340
877360
877380
877400
877430
877440
877470
877480
877510
877530
877550
877590
877610
877680
877690
877710
877750
877780
877800
877810
877850
877870
877910
877940
877960
877980
878000
878020
878030
878090
878100
878110
878120
878140
878150
878170
878180
878210
878240
878250
878270
878280
878290
878300
878310
878320
878330
878340
878350
878380
878420
878440
878470
878500
878510
878520
878540
878580
878590
878610
878620
878640
878660
878670
878680
878690
878710
878750
878770
878780
878810
878900
878910
878950
878970
878980
878990
879000
879030
879050
879060
879080
879090
879100
879110
879140
879160
879200
879250
879270
879280
879290
879320
879390
879410
879420
879430
879450
879470
879480
879510
879520
879530
879580
879600
879610
879620
879670
879740
879780
879850
879920
880130
880180
880200
880210
880220
880270
880300
880320
880330
880340
880370
880380
880400
880490
880510
880550
880570
880580
880590
880610
880620
880720
880730
880750
880770
880780
880790
880800
880830
880840
880850
880870
880910
880930
880940
880950
880960
880990
881020
881040
881060
881090
881100
881110
881130
881150
881180
881190
881230
881260
881290
881300
881310
881320
881410
881420
881470
881490
881500
881510
881520
881550
881560
881610
881620
881670
881690
881710
881730
881750
881810
881820
881880
881900
881910
881920
881930
881970
881980
882020
882040
882080
882100
882110
882120
882140
882150
882180
882190
882200
882210
882220
882230
882250
882260
882290
882390
882410
882440
882460
882560
882590
882600
882630
882640
882660
882670
882680
882700
882710
882730
882760
882790
882830
882840
882860
882870
882900
882910
882940
882960
882980
882990
883000
883020
883070
883080
883100
883130
883160
883190
883220
883230
883240
883270
883280
883300
883330
883360
883390
883400
883560
883590
883630
883670
883680
883710
883750
883780
883790
883810
883830
883850
883860
883870
883880
883900
883930
883960
884070
884080
884090
884160
884180
884260
884270
884290
884320
884350
884370
884390
884400
884410
884420
884430
884440
884460
884470
884500
884530
884550
884590
884610
884630
884640
884660
884670
884880
884900
884910
884920
884960
884980
884990
885000
885120
885140
885150
885160
885190
885210
885220
885290
885320
885380
885470
885480
885510
885530
885570
885590
885630
885640
885650
885690
885730
885780
885790
885810
885840
885890
885910
885940
885950
885970
886010
886020
886040
886060
886070
886110
886120
886180
886200
886220
886230
886250
886270
886290
886300
886310
886330
886350
886360
886370
886380
886390
886420
886430
886450
886460
886470
886490
886530
886540
886590
886600
886610
886620
886630
886650
886670
886710
886730
886780
886820
886830
886840
886860
886890
886900
886950
886960
886970
887040
887060
887090
887160
887170
887280
887300
887330
887340
887370
887400
887420
887440
887450
887490
887510
887520
887530
887550
887570
887590
887630
887660
887680
887710
887720
887730
887740
887750
887800
887820
887850
887870
887880
887890
887900
887910
887920
887930
887940
887950
887960
887970
888010
888020
888040
888070
888090
888130
888140
888150
888200
888220
888250
888310
888380
888400
888420
888480
888530
888540
888560
888570
888610
888620
888630
888640
888670
888690
888710
888740
888760
888780
888790
888800
888810
888880
888900
888910
888970
888990
889060
889080
889090
889100
889130
889150
889160
889170
889220
889240
889260
889280
889290
889320
889400
889450
889470
889480
889500
889510
889520
889530
889600
889670
889700
889710
889720
889730
889740
889770
889790
889850
889910
889970
889990
890010
890070
890130
890180
890200
890210
890220
890280
890300
890310
890400
890470
890480
890500
890520
890550
890570
890590
890600
890630
890640
890680
890690
890700
890710
890720
890740
890750
890800
890820
890880
890890
890900
890910
890920
890930
890970
891020
891040
891100
891110
891120
891130
891170
891180
891190
891200
891220
891240
891270
891290
891310
891320
891330
891340
891350
891360
891370
891380
891430
891460
891470
891480
891490
891510
891700
891710
891720
891790
891850
891870
891950
891960
891970
891990
892020
892130
892150
892160
892180
892200
892210
892310
892380
892420
892460
892470
892490
892500
892550
892560
892570
892630
892640
892740
892760
892780
892830
892840
892860
892880
892910
892930
892960
892970
892980
892990
893010
893020
893030
893050
893060
893070
893090
893120
893150
893170
893180
893330
893350
893370
893390
893420
893450
893460
893470
893480
893490
893500
893560
893570
893590
893610
893620
893640
893650
893670
893680
893690
893710
893720
893790
893810
893840
893850
893870
893900
893910
893940
893950
893960
894000
894010
894020
894060
894070
894090
894120
894160
894200
894270
894330
894340
894350
894360
894380
894390
894420
894430
894460
894540
894570
894610
894620
894630
894730
894740
894750
894820
894830
894890
894940
894960
895000
895060
895110
895120
895140
895160
895170
895180
895200
895210
895220
895370
895400
895420
895430
895470
895480
895510
895520
895550
895580
895600
895610
895620
895650
895670
895710
895740
895750
895760
895820
895850
895860
895870
895890
895900
895930
895940
895960
895980
895990
896010
896030
896040
896110
896160
896170
896180
896220
896230
896240
896250
896340
896350
896370
896380
896400
896410
896440
896460
896500
896520
896550
896570
896590
896650
896750
896820
896850
896870
896880
896890
896940
896950
896960
896970
896980
896990
897000
897010
897020
897030
897040
897100
897110
897120
897160
897210
897220
897270
897300
897330
897340
897360
897380
897410
897420
897440
897450
897530
897550
897560
897580
897610
897630
897640
897650
897700
897730
897740
897760
897770
897800
897820
897830
897880
897890
897900
897910
897930
897940
897970
897980
898000
898040
898050
898070
898080
898090
898120
898160
898170
898200
898220
898240
898250
898260
898290
898310
898320
898340
898380
898400
898430
898440
898450
898460
898490
898500
898580
898650
898660
898680
898690
898720
898750
898780
898790
898800
898810
898830
898890
898910
898920
898930
898950
898980
899000
899020
899090
899100
899160
899180
899190
899200
899220
899230
899270
899290
899310
899340
899390
899440
899460
899470
899480
899530
899540
899570
899590
899610
899630
899760
899770
899930
899940
899960
899970
899990
900010
900040
900050
900060
900270
900290
900330
900340
900370
900380
900390
900400
900490
900790
900883
901000
901020
901553
901638
901667
901735
901776
903040
903150
903160
903180
903280
903310
903450
903490
903560
903570
903580
903620
903630
903640
903680
903700
903710
903730
903740
903760
903780
903790
903830
903850
903880
903910
903930
903950
904050
904130
904140
904160
904230
904310
904320
904340
904360
904380
904400
904410
904430
904440
904450
904500
904510
904520
904530
904540
904570
904600
904640
904680
904700
904740
904750
904770
904780
904800
904810
904820
904840
904850
904860
904890
904900
904950
904960
904970
904990
905010
905020
905060
905070
905090
905120
905130
905150
905180
905240
905260
905280
905330
905340
905350
905360
905380
905390
905400
905410
905440
905460
905490
905510
905530
905540
905560
905570
905590
905630
905640
905650
905660
905670
905690
905760
905790
905800
905860
905870
905880
905890
905960
905970
905980
906010
906030
906050
906100
906110
906120
906160
906190
906240
906250
906280
906300
906310
906360
906370
906390
906430
906460
906470
906480
906510
906560
906600
906650
906660
906680
906730
906740
906770
906790
906820
906850
906870
906880
906920
906930
907000
907020
907030
907040
907050
907090
907160
907190
907210
907220
907240
907250
907270
907310
907330
907350
907380
907390
907410
907460
907470
907500
907520
907560
907590
907620
907630
907650
907670
907710
907760
907770
907780
907820
907870
907900
907920
907940
907950
907970
907980
908000
908010
908020
908050
908060
908070
908090
908100
908120
908150
908180
908200
908230
908260
908270
908310
908320
908330
908350
908360
908390
908400
908420
908480
908500
908510
908560
908590
908620
908660
908690
908710
908730
908740
908750
908770
908790
908820
908830
908840
908920
908940
908950
908960
908990
909010
909020
909080
909100
909110
909170
909190
909200
909220
909270
909320
909360
909370
909380
909430
909470
909480
909500
909570
909580
909630
909660
909670
909710
909750
909820
909830
909900
909970
910150
910180
910190
910200
910210
910220
910230
910250
910260
910280
910290
910320
910380
910390
910400
910420
910430
910450
910460
910470
910490
910500
910530
910540
910590
910630
910650
910660
910700
910730
910750
910770
910800
910830
910850
910860
910880
910980
910990
911010
911040
911050
911100
911120
911130
911170
911180
911200
911210
911220
911230
911240
911270
911280
911290
911320
911380
911400
911420
911430
911480
911500
911510
911520
911550
911580
911630
911640
911660
911680
911690
911760
911850
911880
911950
912000
912010
912070
912110
912120
912140
912190
912210
912250
912260
912310
912360
912370
912380
912390
912410
912420
912450
912500
912510
912520
912550
912560
912570
912580
912590
912650
912660
912690
912720
912730
912770
912790
912810
912820
912840
912900
912920
912990
913000
913010
913060
913090
913100
913110
913120
913130
913160
913170
913180
913210
913250
913260
913270
913280
913320
913350
913370
913420
913440
913500
913550
913570
913590
913600
913650
913660
913670
913690
913710
913720
913730
913740
913780
913800
913830
913850
913890
913910
914000
914010
914020
914050
914070
914090
914130
914140
914170
914180
914190
914200
914210
914220
914260
914270
914290
914320
914350
914400
914420
914430
914440
914450
914480
914500
914600
914620
914630
914640
914680
914690
914710
914720
914740
914750
914800
914850
914890
914900
914930
914950
915020
915060
915080
915120
915130
915160
915190
915200
915230
915270
915300
915310
915320
915330
915360
915380
915420
915430
915440
915460
915480
915490
915540
915560
915570
915600
915610
915640
915670
915680
915710
915720
915730
915760
915770
915810
915820
915850
915860
915930
915960
916010
916030
916040
916050
916060
916100
916120
916130
916140
916150
916160
916180
916240
916260
916290
916320
916330
916340
916350
916370
916380
916390
916440
916470
916480
916510
916540
916580
916630
916640
916730
916780
916790
916840
916860
916880
916900
916910
916930
916950
916960
916970
917000
917020
917050
917130
917140
917150
917200
917220
917240
917280
917290
917380
917550
917600
917640
917680
917690
917710
917720
917740
917760
917770
917800
917810
917820
917830
917840
917850
917870
917880
917900
917910
917920
917940
917950
917990
918000
918060
918070
918080
918100
918110
918170
918180
918190
918200
918260
918300
918320
918380
918430
918440
918450
918480
918500
918520
918530
918550
918570
918600
918610
918620
918670
918680
918690
918700
918720
918740
918780
918820
918850
918900
918950
918980
918990
919010
919040
919150
919160
919170
919190
919200
919220
919240
919250
919260
919290
919320
919330
919360
919370
919400
919410
919440
919610
919640
919690
919730
919890
920190
920200
920210
920280
920320
920450
920460
920500
920510
920520
920580
920620
920640
920680
920710
920720
920770
920780
920800
920820
921050
921070
921090
921390
921420
921430
921450
921490
921500
921520
921530
921570
921590
921660
921690
921700
921710
921720
921730
921740
921760
921770
921780
921790
921800
921840
921850
921890
921900
921960
921970
922020
922040
922050
922060
922090
922100
922130
922140
922150
922170
922220
922290
922320
922400
922410
922450
922460
922470
922480
922490
922500
922510
922520
922530
922550
922590
922610
922620
922630
922640
922650
922690
922700
922710
922800
922810
922820
922880
922920
923000
923010
923020
923030
923050
923080
923100
923110
923120
923130
923140
923230
923240
923260
923340
923350
923360
923370
923390
923400
923420
923430
923460
923470
923480
923500
923510
923530
923540
923550
923570
923590
923630
923670
923690
923710
923730
923750
923760
923780
923790
923810
923830
923840
923880
923890
923900
923910
923970
924020
924070
924090
924100
924120
924130
924140
924200
924250
924280
924310
924360
924370
924380
924390
924420
924430
924460
924500
924520
924530
924650
924740
924750
924780
924790
924800
924870
924900
924940
924960
924970
924980
925010
925040
925050
925060
925070
925090
925120
925170
925280
925290
925300
925330
925340
925360
925370
925440
925460
925470
925490
925500
925520
925540
925550
925560
925570
925600
925640
925670
925690
925700
925810
925900
925910
925930
925940
925950
926010
926070
926090
926100
926110
926120
926130
926140
926170
926180
926200
926210
926240
926250
926290
926310
926330
926340
926350
926370
926390
926400
926420
926440
926450
926470
926490
926520
926540
926580
926600
926610
926720
926810
926820
926860
926870
926990
927050
927080
927120
927150
927190
927250
927270
927310
927370
927580
927670
927740
927760
927840
927850
927860
927890
927930
927970
927990
928000
928130
928140
928160
928180
928210
928230
928300
928350
928370
928390
928410
928440
928480
928520
928610
928660
928670
928680
928690
928830
928840
928880
928890
928940
928950
928960
928970
928990
929010
929020
929030
929060
929120
929140
929150
929170
929180
929200
929210
929230
929280
929290
929300
929310
929320
929340
929400
929410
929420
929430
929440
929450
929460
929470
929510
929530
929540
929570
929600
929610
929630
929640
929670
929740
929800
929850
929910
930030
930110
930150
930210
930220
930280
930290
930300
930310
930320
930360
930410
930430
930470
930480
930500
930600
930620
930630
930640
930650
930690
930710
930730
930780
930840
930850
930860
930880
930910
930970
931000
931040
931060
931090
931120
931140
931150
931200
931210
931220
931250
931260
931270
931280
931310
931360
931430
931450
931470
931480
931500
931540
931560
931570
931590
931610
931620
931650
931680
931690
931700
931760
931780
931810
931820
931830
931840
931860
931870
931880
931930
931940
931950
932050
932070
932090
932120
932150
932160
932170
932190
932210
932220
932240
932270
932290
932300
932310
932330
932350
932370
932420
932450
932500
932530
932560
932570
932670
932790
932800
932810
932820
932850
932870
932920
932930
932940
932950
932970
932980
933000
933030
933060
933080
933110
933140
933160
933200
933210
933230
933250
933290
933300
933360
933380
933390
933430
933440
933450
933540
933590
933660
933740
933770
933820
933840
933860
933900
933920
933930
933940
933970
934060
934070
934120
934180
934220
934250
934260
934410
934470
934480
934500
934510
934520
934540
934550
934580
934590
934600
934630
934670
934700
934780
934790
934800
934810
934830
934840
934850
934860
934920
934930
934950
934990
935020
935070
935110
935140
935180
935190
935240
935250
935320
935340
935350
935360
935380
935400
935490
935550
935560
935570
935580
935610
935630
935640
935660
935680
935700
935720
935750
935790
935840
935860
935880
935910
935920
935930
935940
935950
935960
935970
935980
936000
936010
936020
936060
936070
936140
936150
936160
936170
936180
936190
936210
936270
936470
936490
936500
936510
936530
936580
936590
936600
936610
936630
936650
936700
936720
936740
936770
936780
936790
936800
936810
936820
936870
936890
936900
936930
936950
936970
936980
937020
937050
937070
937090
937120
937130
937140
937160
937170
937180
937230
937280
937310
937320
937350
937380
937390
937420
937450
937460
937490
937520
937530
937570
937580
937620
937690
937740
937770
937780
937820
937850
937860
937870
937910
937930
937940
937950
937960
937970
937980
938000
938020
938040
938050
938070
938100
938170
938200
938220
938240
938250
938260
938270
938280
938300
938310
938320
938340
938350
938360
938380
938390
938480
938510
938520
938560
938600
938630
938640
938660
938680
938710
938740
938810
938820
938840
938860
938870
938940
938960
938980
939000
939100
939120
939150
939200
939210
939230
939240
939250
939330
939350
939380
939390
939400
939410
939450
939470
939510
939520
939530
939560
939580
939600
939610
939620
939670
939740
939750
939790
939850
939870
939960
939970
939990
940020
940140
940180
940190
940240
940280
940300
940310
940320
940330
940350
940380
940520
940580
940590
940600
940630
940640
940650
940680
940700
940710
940780
940790
940800
940810
940850
940870
940910
940980
940990
941000
941020
941030
941040
941050
941120
941130
941140
941160
941200
941300
941310
941320
941330
941350
941390
941410
941460
941480
941530
941540
941570
941580
941600
941620
941630
941640
941650
941710
941730
941790
941800
941850
941890
941920
941980
942010
942020
942050
942060
942140
942200
942220
942250
942270
942300
942330
942340
942370
942390
942440
942480
942490
942510
942520
942530
942600
942760
942800
942840
942850
942870
942900
942930
942970
942990
943010
943030
943040
943080
943140
943170
943190
943210
943230
943260
943270
943290
943310
943370
943380
943390
943410
943440
943510
943520
943590
943640
943680
943700
943710
943810
943900
943920
943950
943960
943970
943980
944010
944020
944030
944050
944080
944110
944120
944180
944200
944220
944250
944260
944300
944330
944340
944380
944420
944430
944440
944450
944500
944510
944530
944590
944610
944630
944640
944650
944690
944710
944720
944730
944740
944750
944810
944830
944840
944860
944910
944920
944960
945100
945140
945160
945240
945280
945340
945360
945390
945440
945460
945490
945500
945520
945530
945540
945550
945580
945590
945610
945620
945630
945680
945710
945740
945770
945810
945820
945850
945860
945870
945880
945890
945910
945920
945950
946000
946010
946030
946040
946050
946060
946070
946080
946090
946110
946160
946170
946210
946240
946300
946330
946340
946360
946370
946380
946400
946460
946500
946550
946560
946570
946600
946610
946650
946660
946670
946680
946690
946700
946720
946770
946780
946790
946800
946810
946860
946880
946920
946950
946980
946990
947060
947070
947080
947110
947120
947230
947250
947260
947270
947290
947300
947390
947400
947430
947450
947470
947520
947530
947540
947560
947580
947600
947830
947880
947890
947940
947960
947970
948000
948020
948070
948080
948100
948120
948200
948240
948270
948320
948330
948340
948350
948370
948420
948460
948470
948490
948510
948630
948640
948650
948660
948690
948740
948770
948790
948820
948830
948840
948880
948900
948960
948990
949000
949030
949050
949060
949070
949090
949130
949150
949170
949200
949230
949290
949370
949380
949390
949420
949450
949480
949520
949530
949570
949600
949630
949650
949670
949720
949740
949770
949790
949800
949820
949830
949840
949860
949880
949890
949910
949960
949970
949990
950050
950130
950140
950160
950210
950230
950240
950250
950260
950300
950310
950330
950360
950370
950380
950400
950460
950510
950530
950570
950620
950660
950670
950700
950730
950740
950750
950780
950810
950850
950860
950880
950890
950900
950950
950990
951000
951010
951030
951040
951050
951100
951110
951130
951160
951190
951220
951240
951250
951260
951310
951320
951330
951360
951370
951400
951410
951420
951430
951440
951450
951470
951480
951490
951530
951570
951620
951640
951670
951690
951700
951740
951750
951760
951770
951780
951820
951830
951840
951860
951910
951920
951930
951940
951990
952000
952010
952020
952030
952040
952050
952060
952100
952120
952140
952200
952230
952240
952250
952270
952290
952330
952340
952370
952400
952420
952460
952510
952540
952560
952680
952700
952710
952730
952850
952860
952910
952920
952940
952950
952970
952980
953000
953050
953060
953120
953150
953170
953190
953220
953230
953240
953270
953280
953290
953310
953330
953340
953380
953490
953550
953560
953580
953610
953690
953700
953740
953750
953760
953790
953810
953820
953840
953870
953880
953900
953920
953950
954000
954010
954070
954080
954150
954160
954170
954210
954240
954270
954280
954300
954320
954360
954400
954410
954420
954530
954590
954610
954620
954650
954710
954720
954740
954760
954780
954850
954860
954870
954920
954970
955010
955020
955030
955050
955060
955070
955090
955120
955170
955190
955200
955220
955290
955300
955320
955360
955370
955380
955400
955410
955490
955500
955530
955540
955550
955560
955570
955580
955600
955620
955640
955670
955700
955740
955840
955860
955870
955890
955900
955940
955980
956000
956010
956030
956060
956090
956140
956150
956200
956210
956240
956270
956280
956310
956350
956360
956380
956390
956400
956430
956450
956470
956480
956500
956540
956550
956560
956590
956600
956620
956680
956710
956820
956880
956990
957050
957060
957070
957080
957140
957150
957220
957270
957280
957370
957390
957410
957430
957440
957490
957510
957570
957660
957680
957710
957720
957770
957790
957800
957810
957820
957850
957890
957930
957950
957960
958050
958090
958110
958130
958190
958200
958220
958230
958280
958290
958300
958310
958320
958360
958440
958480
958490
958510
958520
958530
958640
958650
958670
958680
958690
958720
958740
958750
958800
958840
958850
958880
958900
958910
958930
958960
958980
958990
959000
959020
959030
959050
959080
959090
959150
959170
959200
959210
959220
959240
959260
959280
959340
959350
959380
959400
959410
959500
959510
959520
959540
959590
959700
959710
959730
959750
959760
959770
959800
959850
959860
959880
959890
959920
959930
960030
960040
960070
960090
960100
960140
960150
960170
960190
960200
960220
960240
960270
960320
960340
960360
960420
960550
960590
960600
960610
960630
960650
960660
960680
960690
960700
960710
960730
960740
960800
960820
960900
960910
960940
960980
960990
961000
961010
961030
961040
961060
961110
961190
961200
961210
961220
961230
961240
961260
961280
961410
961420
961450
961490
961510
961540
961560
961620
961640
961660
961680
961700
961710
961750
961850
961860
961870
961910
961920
962050
962060
962090
962130
962150
962170
962220
962240
962250
962270
962280
962290
962310
962340
962360
962370
962380
962400
962490
962510
962580
962610
962630
962650
962700
962710
962730
962810
962860
962950
962970
963000
963020
963150
963170
963180
963190
963210
963220
963230
963280
963290
963300
963330
963370
963400
963450
963470
963490
963510
963570
963590
963660
963670
963680
963690
963710
963720
963730
963770
963830
963860
963870
963880
963890
963900
963910
963930
963950
963960
963980
964020
964040
964050
964060
964070
964090
964100
964110
964130
964150
964170
964180
964210
964220
964230
964240
964320
964340
964350
964390
964420
964440
964450
964460
964490
964570
964620
964650
964700
964750
964760
964770
964800
964810
964910
964920
964960
964990
965000
965010
965030
965080
965110
965120
965140
965150
965180
965200
965230
965240
965250
965300
965310
965320
965340
965360
965390
965410
965470
965490
965510
965540
965580
965590
965600
965610
965620
965630
965640
965650
965670
965680
965710
965730
965760
965810
965820
965830
965860
965880
965890
965900
965910
965920
965940
965960
965970
965990
966000
966010
966020
966070
966090
966100
966140
966160
966180
966190
966210
966240
966250
966260
966320
966330
966370
966400
966420
966430
966450
966460
966470
966500
966530
966540
966560
966580
966590
966630
966650
966660
966670
966680
966720
966730
966870
967050
967070
967100
967120
967210
967240
967250
967290
967330
967370
967390
967410
967430
967440
967450
967460
967490
967750
967910
967940
967950
967960
967970
968170
968190
968200
968210
968250
968290
968310
968320
968350
968370
968380
968410
968420
968430
968440
968450
968460
968470
968480
968500
968530
968540
968550
968570
968580
968590
968600
968620
968640
968690
968700
968710
968730
968760
968770
968790
968800
968820
968860
968870
968920
968930
968940
968950
968970
969060
969130
969180
969190
969200
969220
969230
969240
969250
969330
969340
969350
969420
969480
969530
969540
969690
969700
969740
969760
969940
969950
969970
969990
970000
970030
970040
970090
970130
970140
970150
970180
970190
970200
970220
970260
970300
970400
970450
970460
970470
970500
970510
970530
970560
970570
970580
970600
970710
970720
970730
970760
970800
970810
970820
970830
970840
970850
970870
970880
970890
970900
970910
970940
970960
970970
970980
971030
971040
971060
971070
971080
971090
971120
971150
971160
971180
971190
971210
971220
971230
971280
971340
971350
971390
971430
971460
971470
971480
971500
971530
971540
971610
971620
971640
971650
971680
971690
971700
971710
971740
971780
971850
971880
971900
972010
972050
972080
972160
972180
972200
972230
972280
972290
972420
972450
972480
972500
972510
972520
972560
972600
972620
972650
972660
972740
972760
972770
972810
972850
972890
972910
972940
972950
972960
972990
973000
973040
973050
973060
973070
973090
973110
973170
973200
973220
973230
973240
973250
973310
973320
973350
973390
973400
973410
973440
973450
973550
973560
973580
973640
973690
973700
973720
973760
973800
973810
973850
973860
974010
974040
974060
974070
974090
974110
974140
974150
974160
974180
974200
974220
974240
974310
974320
974370
974390
974420
974430
974450
974480
974530
974600
974620
974670
974680
974750
974830
974840
974850
974860
974870
974910
974920
974930
974950
974970
975000
975020
975050
975100
975110
975120
975150
975160
975200
975220
975230
975240
975270
975290
975350
975370
975390
975410
975430
975470
975500
975510
975520
975620
975630
975640
975660
975670
975680
975690
975700
975710
975750
975760
975770
975800
975860
975910
975950
975980
976010
976020
976030
976060
976070
976090
976120
976160
976230
976240
976260
976290
976310
976320
976340
976360
976390
976410
976420
976500
976570
976590
976630
976680
976700
976720
976730
976780
976800
976830
976870
976890
976900
976920
976930
976940
976960
976970
976980
977050
977080
977100
977110
977160
977210
977230
977270
977290
977300
977310
977340
977380
977390
977400
977430
977460
977490
977500
977510
977540
977560
977570
977580
977590
977630
977640
977670
977720
977780
977790
977810
977830
977840
977880
977900
977950
977980
978010
978040
978110
978120
978190
978200
978210
978250
978270
978280
978300
978340
978380
978440
978450
978460
978470
978510
978520
978580
978610
978630
978640
978650
978660
978670
978700
978710
978720
978780
978790
978800
978870
978910
978920
978960
978970
978980
979000
979060
979070
979080
979090
979100
979110
979120
979160
979220
979260
979290
979300
979310
979330
979350
979360
979390
979400
979410
979450
979480
979500
979530
979550
979580
979620
979640
979680
979690
979720
979740
979760
979790
979800
979810
979830
979880
979890
979900
979910
979920
979970
980000
980090
980160
980170
980190
980210
980300
980320
980360
980380
980440
980470
980480
980490
980520
980560
980600
980610
980630
980640
980690
980700
980730
980770
980800
980830
980850
980880
980940
980950
981010
981020
981040
981050
981060
981080
981090
981120
981130
981160
981180
981260
981270
981280
981290
981300
981310
981420
981430
981440
981450
981470
981500
981540
981550
981600
981620
981630
981660
981690
981710
981720
981750
981770
981790
981830
981870
981880
981900
981960
981980
981990
982020
982040
982050
982060
982090
982100
982120
982180
982210
982220
982250
982270
982290
982300
982320
982350
982370
982380
982390
982400
982410
982420
982450
982480
982540
982580
982670
982690
982700
982710
982720
982750
982800
982840
982850
982920
982980
982990
983030
983040
983070
983100
983120
983140
983150
983160
983170
983190
983240
983260
983280
983290
983320
983330
983340
983350
983360
983380
983450
983520
983590
983610
983640
983650
983670
983680
983760
983790
983830
983840
983870
983900
983920
983970
983980
983990
984020
984030
984070
984080
984110
984150
984170
984230
984240
984250
984260
984300
984360
984450
984470
984510
984520
984540
984560
984570
984600
984610
984660
984680
984720
984730
984780
984790
984800
984810
984830
984870
984880
984910
984930
984980
984990
985000
985020
985070
985080
985090
985150
985240
985260
985280
985340
985400
985420
985430
985500
985510
985530
985560
985580
985590
985600
985620
985640
985650
985660
985680
985690
985710
985720
985740
985760
985780
985800
985810
985830
985840
985870
985890
985900
985930
985940
985950
986010
986020
986040
986070
986080
986130
986220
986280
986310
986340
986350
986370
986480
986490
986500
986520
986630
986660
986670
986680
986700
986710
986760
986770
986780
986790
986800
986810
986820
986830
986860
986920
986930
986990
987000
987060
987140
987150
987180
987190
987200
987210
987230
987240
987250
987290
987310
987330
987370
987410
987480
987490
987570
987580
987590
987660
987670
987710
987720
987740
987770
987780
987790
987810
987820
987840
987850
987880
987900
987910
987950
987980
987990
988070
988080
988090
988100
988110
988240
988310
988330
988340
988430
988490
988530
988590
988640
988650
988890
988910
988930
988940
988960
988980
989010
989030
989040
989080
989110
989120
989140
989150
989160
989190
989230
989240
989250
989260
989270
989350
989370
989380
989390
989400
989430
989440
989450
989490
989550
989580
989640
989650
989690
989710
989720
989750
989770
989780
989790
989860
990020
990030
990050
990060
990080
990090
990110
990160
990180
990240
990250
990260
990280
990360
990380
990390
990400
990410
990500
990630
990640
990720
990750
990770
990840
990850
990890
990900
990920
990940
990950
990960
990970
991070
991130
991170
991230
991240
991250
991260
991270
991280
991290
991430
991450
991480
991490
991500
991510
991530
991560
991600
991620
991630
991660
991680
991700
991710
991720
991750
991760
991780
991790
991800
991810
991860
991930
991960
992000
992040
992050
992070
992080
992120
992200
992210
992240
992250
992300
992310
992330
992360
992420
992480
992520
992560
992600
992610
992620
992640
992680
992690
992700
992720
992730
992740
992750
992790
992840
992860
992870
992880
992890
992910
992930
992950
992960
992970
992990
993030
993110
993170
993200
993210
993220
993250
993290
993330
993340
993370
993390
993400
993490
993500
993520
993530
993580
993600
993630
993640
993650
993680
993690
993740
993750
993770
993780
993790
993810
993860
993890
993960
993990
994020
994030
994040
994140
994160
994170
994180
994220
994230
994250
994260
994270
994280
994290
994310
994320
994340
994350
994360
994450
994500
994520
994560
994650
994670
994680
994700
994730
994750
994810
994860
994870
994900
994910
995000
995050
995060
995070
995140
995160
995170
995210
995230
995240
995270
995280
995310
995330
995340
995450
995460
995470
995480
995490
995580
995680
995700
995720
995760
995790
995850
995890
995900
995910
995920
995930
995980
995990
996000
996050
996080
996140
996160
996180
996370
996380
996430
996450
996550
996580
996620
996650
996690
996710
996730
996770
996860
996920
996980
997000
997010
997020
997030
997050
997060
997090
997170
997180
997240
997260
997270
997280
997290
997310
997370
997380
997430
997480
997500
997530
997560
997640
997650
997670
997700
997710
997720
997730
997760
997770
997810
997820
997870
997900
997950
998010
998020
998150
998220
998270
998300
998400
998480
998530
998570
998590
998630
998660
998690
998730
998740
998760
998780
998790
998820
998830
998850
998890
998930
998950
998990
999020
999030
999040
999180
999190
999200
999220
999250
999270
999280
999330
999340
999350
999360
999410
999430
999450
999480
999560
999570
999640
999660
999760
999830
999860
999890
999930
999990
1000000
1000010
1000020
1000030
1000050
1000080
1000100
1000110
1000130
1000280
1000310
1000360
1000380
1000410
1000440
1000460
1000470
1000480
1000500
1000540
1000550
1000600
1000640
1000650
1000700
1000750
1000760
1000770
1000790
1000810
1000830
1000860
1000880
1000900
1000980
1000990
1001010
1001040
1001070
1001100
1001120
1001140
1001180
1001200
1001220
1001230
1001240
1001270
1001390
1001430
1001450
1001490
1001500
1002600
1001530
1001550
1001570
1001590
1001600
1001640
1001660
1001690
1001730
1001740
1001800
1001860
1001870
1001880
1001910
1001930
1001960
1001970
1001980
1001990
1002000
1002010
1002030
1002040
1002100
1002180
1002200
1002210
1002230
1002260
1002270
1002280
1002290
1002300
1002310
1002360
1002410
1002420
1002430
1002440
1002450
1002470
1002480
1002490
1002500
1002510
1002520
1002540
1002560
1002580
1002590
1002600
1002630
1002650
1002670
1002690
1002750
1002800
1002820
1002830
1002850
1002860
1002890
1002910
1002920
1002930
1002950
1002960
1002970
1002980
1003010
1003020
1003070
1003090
1003120
1003150
1003190
1003230
1003260
1003320
1003360
1003370
1003400
1003450
1003460
1003480
1003490
1003520
1003530
1003560
1003590
1003600
1003650
1003670
1003690
1003700
1003730
1003750
1003760
1003830
1003850
1003860
1003880
1003890
1003900
1003940
1003950
1003960
1004000
1004030
1004040
1004050
1004090
1004100
1004150
1004160
1004170
1004180
1004200
1004210
1004230
1004240
1004270
1004310
1004330
1004350
1004370
1004490
1004500
1004510
1004550
1004560
1004570
1004580
1004600
1004610
1004620
1004640
1004650
1004710
1004750
1004770
1004780
1004790
1004800
1004860
1005000
1005050
1005060
1005080
1005090
1005120
1005130
1005180
1005210
1005220
1005230
1005240
1005250
1005300
1005310
1005320
1005330
1005340
1005390
1005400
1005410
1005420
1005450
1005460
1005470
1005480
1005490
1005520
1005530
1005560
1005630
1005730
1005780
1005820
1005870
1005890
1005900
1005910
1005920
1005930
1005940
1005950
1005990
1006000
1006090
1006120
1006140
1006150
1006160
1006170
1006190
1006220
1006250
1006270
1006400
1006410
1006440
1006450
1006460
1006470
1006600
1006620
1006680
1006720
1006730
1006760
1006770
1006830
1006880
1006900
1006920
1006930
1006950
1007040
1007050
1007070
1007080
1007140
1007180
1007200
1007210
1007230
1007240
1007260
1007280
1007350
1007360
1007380
1007400
1007430
1007440
1007470
1007490
1007540
1007560
1007630
1007650
1007730
1007740
1007760
1007800
1007810
1007820
1007830
1007840
1007870
1007880
1007890
1007940
1007950
1007970
1007980
1007990
1008010
1008020
1008030
1008060
1008070
1008140
1008180
1008210
1008230
1008240
1008260
1008280
1008320
1008340
1008370
1008390
1008430
1008450
1008510
1008520
1008580
1008590
1008600
1008610
1008680
1008690
1008700
1008710
1008740
1008800
1008820
1008830
1008850
1008860
1008870
1008890
1008910
1008920
1008950
1008970
1008990
1009030
1009040
1009100
1009150
1009180
1009190
1009200
1009220
1009230
1009240
1009260
1009290
1009300
1009350
1009360
1009370
1009390
1009410
1009450
1009460
1009560
1009570
1009580
1009590
1009640
1009690
1009700
1009750
1009770
1009780
1009870
1009890
1009900
1009910
1009920
1009940
1009950
1009960
1009990
1010000
1010040
1010070
1010100
1010120
1010150
1010230
1010240
1010260
1010270
1010290
1010330
1010380
1010410
1010420
1010430
1010450
1010480
1010490
1010520
1010540
1010560
1010590
1010600
1010650
1010660
1010670
1010710
1010730
1010740
1010780
1010830
1010840
1010850
1010860
1010870
1010890
1010910
1010920
1010930
1010950
1010970
1010990
1011000
1011030
1011070
1011090
1011120
1011130
1011140
1011190
1011200
1011240
1011260
1011270
1011290
1011300
1011310
1011320
1011370
1011390
1011420
1011440
1011460
1011470
1011510
1011530
1011550
1011590
1011600
1011610
1011620
1011630
1011670
1011700
1011720
1011740
1011760
1011820
1011830
1011850
1011860
1011870
1011940
1011960
1011970
1011990
1012030
1012070
1012110
1012120
1012130
1012160
1012180
1012190
1012210
1012240
1012280
1012290
1012330
1012360
1012370
1012390
1012410
1012430
1012450
1012460
1012470
1012490
1012530
1012560
1012570
1012580
1012600
1012610
1012630
1012640
1012650
1012670
1012720
1012730
1012790
1012800
1012830
1012840
1012850
1012860
1012870
1012880
1012900
1012970
1012990
1013000
1013040
1013070
1013100
1013120
1013130
1013140
1013150
1013180
1013190
1013200
1013220
1013280
1013290
1013320
1013340
1013350
1013400
1013410
1013450
1013540
1013560
1013570
1013580
1013600
1013630
1013650
1013660
1013670
1013680
1013700
1013710
1013750
1013810
1013820
1013830
1013870
1013890
1013910
1013940
1013950
1013960
1013970
1013980
1014010
1014030
1014040
1014050
1014100
1014110
1014140
1014180
1014200
1014240
1014260
1014270
1014280
1014310
1014350
1014360
1014370
1014400
1014420
1014450
1014460
1014470
1014540
1014550
1014560
1014570
1014580
1014590
1014600
1014610
1014620
1014660
1014710
1014720
1014730
1014750
1014790
1014810
1014820
1014840
1014850
1014880
1014890
1014900
1014920
1014960
1014970
1014980
1014990
1015020
1015080
1015090
1015100
1015120
1015130
1015140
1015150
1015180
1015190
1015240
1015250
1015290
1015350
1015370
1015430
1015470
1015480
1015530
1015540
1015550
1015580
1015650
1015660
1015700
1015710
1015720
1015730
1015750
1015770
1015790
1015800
1015890
1015920
1015930
1015940
1016000
1016010
1016030
1016100
1016110
1016180
1016250
1016260
1016330
1016360
1016390
1016420
1016430
1016440
1016600
1016610
1016630
1016650
1016660
1016690
1016700
1016720
1016730
1016740
1016750
1016770
1016780
1016790
1016800
1016820
1016830
1016850
1016860
1016890
1016900
1016920
1016930
1016940
1016950
1016960
1016970
1016980
1016990
1017100
1017130
1017160
1017180
1017240
1017270
1017340
1017350
1017360
1017370
1017380
1017410
1017440
1017480
1017490
1017520
1017540
1017560
1017580
1017600
1017610
1017630
1017650
1017660
1017670
1017690
1017750
1017780
1017800
1017820
1017880
1017900
1017940
1017990
1018000
1018010
1018020
1018040
1018060
1018080
1018090
1018110
1018130
1018160
1018170
1018220
1018240
1018270
1018380
1018420
1018560
1018610
1018640
1018700
1018720
1018730
1018740
1018750
1018770
1018800
1018810
1018820
1018830
1018850
1018860
1018900
1018930
1018960
1018990
1019020
1019030
1019040
1019050
1019060
1019070
1019080
1019090
1019150
1019170
1019180
1019190
1019230
1019240
1019260
1019270
1019310
1019340
1019370
1019400
1019450
1019500
1019550
1019580
1019590
1019630
1019670
1019690
1019700
1019710
1019720
1019730
1019740
1019790
1019820
1019880
1019910
1019920
1019940
1020010
1020030
1020050
1020080
1020090
1020120
1020210
1020250
1020270
1020310
1020330
1020340
1020360
1020390
1020410
1020420
1020440
1020450
1020470
1020480
1020490
1020510
1020520
1020540
1020550
1020560
1020590
1020600
1020610
1020640
1020650
1020660
1020670
1020730
1020780
1020790
1020800
1020830
1020840
1020910
1020930
1020940
1020980
1021060
1021070
1021100
1021120
1021130
1021200
1021210
1021220
1021230
1021240
1021260
1021290
1021370
1021640
1021650
1021670
1021680
1021690
1021770
1021780
1021800
1021820
1021840
1021850
1021860
1021880
1021890
1021940
1021950
1022000
1022010
1022040
1022130
1022150
1022160
1022170
1022180
1022270
1022280
1022310
1022320
1022380
1022450
1022480
1022530
1022550
1022600
1022610
1022630
1022640
1022650
1022710
1022770
1022780
1022820
1022840
1022860
1022920
1022980
1022990
1023010
1023030
1023040
1023060
1023090
1023100
1023110
1023130
1023140
1023150
1023180
1023250
1023260
1023310
1023320
1023350
1023370
1023390
1023410
1023420
1023510
1023550
1023560
1023570
1023610
1023640
1023650
1023680
1023690
1023700
1023720
1023740
1023750
1023760
1023790
1023840
1023860
1023870
1023960
1023970
1023980
1024070
1024080
1024100
1024120
1024150
1024160
1024210
1024220
1024250
1024330
1024400
1024430
1024450
1024460
1024470
1024480
1024490
1024520
1024530
1024540
1024600
1024630
1024650
1024670
1024690
1024720
1024730
1024780
1024790
1024800
1024820
1024840
1024850
1024860
1024950
1024960
1024970
1024980
1024990
1025000
1025010
1025070
1025130
1025140
1025160
1025200
1025230
1025240
1025250
1025270
1025330
1025360
1025390
1025410
1025420
1025430
1025440
1025460
1025480
1025500
1025510
1025520
1025530
1025540
1025550
1025600
1025620
1025650
1025690
1025710
1025740
1025780
1025870
1025890
1025900
1025960
1026070
1026080
1026100
1026110
1026130
1026160
1026180
1026210
1026220
1026370
1026380
1026390
1026400
1026420
1026430
1026560
1026610
1026670
1026680
1026760
1026770
1026810
1026820
1026840
1026880
1026890
1026910
1026940
1026960
1027060
1027120
1027130
1027190
1027230
1027250
1027480
1027520
1027530
1027550
1027570
1027600
1027610
1027620
1027650
1027660
1027690
1027700
1027710
1027720
1027780
1027790
1027800
1027810
1027820
1027830
1027860
1027900
1027910
1027930
1027960
1027970
1027990
1028010
1028030
1028090
1028110
1028130
1028170
1028250
1028280
1028300
1028310
1028320
1028330
1028340
1028350
1028360
1028380
1028410
1028440
1028460
1028470
1028480
1028490
1028500
1028510
1028520
1028540
1028550
1028570
1028590
1028610
1028630
1028660
1028680
1028730
1028740
1028750
1028760
1028770
1028800
1028820
1028830
1028840
1028850
1028860
1028880
1028900
1028910
1028930
1028990
1029020
1029030
1029040
1029050
1029070
1029080
1029100
1029110
1029120
1029130
1029150
1029160
1029170
1029190
1029210
1029220
1029230
1029240
1029260
1029340
1029380
1029470
1029500
1029530
1029540
1029550
1029560
1029570
1029630
1029640
1029650
1029660
1029690
1029730
1029750
1029760
1029780
1029790
1029830
1029840
1029860
1029870
1029890
1029900
1029920
1029930
1029950
1029970
1029980
1029990
1030000
1030060
1030100
1030170
1030180
1030190
1030210
1030240
1030300
1030310
1030330
1030360
1030380
1030430
1030460
1030470
1030490
1030520
1030530
1030580
1030730
1030740
1030770
1030780
1030810
1030830
1030840
1030950
1030960
1030970
1031000
1031020
1031080
1031090
1031110
1031120
1031130
1031140
1031160
1031170
1031200
1031210
1031220
1031230
1031260
1031270
1031290
1031320
1031330
1031370
1031440
1031460
1031470
1031480
1031540
1031560
1031570
1031580
1031590
1031610
1031630
1031640
1031650
1031660
1031670
1031700
1031730
1031770
1031790
1031800
1031830
1031850
1031860
1031900
1031910
1031920
1031970
1032040
1032060
1032070
1032080
1032090
1032120
1032140
1032170
1032210
1032220
1032230
1032240
1032260
1032270
1032280
1032340
1032360
1032420
1032430
1032440
1032450
1032510
1032520
1032530
1032560
1032570
1032580
1032590
1032650
1032660
1032670
1032690
1032700
1032730
1032740
1032750
1032770
1032790
1032830
1032980
1033000
1033030
1033080
1033090
1033100
1033110
1033120
1033130
1033140
1033170
1033190
1033210
1033220
1033230
1033240
1033250
1033330
1033340
1033360
1033370
1033380
1033410
1033420
1033450
1033510
1033540
1033580
1033590
1033600
1033630
1033640
1033660
1033670
1033700
1033710
1033720
1033780
1033810
1033860
1033880
1033910
1033930
1033950
1033960
1034020
1034030
1034040
1034060
1034120
1034130
1034140
1034150
1034160
1034170
1034200
1034230
1034240
1034250
1034260
1034270
1034280
1034370
1034380
1034390
1034400
1034410
1034430
1034440
1034540
1034560
1034590
1034610
1034700
1034740
1034750
1034810
1034820
1034850
1034860
1034870
1034880
1034900
1034910
1034920
1034940
1034950
1035010
1035030
1035110
1035120
1035190
1035220
1035240
1035260
1035270
1035280
1035300
1035310
1035320
1035410
1035430
1035470
1035490
1035500
1035510
1035530
1035550
1035560
1035570
1035600
1035610
1035660
1035690
1035700
1035730
1035750
1035760
1035770
1035780
1035790
1035800
1035830
1035840
1035850
1035860
1035880
1035890
1035900
1035920
1035930
1035950
1035960
1035990
1036000
1036030
1036080
1036120
1036190
1036200
1036210
1036240
1036260
1036270
1036310
1036330
1036370
1036400
1036430
1036440
1036460
1036490
1036530
1036550
1036570
1036580
1036600
1036620
1036660
1036700
1036740
1036750
1036780
1036800
1036820
1036840
1036850
1036870
1036890
1036900
1036910
1036920
1036930
1036950
1036960
1036980
1036990
1037000
1037010
1037020
1037080
1037090
1037100
1037120
1037130
1037140
1037150
1037190
1037240
1037250
1037260
1037270
1037330
1037340
1037350
1037380
1037410
1037420
1037430
1037460
1037470
1037560
1037590
1037600
1037690
1037750
1037760
1037810
1037820
1037830
1037840
1037850
1037900
1037910
1037930
1037940
1037950
1037960
1037970
1037980
1037990
1038070
1038080
1038100
1038110
1038120
1038250
1038280
1038300
1038370
1038380
1038430
1038440
1038450
1038620
1038630
1038640
1038650
1038670
1038680
1038690
1038740
1038810
1038820
1038830
1038850
1039040
1039060
1039080
1039100
1039180
1039200
1039220
1039280
1039290
1039310
1039320
1039330
1039350
1039360
1039370
1039380
1039400
1039430
1039440
1039470
1039550
1039560
1039570
1039590
1039650
1039800
1039830
1039860
1039880
1039890
1039910
1039940
1039960
1039970
1040000
1040070
1040080
1040190
1040200
1040230
1040240
1040250
1040260
1040310
1040370
1040390
1040420
1040430
1040460
1040480
1040490
1040510
1040550
1040590
1040610
1040630
1040720
1040730
1040740
1040750
1040810
1040820
1040860
1040890
1040900
1040910
1041020
1041050
1041060
1041100
1041120
1041130
1041160
1041210
1041270
1041320
1041330
1041390
1041450
1041470
1041500
1041520
1041560
1041630
1041650
1041660
1041670
1041690
1041710
1041720
1041760
1041780
1041840
1041910
1041920
1041940
1042000
1042010
1042020
1042030
1042080
1042090
1042100
1042110
1042130
1042150
1042160
1042170
1042210
1042230
1042290
1042310
1042320
1042330
1042350
1042380
1042460
1042490
1042500
1042530
1042550
1042560
1042570
1042590
1042600
1042620
1042670
1042750
1042780
1042800
1042820
1042860
1042910
1042920
1042930
1042960
1042980
1042990
1043000
1043020
1043030
1043040
1043060
1043110
1043120
1043140
1043150
1043160
1043180
1043200
1043230
1043240
1043260
1043340
1043350
1043360
1043370
1043380
1043390
1043430
1043440
1043450
1043460
1043470
1043480
1043500
1043510
1043520
1043560
1043580
1043590
1043610
1043690
1043710
1043760
1043780
1043790
1043800
1043810
1043850
1043860
1043870
1044010
1044020
1044040
1044060
1044070
1044080
1044090
1044110
1044120
1044130
1044170
1044180
1044210
1044220
1044300
1044330
1044340
1044350
1044410
1044450
1044460
1044470
1044480
1044490
1044520
1044620
1044630
1044640
1044690
1044700
1044720
1044730
1044740
1044750
1044760
1044770
1044790
1044800
1044820
1044840
1044870
1044900
1044920
1044930
1044950
1044980
1045010
1045020
1045060
1045070
1045080
1045110
1045120
1045130
1045140
1045150
1045180
1045220
1045270
1045280
1045300
1045340
1045350
1045390
1045430
1045510
1045520
1045580
1045590
1045610
1045620
1045650
1045670
1045720
1045730
1045740
1048420
1045840
1045850
1045900
1045920
1045930
1046030
1046040
1046060
1046070
1046110
1046150
1046210
1046230
1046240
1046300
1046350
1046370
1046400
1046410
1046470
1046530
1046560
1046570
1046590
1046600
1046630
1046650
1046660
1046670
1046700
1046740
1046750
1046760
1046790
1046820
1046830
1046920
1046930
1046970
1046980
1047010
1047020
1047090
1047110
1047120
1047140
1047160
1047170
1047190
1047220
1047240
1047320
1047340
1047350
1047380
1047430
1047440
1047470
1047480
1047490
1047560
1047580
1047600
1047610
1047620
1047660
1047680
1047720
1047730
1047780
1047800
1047810
1047830
1047840
1047850
1047860
1047870
1047910
1047920
1047930
1047950
1047960
1048000
1048020
1048040
1048080
1048090
1048100
1048120
1048160
1048250
1048260
1048270
1048280
1048300
1048350
1048370
1048410
1048420
