2547030
2547090
2547120
2547140
2547150
2547180
2547190
2547200
2547210
2547240
2547260
2547280
2547320
2547330
2547400
2547410
2547430
2547440
2547510
2547570
2547590
2547610
2547620
2547670
2547710
2547730
2547740
2547750
2547760
2547810
2547830
2547860
2547890
2547930
2547940
2547960
2547980
2548000
2548010
2548050
2548070
2548140
2548160
2548180
2548200
2548250
2548260
2548270
2548280
2548330
2548360
2548370
2548390
2548400
2548410
2548440
2548500
2548530
2548580
2548590
2548640
2548650
2548670
2548680
2548720
2548770
2548780
2548800
2548810
2548820
2548830
2548880
2548910
2548920
2548940
2548950
2549000
2549020
2549030
2549040
2549080
2549100
2549150
2549160
2549190
2549200
2549240
2549250
2549260
2549270
2549350
2549380
2549390
2549440
2549480
2549490
2549520
2549540
2549550
2549580
2549600
2549620
2549630
2549650
2549660
2549680
2549700
2549720
2549750
2549760
2549780
2549820
2549870
2549880
2549900
2549910
2549930
2549940
2549950
2549960
2549980
2550020
2550030
2550040
2550100
2550120
2550140
2550170
2550230
2550240
2550270
2550290
2550300
2550320
2550330
2550340
2550350
2550370
2550410
2550420
2550440
2550460
2550470
2550480
2550530
2550630
2550660
2550690
2550700
2550720
2550730
2550740
2550790
2550840
2550860
2550910
2550930
2550980
2550990
2551010
2551020
2551030
2551050
2551070
2551110
2551170
2551200
2551210
2551240
2551250
2551260
2551280
2551290
2551300
2551380
2551430
2551440
2551500
2551550
2551570
2551590
2551660
2551690
2551700
2551720
2551730
2551740
2551750
2551780
2551790
2551810
2551820
2551830
2551840
2551850
2551860
2551870
2551920
2551940
2551970
2551980
2552100
2552130
2552170
2552190
2552200
2552230
2552240
2552260
2552290
2552310
2552340
2552370
2552410
2552420
2552430
2552440
2552450
2552560
2552570
2552600
2552610
2552660
2552680
2552740
2552750
2552770
2552820
2552850
2552900
2553040
2553050
2553080
2553150
2553160
2553180
2553210
2553220
2553240
2553250
2553260
2553270
2553290
2553320
2553330
2553340
2553350
2553360
2553390
2553410
2553420
2553440
2553470
2553480
2553510
2553530
2553560
2553580
2553590
2553600
2553640
2553660
2553690
2553700
2553710
2553720
2553750
2553780
2553790
2553800
2553830
2553840
2553860
2553870
2553880
2553890
2553910
2553920
2553930
2553960
2554670
2554690
2554740
2554770
2554780
2554790
2554800
2554820
2554880
2554930
2554950
2554960
2554970
2554980
2555000
2555010
2555030
2555040
2555060
2555090
2555120
2555160
2555220
2555230
2555260
2555270
2555300
2555320
2555350
2555390
2555430
2555440
2555460
2555470
2555480
2555570
2555580
2555690
2555710
2555760
2555780
2555830
2555840
2555850
2555900
2555910
2555920
2555930
2555940
2555950
2555970
2555980
2556000
2556010
2556030
2556040
2556050
2556060
2556080
2556090
2556100
2556160
2556180
2556210
2556240
2556280
2556450
2556470
2556480
2556490
2556540
2556620
2556630
2556670
2556690
2556730
2556740
2556750
2556810
2556830
2556870
2556930
2556940
2556950
2556990
2557020
2557080
2557330
2557370
2557430
2557440
2557460
2557470
2557480
2557490
2557510
2557520
2557580
2557630
2557640
2557660
2557700
2557720
2557730
2557740
2557750
2557770
2557790
2557860
2557870
2557880
2557890
2557900
2557940
2557950
2558020
2558050
2558060
2558070
2558090
2558110
2558120
2558150
2558200
2558240
2558250
2558260
2558290
2558300
2558320
2558330
2558350
2558360
2558390
2558420
2558440
2558480
2558500
2558510
2558520
2558560
2558570
2558580
2558620
2558630
2558650
2558660
2558670
2558680
2558690
2558730
2558750
2558800
2558820
2558830
2558880
2558930
2558940
2558970
2558980
2559020
2559050
2559060
2559070
2559110
2559140
2559170
2559220
2559250
2559270
2559280
2559290
2559340
2559350
2559360
2559370
2559400
2559420
2559450
2559470
2559500
2559510
2559520
2559530
2559540
2559550
2559600
2559630
2559640
2559690
2559710
2559740
2559760
2559780
2559790
2559810
2559820
2559840
2559860
2559870
2559880
2559900
2559930
2559950
2559960
2559980
2559990
2560020
2560040
2560050
2560060
2560090
2560100
2560110
2560120
2560210
2560220
2560240
2560250
2560260
2560280
2560320
2560330
2560340
2560360
2560380
2560390
2560460
2560480
2560490
2560500
2560510
2560520
2560530
2560540
2560590
2560620
2560640
2560650
2560660
2560670
2560680
2560690
2560720
2560730
2560740
2560750
2560790
2560820
2560830
2560850
2560870
2560910
2560940
2560950
2560960
2561020
2561050
2561080
2561090
2561120
2561140
2561180
2561190
2561200
2561210
2561220
2561230
2561260
2561270
2561280
2561310
2561330
2561340
2561360
2561370
2561380
2561390
2561460
2561470
2561480
2561500
2561530
2561580
2561610
2561630
2561650
2561660
2561680
2561710
2561720
2561730
2561770
2561780
2561810
2561860
2561870
2561920
2561970
2561980
2562000
2562010
2562020
2562040
2562100
2562130
2562210
2562240
2562280
2562290
2562300
2562310
2562350
2562360
2562380
2562390
2562410
2562430
2562450
2562460
2562470
2562510
2562540
2562550
2562580
2562590
2562610
2562620
2562670
2562710
2562730
2562810
2562870
2562900
2562910
2562980
2563010
2563030
2563050
2563090
2563120
2563130
2563140
2563160
2563180
2563230
2563250
2563300
2563310
2563340
2563350
2563360
2563400
2563410
2563430
2563440
2563460
2563470
2563480
2563490
2563540
2563550
2563570
2563580
2563690
2563740
2563760
2563770
2563780
2563790
2563800
2563820
2563850
2563880
2563920
2563930
2563960
2563980
2564020
2564040
2564050
2564070
2564080
2564090
2564100
2564120
2564140
2564200
2564240
2564260
2564320
2564330
2564340
2564370
2564410
2564440
2564450
2564460
2564480
2564520
2564550
2564560
2564590
2564600
2564630
2564660
2564680
2564700
2564720
2564740
2564770
2564810
2564820
2564850
2564860
2564870
2564880
2564910
2564920
2564940
2564950
2564960
2564970
2565000
2565010
2565180
2565190
2565200
2565210
2565260
2565310
2565320
2565340
2565350
2565440
2565450
2565460
2565470
2565490
2565520
2565550
2565560
2565590
2565600
2565650
2565730
2565960
2566020
2566030
2566090
2566130
2566140
2566150
2566160
2566190
2566200
2566210
2566230
2566240
2566260
2566270
2566310
2566320
2566340
2566350
2566360
2566370
2566380
2566430
2566440
2566450
2566470
2566480
2566490
2566510
2566520
2566580
2566620
2566650
2566700
2566730
2566830
2566840
2566870
2566880
2566970
2567040
2567050
2567060
2567070
2567090
2567170
2567190
2567200
2567210
2567230
2567260
2567290
2567300
2567320
2567340
2567360
2567380
2567390
2567410
2567430
2567480
2567490
2567510
2567520
2567530
2567550
2567590
2567600
2567620
2567630
2567670
2567680
2567700
2567710
2567730
2567750
2567760
2567770
2567780
2567790
2567800
2567810
2567820
2567870
2567880
2567910
2567920
2567930
2567950
2567970
2568000
2568040
2568050
2568060
2568390
2568410
2568460
2568480
2568510
2568520
2568540
2568560
2568600
2568610
2568620
2568640
2568650
2568690
2568700
2568710
2568730
2568760
2568780
2568800
2568810
2568860
2568870
2568880
2568890
2568910
2568930
2568960
2568990
2569030
2569060
2569090
2569130
2569170
2569220
2569240
2569280
2569310
2569320
2569330
2569390
2569410
2569430
2569440
2569460
2569470
2569500
2569510
2569520
2569560
2569570
2569580
2569590
2569600
2569610
2569620
2569650
2569660
2569670
2569680
2569710
2569760
2569780
2569820
2569830
2569840
2569850
2569870
2569890
2569910
2569930
2569980
2570040
2570080
2570110
2570130
2570140
2570150
2570160
2570200
2570210
2570280
2570300
2570370
2570380
2570390
2570410
2570430
2570450
2570580
2570630
2570640
2570690
2570710
2570720
2570740
2570810
2570830
2570850
2570870
2570880
2570900
2570950
2570980
2571120
2571140
2571160
2571170
2571180
2571200
2571240
2571270
2571280
2571290
2571310
2571330
2571350
2571400
2571410
2571420
2571490
2571500
2571540
2571550
2571560
2571580
2571600
2571610
2571650
2571670
2571720
2571730
2571780
2571800
2571810
2571840
2571880
2571900
2572040
2572060
2572100
2572130
2572150
2572260
2572280
2572300
2572310
2572320
2572330
2572340
2572360
2572400
2572540
2572560
2572590
2572600
2572620
2572630
2572670
2572690
2572820
2572860
2572870
2572930
2572990
2573000
2573010
2573030
2573040
2573050
2573060
2573100
2573150
2573170
2573190
2573200
2573230
2573240
2573260
2573320
2573350
2573420
2573440
2573470
2573490
2573530
2573540
2573610
2573620
2573640
2573650
2573670
2573770
2573840
2573860
2573910
2573930
2573940
2573950
2573960
2573980
2573990
2574000
2574010
2574020
2574030
2574040
2574120
2574190
2574260
2574270
2574340
2574350
2574360
2574370
2574420
2574430
2574460
2574470
2574520
2574550
2574590
2574640
2574650
2574690
2574760
2574800
2574820
2574840
2574850
2574870
2574970
2575040
2575060
2575070
2575100
2575110
2575120
2575140
2575150
2575230
2575290
2575350
2575360
2575370
2575390
2575440
2575510
2575530
2575550
2575750
2575780
2575790
2575800
2575840
2575850
2575860
2575870
2575900
2575940
2575960
2575970
2576000
2576040
2576130
2576150
2576160
2576170
2576190
2576200
2576250
2576280
2576290
2576320
2576350
2576410
2576430
2576440
2576460
2576470
2576480
2576510
2576550
2576560
2576580
2576600
2576640
2576700
2576710
2576870
2576880
2576990
2577010
2577020
2577080
2577110
2577140
2577150
2577160
2577180
2577250
2577290
2577320
2577330
2577380
2577390
2577400
2577420
2577430
2577490
2577500
2577510
2577520
2577550
2577660
2577690
2577730
2577760
2577770
2577780
2577850
2577860
2577890
2577900
2577910
2577980
2578010
2578040
2578050
2578060
2578110
2578130
2578140
2578160
2578180
2578190
2578220
2578240
2578250
2578270
2578280
2578290
2578300
2578340
2578360
2578400
2578420
2578430
2578460
2578480
2578510
2578630
2578640
2578650
2578670
2578680
2578690
2578700
2578710
2578740
2578750
2578760
2578790
2578800
2578810
2578820
2578830
2578860
2578880
2578900
2578910
2578920
2578940
2578950
2578960
2578980
2579000
2579020
2579070
2579110
2579180
2579270
2579280
2579380
2579430
2579440
2579470
2579480
2579490
2579510
2579540
2579550
2579570
2579600
2579620
2579680
2579710
2579730
2579740
2579820
2579840
2579860
2579870
2579880
2579890
2579950
2579960
2579970
2580000
2580010
2580020
2580040
2580100
2580130
2580160
2580170
2580180
2580210
2580280
2580290
2580310
2580340
2580370
2580380
2580390
2581020
2581030
2581040
2581050
2581080
2581100
2581110
2581120
2581160
2581180
2581200
2581210
2581240
2581290
2581310
2581350
2581360
2581370
2581380
2581410
2581450
2581510
2581530
2581540
2581560
2581570
2581590
2581600
2581610
2581620
2581630
2581690
2581700
2581750
2581810
2581910
2581950
2581960
2581980
2582100
2582130
2582140
2582180
2582220
2582240
2582250
2582260
2582300
2582310
2582320
2582340
2582350
2582380
2582390
2582400
2582410
2582420
2582450
2582460
2582470
2582480
2582500
2582530
2582540
2582560
2582620
2582650
2582660
2582710
2582730
2582740
2582750
2582780
2582810
2582880
2582890
2582900
2582940
2582960
2583000
2583030
2583280
2583300
2583320
2583330
2583340
2583370
2583380
2583430
2583460
2583500
2583530
2583540
2583550
2583570
2583580
2583590
2583620
2583630
2583640
2583660
2583680
2583690
2583730
2583760
2583830
2583880
2583890
2583920
2583930
2583940
2583950
2583960
2583970
2584050
2584160
2584180
2584250
2584260
2584270
2584280
2584290
2584310
2584340
2584370
2584380
2584390
2584400
2584420
2584450
2584470
2584480
2584510
2584520
2584530
2584550
2584570
2584590
2584620
2584630
2584650
2584680
2584700
2584710
2584740
2584800
2584810
2584850
2584860
2584880
2584970
2584990
2585020
2585040
2585050
2585110
2585160
2585180
2585250
2585260
2585270
2585280
2585380
2585390
2585410
2585430
2585480
2585490
2585530
2585560
2585570
2585580
2585660
2585700
2585710
2585720
2585830
2585840
2585860
2585890
2585900
2585970
2586000
2586040
2586090
2586110
2586140
2586150
2586160
2586170
2586240
2586250
2586270
2586310
2586330
2586430
2586440
2586470
2586500
2586530
2586540
2586560
2586570
2586630
2586640
2586670
2586680
2586710
2586720
2586740
2586790
2586820
2586890
2586900
2586970
2587010
2587030
2587040
2587050
2587060
2587130
2587170
2587190
2587210
2587230
2587240
2587250
2587260
2587280
2587310
2587320
2587340
2587360
2587370
2587380
2587390
2587400
2587450
2587500
2587510
2587590
2587620
2587630
2587670
2587680
2587690
2587770
2587780
2587790
2587810
2587830
2587840
2587850
2587870
2587890
2587900
2587920
2587930
2587940
2587950
2587960
2587980
2588090
2588160
2588170
2588180
2588190
2588200
2588210
2588220
2588230
2588240
2588260
2588280
2588390
2588400
2588430
2588480
2588500
2588540
2588550
2588560
2588580
2588590
2588610
2588690
2588700
2588740
2588750
2588760
2588770
2588780
2588790
2588800
2588820
2588830
2588860
2588890
2588940
2588960
2588990
2589050
2589060
2589070
2589080
2589100
2589110
2589120
2589130
2589140
2589150
2589160
2589180
2589190
2589200
2589290
2589320
2589340
2589350
2589360
2589370
2589400
2589410
2589420
2589440
2589450
2589470
2589480
2589490
2589500
2589510
2589540
2589550
2589630
2589650
2589670
2589710
2589730
2589810
2589820
2589840
2589880
2589900
2589910
2589930
2589960
2589970
2589980
2589990
2590010
2590020
2590040
2590050
2590070
2590080
2590110
2590150
2590160
2590180
2590190
2590210
2590220
2590240
2590250
2590300
2590330
2590370
2590410
2590430
2590460
2590490
2590530
2590550
2590560
2590580
2590600
2590630
2590670
2590690
2590700
2590710
2590720
2590730
2590740
2590750
2590770
2590790
2590810
2590820
2590830
2590860
2590910
2590920
2590940
2590990
2591010
2591020
2591030
2591060
2591070
2591090
2591110
2591130
2591150
2591170
2591190
2591210
2591230
2591250
2591270
2591280
2591290
2591310
2591360
2591370
2591380
2591410
2591420
2591470
2591500
2591520
2591570
2591580
2591610
2591630
2591670
2591710
2591790
2591800
2591810
2591840
2591880
2591900
2591910
2591930
2591950
2591960
2591970
2591990
2592000
2592030
2592040
2592060
2592070
2592160
2592190
2592220
2592230
2592320
2592330
2592340
2592470
2592550
2592560
2592710
2592940
2593030
2593070
2593080
2593090
2593130
2593140
2593150
2593320
2593340
2593370
2593380
2593390
2593400
2593410
2593420
2593440
2593450
2593510
2593570
2593580
2593640
2593650
2593660
2593680
2593710
2593740
2593760
2593770
2593780
2593790
2593810
2593830
2593850
2593870
2593900
2593940
2593960
2593970
2593980
2594020
2594110
2594180
2594200
2594280
2594290
2594310
2594350
2594400
2594420
2594430
2594470
2594480
2594490
2594520
2594540
2594560
2594580
2594600
2594610
2594630
2594640
2594690
2594720
2594730
2594740
2594810
2594860
2594870
2594940
2594970
2594980
2595000
2595020
2595030
2595040
2595080
2595090
2595100
2595110
2595120
2595140
2595160
2595170
2595210
2595220
2595230
2595260
2595280
2595290
2595300
2595330
2595370
2595380
2595410
2595420
2595430
2595470
2595480
2595530
2595540
2595640
2595700
2595770
2595780
2595850
2595860
2595880
2595900
2595930
2595940
2595960
2595970
2596030
2596100
2596110
2596190
2596200
2596240
2596250
2596280
2596300
2596330
2596420
2596460
2596470
2596480
2596530
2596630
2596650
2596670
2596710
2596720
2596750
2596760
2596800
2596830
2596840
2596860
2596890
2596930
2596940
2597020
2597040
2597050
2597060
2597080
2597110
2597130
2597140
2597180
2597190
2597200
2597210
2597220
2597260
2597280
2597290
2597300
2597330
2597340
2597350
2597360
2597370
2597380
2597400
2597420
2597430
2597450
2597460
2597470
2597480
2597500
2597520
2597560
2597570
2597580
2597590
2597600
2597610
2597620
2597640
2597650
2597660
2597710
2597810
2597870
2597880
2597900
2597970
2598020
2598030
2598050
2598070
2598080
2598090
2598110
2598120
2598190
2598210
2598290
2598300
2598310
2598320
2598340
2598410
2598450
2598480
2598490
2598500
2598560
2598580
2598610
2598620
2598630
2598660
2598670
2598690
2598700
2598730
2598770
2598800
2598860
2598870
2598880
2598890
2598910
2598920
2598930
2598940
2598950
2598960
2598970
2598980
2598990
2599000
2599010
2599040
2599050
2599060
2599070
2599080
2599130
2599150
2599170
2599180
2599210
2599220
2599260
2599270
2599290
2599300
2599310
2599320
2599360
2599370
2599420
2599440
2599450
2599480
2599500
2599530
2599540
2599550
2599560
2599580
2599620
2599630
2599640
2599680
2599690
2599700
2599770
2599780
2599800
2599880
2599890
2599900
2599920
2599930
2599950
2599960
2600000
2600040
2600050
2600070
2600110
2600140
2600150
2600170
2600180
2600190
2600230
2600240
2600260
2600290
2600440
2600470
2600480
2600500
2600570
2600580
2600600
2600620
2600640
2600660
2600670
2600700
2600720
2600730
2600770
2600790
2600810
2600820
2600830
2600850
2600900
2600920
2600960
2600970
2601000
2601010
2601030
2601100
2601110
2601120
2601140
2601150
2601170
2601190
2601230
2601240
2601320
2601340
2601390
2601420
2601430
2601450
2601510
2601530
2601540
2601580
2601610
2601630
2601640
2601660
2601690
2601700
2601730
2601740
2601750
2601790
2601810
2601820
2601840
2601850
2601870
2601920
2601940
2601980
2602000
2602010
2602020
2602030
2602040
2602050
2602070
2602080
2602100
2602110
2602120
2602200
2602210
2602220
2602230
2602270
2602290
2602300
2602310
2602350
2602380
2602410
2602430
2602450
2602500
2602510
2602530
2602540
2602550
2602570
2602700
2602710
2602760
2602770
2602780
2602790
2602810
2602820
2602830
2602890
2602910
2602970
2603000
2603020
2603030
2603040
2603110
2603120
2603130
2603190
2603210
2603230
2603260
2603280
2603290
2603300
2603350
2603380
2603400
2603410
2603420
2603430
2603450
2603480
2603490
2603550
2603560
2603590
2603630
2603650
2603680
2603740
2603750
2603760
2603770
2603800
2603830
2603850
2603860
2603880
2603890
2603910
2603930
2604030
2604210
2604220
2604230
2604240
2604300
2604310
2604320
2604390
2604410
2604450
2604480
2604490
2604580
2604600
2604660
2604670
2604690
2604760
2604780
2604800
2604820
2604850
2604880
2604920
2604930
2604970
2604980
2605040
2605100
2605110
2605140
2605160
2605210
2605260
2605290
2605330
2605340
2605350
2605410
2605430
2605490
2605500
2605530
2605560
2605600
2605640
2605670
2605680
2605690
2605700
2605710
2605720
2605780
2605790
2605860
2605870
2605880
2605900
2605940
2605970
2605990
2606190
2606200
2606210
2606240
2606270
2606290
2606300
2606310
2606330
2606340
2606550
2606560
2606590
2606610
2606630
2606690
2606700
2606760
2606790
2606800
2606810
2606820
2606850
2606880
2606920
2607050
2607060
2607080
2607090
2607120
2607150
2607160
2607180
2607190
2607200
2607220
2607230
2607260
2607280
2607310
2607320
2607330
2607360
2607420
2607430
2607470
2607480
2607510
2607540
2607550
2607570
2607610
2607620
2607640
2607710
2607730
2607760
2607780
2607790
2607870
2607880
2607900
2607910
2607920
2607950
2607960
2607970
2607990
2608040
2608050
2608060
2608090
2608100
2608120
2608140
2608200
2608210
2608250
2608260
2608270
2608290
2608300
2608310
2608350
2608400
2608410
2608420
2608440
2608450
2608460
2608470
2608510
2608550
2608560
2608570
2608600
2608610
2608620
2608630
2608660
2608680
2608890
2608900
2608910
2608930
2608940
2609000
2609030
2609040
2609070
2609080
2609120
2609130
2609150
2609200
2609210
2609240
2609270
2609280
2609290
2609310
2609320
2609350
2609380
2609390
2609400
2609410
2609420
2609430
2609460
2609490
2609500
2609540
2609550
2609560
2609570
2609610
2609640
2609650
2609670
2609680
2609720
2609730
2609750
2609760
2609800
2609810
2609860
2609870
2609880
2609910
2609920
2609940
2610000
2610020
2610030
2610040
2610050
2610080
2610090
2610200
2610210
2610220
2610230
2610250
2610280
2610290
2610320
2610370
2610390
2610440
2610470
2610480
2610500
2610540
2610550
2610580
2610630
2610640
2610650
2610690
2610710
2610720
2610770
2610810
2610830
2610840
2610850
2610860
2610880
2610910
2610920
2610960
2610970
2611010
2611040
2611060
2611110
2611140
2611170
2611190
2611200
2611240
2611280
2611370
2611410
2611440
2611550
2611580
2611590
2611600
2611620
2611630
2611710
2611750
2611780
2611800
2611820
2611860
2611890
2611920
2611940
2612220
2612230
2612270
2612320
2612370
2612380
2612390
2612410
2612420
2612430
2612530
2612540
2612580
2612620
2612660
2612670
2612680
2612690
2612700
2612720
2612730
2612750
2612780
2612800
2612830
2612870
2612960
2612970
2613010
2613050
2613060
2613070
2613110
2613120
2613130
2613150
2613230
2613250
2613370
2613420
2613480
2613510
2613530
2613550
2613580
2613610
2613640
2613720
2613730
2613780
2613800
2613830
2613850
2613870
2613890
2613900
2613930
2613940
2613950
2613960
2613990
2614000
2614070
2614090
2614100
2614150
2614200
2614210
2614220
2614230
2614240
2614270
2614280
2614320
2614330
2614360
2614370
2614380
2614460
2614480
2614490
2614510
2614530
2614540
2614550
2614580
2614590
2614640
2614670
2614690
2614700
2614790
2614800
2614820
2614830
2614840
2614910
2614930
2614970
2614980
2615000
2615010
2615030
2615040
2615100
2615120
2615130
2615150
2615180
2615200
2615230
2615260
2615290
2615300
2615310
2615330
2615380
2615390
2615410
2615430
2615440
2615510
2615530
2615540
2615570
2615630
2615660
2615670
2615750
2615770
2615810
2615870
2615880
2615940
2616040
2616050
2616060
2616090
2616100
2616130
2616140
2616170
2616200
2616230
2616270
2616320
2616420
2616430
2616450
2616460
2616480
2616490
2616540
2616550
2616570
2616590
2616630
2616650
2616670
2616680
2616720
2616740
2616750
2616760
2616800
2616810
2616890
2616900
2617030
2617090
2617110
2617140
2617150
2617170
2617190
2617210
2617300
2617340
2617350
2617360
2617400
2617430
2617470
2617700
2617740
2617760
2617800
2617820
2617830
2617870
2617930
2617970
2618050
2618060
2618090
2618100
2618110
2618130
2618140
2618160
2618170
2618180
2618190
2618260
2618350
2618350
2618360
2618370
2618380
2618390
2618420
2618500
2618540
2618620
2618630
2618640
2618660
2618670
2618690
2618710
2618800
2618830
2618840
2618850
2618880
2618890
2618920
2618940
2618990
2619000
2619020
2619030
2619040
2619090
2619110
2619120
2619170
2619180
2619200
2619210
2619220
2619240
2619250
2619270
2619280
2619300
2619350
2619400
2619440
2619450
2619480
2619490
2619510
2619520
2619570
2619610
2619620
2619630
2619640
2619650
2619660
2619720
2619750
2619790
2619860
2619900
2619940
2619950
2619970
2619990
2620000
2620020
2620110
2620120
2620140
2620200
2620210
2620220
2620240
2620290
2620300
2620330
2620340
2620380
2620420
2620440
2620450
2620460
2620500
2620530
2620540
2620550
2620590
2620610
2620630
2620640
2620690
2620730
2620750
2620780
2620870
2620930
2620940
2620950
2621030
2621040
2621080
2621140
2621150
2621160
2621220
2621260
2621270
2621280
2621330
2621350
2621380
2621400
2621410
2621420
2621430
2621440
2621460
2621470
2621540
2621570
2621640
2621650
2621670
2621690
2621760
2621770
2621790
2621820
2621830
2621850
2621860
2621900
2621930
2621950
2621960
2621980
2622000
2622030
2622100
2622110
2622170
2622180
2622200
2622220
2622230
2622240
2622260
2622280
2622290
2622300
2622330
2622350
2622380
2622390
2622400
2622450
2622460
2622500
2622540
2622580
2622630
2622660
2622690
2622730
2622740
2622750
2622770
2622780
2622810
2622820
2622850
2622860
2622880
2622940
2622970
2623040
2623050
2623080
2623090
2623100
2623150
2623190
2623260
2623270
2623340
2623370
2623390
2623400
2623430
2623530
2623540
2623560
2623570
2623580
2623630
2623650
2623680
2623690
2623700
2623730
2623750
2623970
2623980
2624020
2624060
2624080
2624090
2624100
2624120
2624180
2624230
2624280
2624320
2624360
2624370
2624400
2624410
2624510
2624560
2624580
2624610
2624660
2624670
2624690
2624720
2624730
2624740
2624750
2624760
2624790
2624870
2624950
2624980
2624990
2625000
2625010
2625030
2625040
2625170
2625300
2625330
2625340
2625350
2625380
2625390
2625420
2625430
2625450
2625470
2625480
2625510
2625550
2625600
2625620
2625650
2625680
2625700
2625860
2625880
2625900
2625930
2625950
2625960
2625970
2626030
2626050
2626070
2626080
2626090
2626100
2626120
2626140
2626180
2626200
2626210
2626240
2626360
2626380
2626410
2626430
2626450
2626510
2626530
2626560
2626570
2626600
2626660
2626680
2626690
2626710
2626720
2626740
2626760
2626770
2626780
2626830
2626840
2626860
2626870
2626890
2626910
2626920
2626940
2626960
2626970
2627030
2627040
2627070
2627150
2627200
2627210
2627240
2627260
2627270
2627280
2627340
2627350
2627370
2627380
2627390
2627410
2627420
2627480
2627500
2627540
2627550
2627570
2627580
2627590
2627600
2627630
2627640
2627660
2627680
2627690
2627700
2627710
2627720
2627740
2627770
2627780
2628010
2628050
2628060
2628070
2628080
2628100
2628130
2628180
2628190
2628220
2628230
2628370
2628390
2628400
2628420
2628450
2628460
2628470
2628490
2628530
2628560
2628570
2628600
2628680
2628710
2628720
2628740
2628800
2628850
2628870
2628880
2628900
2628930
2628950
2628960
2629010
2629030
2629050
2629070
2629120
2629130
2629170
2629180
2629190
2629200
2629230
2629260
2629270
2629280
2629310
2629320
2629330
2629340
2629350
2629370
2629410
2629420
2629430
2629470
2629530
2629550
2629560
2629610
2629630
2629640
2629650
2629660
2629670
2629680
2629710
2629790
2629860
2630000
2630020
2630030
2630080
2630100
2630140
2630160
2630210
2630220
2630250
2630260
2630300
2630310
2630350
2630370
2630380
2630400
2630410
2630420
2630430
2630500
2630520
2630690
2630700
2630760
2630770
2630810
2630820
2630850
2630860
2630870
2630900
2630920
2630930
2630970
2630980
2631010
2631020
2631050
2631060
2631080
2631100
2631130
2631140
2631150
2631170
2631180
2631210
2631220
2631240
2631250
2631270
2631300
2631330
2631350
2631380
2631390
2631400
2631450
2631460
2631480
2631490
2631500
2631520
2631570
2631580
2631610
2631630
2631650
2631710
2631800
2631810
2631870
2631880
2631890
2631910
2631920
2631960
2631990
2632020
2632070
2632080
2632120
2632140
2632160
2632180
2632190
2632240
2632360
2632450
2632480
2632490
2632500
2632510
2632550
2632570
2632620
2632630
2632650
2632660
2632680
2632690
2632720
2632800
2632840
2632890
2632920
2632930
2632940
2633050
2633080
2633100
2633110
2633150
2633170
2633180
2633200
2633210
2633230
2633280
2633300
2633320
2633330
2633350
2633400
2633410
2633440
2633460
2633480
2633490
2633500
2633510
2633540
2633550
2633560
2633630
2633640
2633650
2633690
2633760
2633810
2633830
2633860
2633880
2633890
2633940
2633950
2633960
2633970
2634000
2634030
2634070
2634140
2634210
2634300
2634320
2634330
2634350
2634370
2634380
2634420
2634470
2634510
2634560
2634610
2634630
2634700
2634710
2634760
2634770
2634820
2634850
2634860
2634870
2634890
2634940
2634950
2634960
2635030
2635050
2635070
2635080
2635120
2635170
2635260
2635290
2635320
2635340
2635350
2635360
2635380
2635390
2635450
2635460
2635480
2635490
2635500
2635510
2635530
2635580
2635620
2635640
2635670
2635680
2635690
2635700
2635720
2635730
2635740
2635750
2635790
2635820
2635850
2635910
2635930
2635950
2635980
2635990
2636000
2636020
2636030
2636060
2636110
2636200
2636260
2636300
2636310
2636320
2636340
2636350
2636370
2636380
2636390
2636410
2636420
2636430
2636450
2636460
2636480
2636490
2636510
2636530
2636560
2636570
2636630
2636670
2636710
2636760
2636790
2636800
2636830
2636890
2636910
2636930
2636950
2636980
2636990
2637020
2637050
2637070
2637080
2637100
2637110
2637150
2637160
2637170
2637180
2637190
2637210
2637220
2637870
2637890
2637900
2637940
2637950
2637960
2637990
2638010
2638040
2638050
2638070
2638080
2638100
2638130
2638140
2638150
2638180
2638210
2638240
2638250
2638290
2638340
2638350
2638370
2638430
2638500
2638560
2638570
2638610
2638670
2638680
2638690
2638790
2638830
2638870
2638880
2638890
2638900
2638910
2638980
2639000
2639030
2639050
2639100
2639120
2639140
2639150
2639270
2639280
2639330
2639350
2639360
2639380
2639410
2639420
2639430
2639440
2639450
2639460
2639480
2639500
2639550
2639580
2639590
2639600
2639610
2639620
2639630
2639660
2639680
2639700
2639770
2639780
2639790
2639810
2639840
2639850
2639860
2639870
2639880
2639910
2639930
2639940
2639950
2639980
2639990
2640000
2640030
2640040
2640050
2640090
2640100
2640130
2640150
2640170
2640200
2640230
2640240
2640250
2640300
2640310
2640360
2640370
2640380
2640390
2640400
2640420
2640520
2640560
2640570
2640580
2640600
2640630
2640640
2640650
2640660
2640710
2640720
2640750
2640760
2640800
2640810
2640820
2640880
2640910
2640920
2640930
2640940
2640950
2640980
2640990
2641000
2641030
2641040
2641050
2641060
2641070
2641090
2641170
2641180
2641230
2641310
2641340
2641360
2641420
2641430
2641450
2641460
2641480
2641490
2641500
2641510
2641530
2641550
2641590
2641610
2641630
2641680
2641710
2641720
2641730
2641740
2641800
2641810
2641830
2641880
2641890
2641910
2641930
2641980
2641990
2642020
2642030
2642040
2642050
2642070
2642080
2642090
2642100
2642110
2642120
2642170
2642220
2642230
2642310
2642330
2642370
2642390
2642460
2642480
2642500
2642510
2642520
2642530
2642550
2642570
2642600
2642620
2642640
2642700
2642720
2642740
2642760
2642780
2642810
2642820
2642830
2642840
2642850
2642860
2642870
2642890
2642920
2642930
2642940
2642950
2642970
2642980
2643000
2643010
2643080
2643090
2643210
2643290
2643300
2643310
2643330
2643340
2643360
2643390
2643420
2643430
2643470
2643480
2643520
2643560
2643620
2643630
2643700
2643810
2643830
2643850
2643880
2643910
2643920
2643930
2643960
2643970
2643990
2644000
2644010
2644020
2644030
2644040
2644050
2644070
2644080
2644090
2644100
2644110
2644120
2644130
2644140
2644170
2644210
2644220
2644230
2644240
2644250
2644260
2644280
2644300
2644320
2644330
2644340
2644360
2644400
2644440
2644470
2644480
2644490
2644500
2644520
2644550
2644560
2644590
2644610
2644620
2644670
2644680
2644700
2644710
2644730
2644750
2644770
2644820
2644840
2644850
2644910
2644960
2644970
2644990
2645000
2645010
2645030
2645040
2645060
2645070
2645080
2645090
2645100
2645110
2645150
2645170
2645180
2645190
2645200
2645220
2645230
2645250
2645260
2645280
2645340
2645350
2645390
2645490
2645510
2645580
2645590
2645600
2645610
2645650
2645670
2645690
2645700
2645730
2645740
2645770
2645780
2645800
2645830
2645950
2645970
2645990
2646000
2646010
2646020
2646050
2646060
2646070
2646120
2646160
2646170
2646180
2646200
2646240
2646250
2646260
2646270
2646280
2646300
2646320
2646350
2646360
2646370
2646440
2646450
2646460
2646480
2646500
2646510
2646560
2646590
2646610
2646620
2646630
2646650
2646660
2646690
2646700
2646710
2646720
2646740
2646760
2646810
2646840
2646870
2646970
2647030
2647050
2647060
2647090
2647100
2647120
2647230
2647300
2647500
2647510
2647560
2647580
2647680
2647780
2647800
2647820
2647840
2647870
2647880
2647900
2647920
2647960
2647980
2648050
2648060
2648070
2648080
2648130
2648150
2648210
2648260
2648300
2648310
2648360
2648370
2648390
2648420
2648440
2648510
2648550
2648560
2648580
2648590
2648600
2648610
2648620
2648640
2648650
2648660
2648670
2648720
2648790
2648830
2648840
2648870
2648880
2648890
2648900
2648920
2648940
2648970
2648980
2648990
2649000
2649040
2649080
2649090
2649120
2649130
2649170
2649190
2649220
2649280
2649290
2649320
2649380
2649460
2649470
2649480
2649490
2649500
2649520
2649780
2649790
2649800
2649820
2649830
2649860
2649890
2649910
2649920
2649940
2649960
2649970
2649990
2650010
2650020
2650030
2650040
2650080
2650110
2650150
2650190
2650200
2650240
2650280
2650290
2650320
2650340
2650350
2650360
2650390
2650400
2650450
2650490
2650510
2650520
2650570
2650580
2650590
2650600
2650610
2650630
2650680
2650710
2650730
2650750
2650780
2650790
2650800
2650830
2650840
2650850
2650890
2650950
2651050
2651060
2651070
2651090
2651100
2651110
2651130
2651170
2651190
2651220
2651280
2651290
2651310
2651320
2651350
2651410
2651420
2651430
2651440
2651450
2651460
2651470
2651480
2651490
2651500
2651510
2651520
2651530
2651540
2651550
2651560
2651570
2651580
2651590
2651630
2651650
2651760
2651780
2651800
2651810
2651830
2651850
2651860
2651910
2651950
2651980
2652000
2652030
2652040
2652050
2652060
2652110
2652120
2652160
2652180
2652330
2652430
2652440
2652460
2652480
2652500
2652570
2652590
2652600
2652630
2652650
2652660
2652670
2652680
2652690
2652710
2652720
2652740
2652750
2652820
2652870
2652910
2652930
2653020
2653050
2653060
2653080
2653090
2653110
2653120
2653170
2653210
2653240
2653250
2653260
2653300
2653330
2653360
2653380
2653390
2653410
2653460
2653470
2653480
2653490
2653500
2653530
2653580
2653640
2653670
2653720
2653790
2653810
2653830
2653850
2653860
2653870
2653880
2653890
2653910
2653920
2653960
2653970
2653990
2654010
2654030
2654040
2654070
2654120
2654160
2654210
2654220
2654240
2654280
2654290
2654350
2654360
2654420
2654430
2654450
2654470
2654490
2654510
2654520
2654530
2654540
2654570
2654580
2654590
2654640
2654670
2654680
2654690
2654700
2654710
2654740
2654860
2654910
2654930
2654940
2654950
2654960
2654970
2654980
2654990
2655010
2655020
2655030
2655040
2655080
2655120
2655130
2655150
2655190
2655220
2655230
2655340
2655390
2655470
2655480
2655490
2655520
2655570
2655580
2655590
2655600
2655610
2655620
2655630
2655650
2655660
2655670
2655710
2655720
2655740
2655760
2655770
2655790
2655800
2655810
2655820
2655840
2655870
2655880
2655890
2655910
2655920
2655930
2655960
2655970
2656040
2656150
2656180
2656220
2656230
2656280
2656310
2656350
2656360
2656400
2656410
2656420
2656440
2656450
2656460
2656490
2656510
2656520
2656540
2656560
2656570
2656580
2656590
2656600
2656610
2656640
2656650
2656690
2656710
2656740
2656800
2656830
2656930
2656980
2657010
2657030
2657120
2657130
2657140
2657160
2657180
2657210
2657220
2657230
2657240
2657260
2657270
2657290
2657300
2657310
2657320
2657360
2657430
2657480
2657510
2657540
2657570
2657580
2657600
2657610
2657620
2657670
2657710
2657720
2657730
2657750
2657780
2657810
2657840
2657850
2657860
2657890
2657900
2657930
2657940
2658010
2658020
2658030
2658040
2658080
2658090
2658120
2658130
2658140
2658160
2658180
2658230
2658250
2658260
2658290
2658330
2658410
2658430
2658450
2658470
2658490
2658510
2658550
2658560
2658580
2658590
2658600
2658620
2658640
2658650
2658660
2658680
2658690
2658720
2658740
2658770
2658780
2658810
2658820
2658830
2658840
2658920
2658950
2658960
2658980
2658990
2659020
2659040
2659050
2659110
2659150
2659170
2659190
2659200
2659230
2659250
2659340
2659470
2659480
2659500
2659530
2659580
2659600
2659610
2659650
2659660
2659670
2659690
2659700
2659710
2659720
2659730
2659750
2659760
2659780
2659790
2659800
2659830
2659840
2659850
2659860
2659870
2659880
2659900
2659910
2659960
2659970
2659980
2660050
2660100
2660110
2660120
2660130
2660170
2660180
2660230
2660240
2660250
2660260
2660300
2660320
2660330
2660370
2660390
2660400
2660410
2660420
2660440
2660460
2660500
2660510
2660570
2660600
2660610
2660630
2660640
2660650
2660700
2660710
2660750
2660760
2660810
2660830
2660840
2660850
2660860
2660870
2660880
2660930
2660950
2660970
2660980
2661040
2661060
2661120
2661130
2661140
2661160
2661200
2661210
2661220
2661260
2661290
2661300
2661310
2661330
2661360
2661400
2661410
2661420
2661430
2661470
2661490
2661500
2661510
2661520
2661530
2661540
2661550
2661620
2661630
2661640
2661690
2661700
2661720
2661730
2661750
2661770
2661780
2661850
2661880
2661890
2661900
2661930
2661940
2661950
2661960
2662070
2662080
2662190
2662200
2662270
2662280
2662310
2662330
2662450
2662550
2662590
2662630
2662730
2662740
2662780
2662810
2662830
2663110
2663120
2663140
2663150
2663170
2663200
2663210
2663260
2663270
2663300
2663310
2663350
2663360
2663450
2663510
2663520
2663530
2663570
2663600
2663620
2663670
2663680
2663710
2663720
2663780
2663790
2663800
2663830
2663840
2663850
2663890
2663910
2663950
2663960
2663970
2664050
2664120
2664130
2664160
2664190
2664200
2664260
2664280
2664300
2664330
2664370
2664400
2664460
2664470
2664540
2664560
2664600
2664650
2664670
2664680
2664700
2664720
2664760
2664770
2664810
2664820
2664850
2664880
2664890
2664900
2664910
2664920
2664930
2664950
2664960
2664970
2664990
2665010
2665020
2665030
2665040
2665090
2665100
2665110
2665120
2665130
2665150
2665170
2665180
2665210
2665250
2665370
2665380
2665400
2665450
2665460
2665490
2665500
2665530
2665550
2665570
2665590
2665630
2665640
2665660
2665680
2665690
2665930
2665940
2666000
2666020
2666060
2666080
2666160
2666200
2666220
2666230
2666250
2666260
2666270
2666290
2666330
2666350
2666360
2666370
2666390
2666410
2666440
2666490
2666510
2666520
2666530
2666550
2666570
2666580
2666590
2666610
2666680
2666750
2666840
2666870
2666920
2667000
2667010
2667020
2667030
2667050
2667080
2667100
2667120
2667130
2667140
2667160
2667220
2667240
2667260
2667270
2667290
2667360
2667370
2667380
2667410
2667430
2667480
2667500
2667540
2667560
2667580
2667590
2667660
2667680
2667690
2667740
2667750
2667760
2667790
2667820
2667830
2667840
2667850
2667880
2667950
2667970
2667980
2667990
2668000
2668020
2668030
2668050
2668070
2668080
2668090
2668100
2668110
2668130
2668150
2668160
2668170
2668180
2668200
2668210
2668230
2668240
2668300
2668320
2668330
2668430
2668440
2668450
2668460
2668500
2668510
2668530
2668540
2668580
2668600
2668610
2668620
2668630
2668640
2668660
2668670
2668710
2668730
2668740
2668760
2668770
2668780
2668800
2668810
2668840
2668860
2668870
2668910
2669000
2669010
2669030
2669040
2669060
2669080
2669100
2669150
2669160
2669180
2669200
2669210
2669220
2669240
2669250
2669270
2669300
2669320
2669330
2669380
2669390
2669410
2669440
2669450
2669470
2669480
2669500
2669510
2669520
2669540
2669550
2669560
2669580
2669590
2669600
2669610
2669620
2669640
2669660
2669680
2669710
2669720
2669730
2669770
2669780
2669820
2669830
2669850
2669860
2669910
2669930
2669950
2669960
2669970
2670250
2670260
2670280
2670340
2670360
2670370
2670400
2670430
2670460
2670470
2670520
2670550
2670580
2670630
2670670
2670700
2670720
2670730
2670740
2670770
2670780
2670800
2670810
2670830
2670860
2670890
2670900
2670920
2670940
2670960
2670980
2671010
2671020
2671050
2671090
2671110
2671180
2671200
2671210
2671230
2671270
2671300
2671310
2671320
2671350
2671440
2671450
2671460
2671480
2671550
2671590
2671600
2671610
2671700
2671710
2671720
2671730
2671740
2671760
2671770
2671780
2671790
2671800
2671820
2671880
2671970
2671980
2671990
2672020
2672030
2672050
2672060
2672070
2672080
2672090
2672110
2672130
2672170
2672230
2672260
2672290
2672300
2672350
2672430
2672470
2672500
2672510
2672520
2672550
2672620
2672640
2672660
2672680
2672700
2672740
2672760
2672770
2672780
2672790
2672840
2672850
2672860
2672880
2672900
2672970
2672980
2672990
2673000
2673010
2673020
2673060
2673160
2673170
2673210
2673240
2673260
2673310
2673330
2673340
2673370
2673380
2673430
2673440
2673450
2673480
2673490
2673530
2673560
2673570
2673590
2673660
2673670
2673690
2673700
2673720
2673730
2673750
2673760
2673790
2673800
2673830
2673860
2673870
2673890
2673910
2673940
2673950
2673990
2674040
2674060
2674070
2674080
2674120
2674140
2674190
2674200
2674230
2674240
2674270
2674280
2674290
2674300
2674310
2674340
2674370
2674420
2674480
2674500
2674510
2674550
2674580
2674590
2674640
2674650
2674670
2674680
2674740
2674760
2674870
2674930
2674970
2674990
2675270
2675290
2675300
2675330
2675370
2675390
2675400
2675410
2675420
2675600
2675610
2675620
2675630
2675640
2675650
2675660
2675690
2675700
2675820
2675850
2675900
2676000
2676010
2676030
2676040
2676080
2676100
2676110
2676140
2676150
2676160
2676180
2676190
2676210
2676220
2676270
2676290
2676340
2676390
2676410
2676440
2676450
2676460
2676470
2676520
2676540
2676580
2676700
2676750
2676760
2676790
2676810
2676820
2676840
2676850
2676920
2676930
2676940
2676950
2676960
2676970
2676980
2676990
2677000
2677040
2677140
2677150
2677210
2677220
2677230
2677240
2677280
2677310
2677350
2677360
2677370
2677400
2677460
2677480
2677490
2677620
2677640
2677650
2677660
2677670
2677680
2677690
2677720
2677790
2677800
2677830
2677850
2677890
2677910
2677920
2677930
2677940
2677950
2677960
2677970
2677980
2678050
2678060
2678070
2678080
2678130
2678140
2678160
2678230
2678280
2678290
2678300
2678330
2678360
2678410
2678440
2678450
2678460
2678480
2678560
2678590
2678640
2678660
2678670
2678700
2678710
2678750
2678760
2678790
2678800
2678820
2678830
2678860
2678880
2678910
2678940
2678950
2678960
2678970
2678990
2679000
2679040
2679060
2679070
2679100
2679130
2679140
2679200
2679210
2679220
2679230
2679260
2679270
2679310
2679320
2679340
2679350
2679380
2679430
2679460
2679500
2679520
2679590
2679600
2679610
2679620
2679640
2679650
2679660
2679690
2679710
2679730
2679740
2679760
2679780
2679790
2679830
2679840
2679850
2679860
2679870
2679880
2679960
2679980
2680010
2680030
2680040
2680050
2680060
2680080
2680100
2680140
2680190
2680200
2680250
2680280
2680310
2680330
2680370
2680380
2680390
2680410
2680420
2680440
2680510
2680520
2680550
2680610
2680670
2680680
2680700
2680770
2680800
2680810
2680830
2680840
2680870
2681030
2681050
2681060
2681100
2681110
2681120
2681180
2681220
2681230
2681240
2681260
2681270
2681290
2681310
2681330
2681340
2681350
2681490
2681500
2681530
2681560
2681570
2681580
2681590
2681640
2681650
2681660
2681730
2681740
2681760
2681770
2681870
2681890
2681920
2681930
2681940
2681950
2681980
2682120
2682200
2682210
2682220
2682260
2682270
2682300
2682370
2682380
2682460
2682470
2682480
2682490
2682510
2682540
2682550
2682570
2682580
2682600
2682630
2682650
2682680
2682690
2682800
2682810
2682820
2682850
2682860
2682900
2682910
2682950
2682960
2682980
2683030
2683040
2683060
2683100
2683110
2683150
2683170
2683180
2683200
2683210
2683250
2683320
2683330
2683350
2683360
2683370
2683490
2683510
2683520
2683550
2683560
2683570
2683580
2683590
2683610
2683620
2683640
2683680
2683700
2683710
2683740
2683760
2683790
2683800
2683810
2683960
2683970
2684010
2684020
2684030
2684070
2684080
2684090
2684100
2684120
2684130
2684140
2684200
2684220
2684230
2684240
2684260
2684280
2684290
2684300
2684310
2684340
2684360
2684370
2684390
2684400
2684410
2684420
2684450
2684470
2684500
2684510
2684520
2684530
2684550
2684560
2684580
2684620
2684630
2684650
2684720
2684730
2684740
2684760
2684780
2684790
2684800
2684830
2684840
2684850
2684930
2684940
2684950
2685030
2685060
2685070
2685090
2685100
2685150
2685170
2685180
2685200
2685210
2685220
2685230
2685240
2685250
2685260
2685270
2685280
2685290
2685300
2685320
2685350
2685360
2685370
2685380
2685390
2685410
2685420
2685440
2685450
2685480
2685490
2685500
2685520
2685550
2685570
2685590
2685600
2685610
2685620
2685630
2685670
2685760
2685770
2685780
2685810
2685840
2685850
2685900
2686020
2686040
2686060
2686080
2686110
2686120
2686250
2686260
2686320
2686330
2686350
2686360
2686400
2686480
2686500
2686520
2686570
2686580
2686590
2686630
2686640
2686670
2686680
2686690
2686720
2686740
2686750
2686770
2686780
2686790
2686810
2686820
2686850
2686870
2686900
2686910
2686930
2686940
2686950
2686960
2686980
2686990
2687000
2687040
2687080
2687110
2687130
2687140
2687150
2687160
2687190
2687200
2687220
2687250
2687280
2687300
2687370
2687390
2687400
2687410
2687470
2687490
2687500
2687510
2687530
2687540
2687600
2687610
2687650
2687660
2687680
2687690
2687700
2687820
2687830
2687850
2687940
2687950
2687960
2687970
2687990
2688000
2688010
2688030
2688100
2688110
2688140
2688180
2688190
2688210
2688270
2688370
2688380
2688390
2688400
2688410
2688430
2688440
2688480
2688520
2688530
2688570
2688600
2688610
2688620
2688650
2688680
2688700
2688720
2688730
2688750
2688780
2688790
2688890
2688900
2688930
2688940
2688950
2688960
2688980
2688990
2689000
2689060
2689090
2689120
2689130
2689220
2689380
2689400
2689420
2689440
2689450
2689460
2689470
2689480
2689490
2689540
2689590
2689600
2689610
2689630
2689640
2689680
2689710
2689720
2689770
2689780
2689820
2689850
2689870
2689880
2689910
2689920
2689930
2689950
2689970
2690010
2690020
2690050
2690080
2690090
2690110
2690150
2690160
2690170
2690180
2690290
2690570
2690580
2690610
2690630
2690680
2690700
2690760
2690770
2690780
2690790
2690800
2690810
2690820
2690830
2690870
2690890
2690900
2690950
2690960
2690970
2691010
2691020
2691050
2691070
2691090
2691200
2691210
2691240
2691250
2691280
2691340
2691350
2691360
2691390
2691410
2691420
2691430
2691450
2691460
2691470
2691490
2691510
2691550
2691560
2691580
2691700
2691750
2691760
2691780
2691790
2691800
2691820
2691830
2691890
2691900
2691920
2691940
2691960
2691980
2692010
2692030
2692040
2692160
2692200
2692210
2692270
2692280
2692300
2692350
2692360
2692390
2692420
2692430
2692440
2692450
2692460
2692520
2692560
2692570
2692580
2692600
2692610
2692620
2692640
2692650
2692660
2692720
2692730
2692740
2692750
2692760
2692800
2692860
2692890
2692950
2692960
2692990
2693060
2693070
2693130
2693160
2693200
2693210
2693230
2693240
2693250
2693260
2693320
2693340
2693350
2693360
2693370
2693380
2693400
2693410
2693420
2693450
2693460
2693470
2693480
2693510
2693530
2693560
2693650
2693660
2693680
2693700
2693710
2693730
2693810
2693820
2693830
2693840
2693860
2693880
2693890
2693900
2693920
2693930
2693940
2693950
2693960
2693990
2694000
2694020
2694140
2694150
2694200
2694210
2694220
2694230
2694260
2694290
2694330
2694360
2694380
2694390
2694410
2694420
2694440
2694460
2694480
2694490
2694510
2694520
2694530
2694600
2694620
2694700
2694720
2694730
2694750
2694770
2694800
2694810
2694860
2694890
2694900
2694920
2694960
2694970
2695020
2695030
2695040
2695080
2695100
2695130
2695160
2695210
2695230
2695240
2695250
2695260
2695270
2695290
2695400
2695420
2695430
2695450
2695480
2695490
2695500
2695570
2695590
2695600
2695710
2695720
2695730
2695780
2695800
2695810
2695830
2695850
2695870
2695940
2695960
2696010
2696050
2696060
2696070
2696080
2696100
2696110
2696120
2696140
2696160
2696170
2696200
2696310
2696320
2696360
2696390
2696400
2696420
2696430
2696480
2696520
2696530
2696550
2696570
2696590
2696660
2696680
2696750
2696760
2696770
2696780
2696850
2696890
2696930
2696940
2696960
2696970
2697000
2697010
2697030
2697050
2697060
2697070
2697090
2697180
2697200
2697210
2697250
2697370
2697380
2697390
2697430
2697450
2697460
2697470
2697490
2697510
2697520
2697540
2697560
2697610
2697620
2697640
2697670
2697690
2697710
2697720
2697730
2697890
2697930
2697940
2698040
2698090
2698100
2698110
2698140
2698160
2698190
2698220
2698230
2698250
2698300
2698320
2698330
2698340
2698350
2698420
2698450
2698460
2698470
2698490
2698540
2698550
2698560
2698590
2698600
2698670
2698680
2698690
2698700
2698730
2698780
2698800
2698830
2698870
2698880
2698900
2698910
2698940
2698960
2698990
2699040
2699100
2699110
2699130
2699190
2699200
2699240
2699250
2699280
2699290
2699340
2699380
2699480
2699500
2699510
2699520
2699530
2699540
2699550
2699570
2699580
2699590
2699600
2699610
2699620
2699630
2699650
2699660
2699670
2699690
2699740
2699780
2699790
2699800
2699820
2699870
2699880
2699890
2699930
2699950
2700010
2700020
2700030
2700050
2700060
2700070
2700080
2700090
2700100
2700120
2700150
2700160
2700220
2700230
2700240
2700250
2700260
2700280
2700310
2700370
2700380
2700390
2700410
2700430
2700450
2700460
2700470
2700500
2700510
2700530
2700540
2700550
2700560
2700570
2700650
2700660
2700680
2700690
2700780
2700790
2700810
2700860
2700900
2700910
2700960
2700970
2700990
2701020
2701030
2701050
2701060
2701070
2701080
2701100
2701110
2701120
2701140
2701170
2701190
2701210
2701220
2701240
2701250
2701260
2701280
2701290
2701310
2701340
2701350
2701360
2701390
2701400
2701410
2701420
2701440
2701450
2701500
2701510
2701560
2701590
2701610
2701630
2701650
2701660
2701670
2701690
2701700
2701720
2701730
2701750
2701770
2701800
2701840
2701870
2701890
2701900
2701910
2701980
2702000
2702010
2702020
2702030
2702050
2702080
2702090
2702100
2702110
2702120
2702130
2702170
2702190
2702220
2702230
2702250
2702260
2702270
2702300
2702310
2702340
2702350
2702370
2702380
2702390
2702430
2702450
2702470
2702490
2702510
2702560
2702570
2702580
2702590
2702620
2702630
2702660
2702680
2702700
2702740
2702760
2702780
2702800
2702810
2702820
2702830
2702850
2702920
2702940
2702960
2702970
2703000
2703060
2703070
2703100
2703130
2703140
2703150
2703170
2703180
2703190
2703200
2703210
2703220
2703230
2703240
2703250
2703260
2703270
2703280
2703290
2703300
2703310
2703320
2703340
2703350
2703370
2703390
2703400
2703450
2703480
2703550
2703590
2703610
2703670
2703690
2703720
2703750
2703760
2703770
2703790
2703810
2703850
2703890
2703900
2703910
2703920
2703930
2703940
2703970
2704020
2704030
2704050
2704060
2704070
2704090
2704100
2704110
2704120
2704140
2704210
2704230
2704250
2704270
2704280
2704290
2704300
2704310
2704320
2704340
2704350
2704360
2704370
2704400
2704450
2704460
2704510
2704580
2704660
2704670
2704680
2704710
2704720
2704770
2704790
2704840
2704860
2704870
2704900
2704910
2704930
2704940
2704950
2705110
2705130
2705210
2705230
2705270
2705290
2705320
2705330
2705370
2705380
2705430
2705480
2705500
2705570
2705580
2705650
2705670
2705690
2705750
2705760
2705800
2705810
2705820
2705830
2705860
2705870
2705890
2705900
2705910
2705950
2705980
2705990
2706010
2706020
2706030
2706040
2706050
2706070
2706090
2706140
2706170
2706210
2706230
2706250
2706270
2706280
2706290
2706300
2706310
2706320
2706340
2706360
2706370
2706390
2706400
2706440
2706450
2706460
2706560
2706650
2706660
2706690
2706710
2706720
2706780
2706790
2706800
2706830
2706880
2706900
2706940
2706950
2706960
2706970
2706980
2706990
2707000
2707020
2707040
2707050
2707070
2707080
2707090
2707100
2707110
2707140
2707150
2707160
2707190
2707240
2707260
2707270
2707280
2707300
2707310
2707320
2707340
2707350
2707360
2707380
2707390
2707400
2707410
2707420
2707440
2707490
2707500
2707540
2707580
2707610
2707630
2707670
2707690
2707710
2707740
2707810
2707840
2707850
2707860
2707870
2707880
2707900
2707930
2707940
2707950
2707960
2707970
2707980
2707990
2708000
2708010
2708020
2708030
2708040
2708130
2708140
2708150
2708180
2708200
2708210
2708230
2708250
2708270
2708280
2708320
2708450
2708470
2708480
2708490
2708500
2708530
2708570
2708580
2708620
2708650
2708660
2708670
2708710
2708720
2708730
2708740
2708780
2708790
2708800
2708850
2708860
2708880
2708890
2708920
2708930
2708940
2708950
2708960
2709030
2709060
2709070
2709090
2709120
2709160
2709190
2709220
2709300
2709360
2709370
2709380
2709390
2709400
2709410
2709420
2709500
2709510
2709530
2709550
2709570
2709600
2709620
2709650
2709660
2709690
2709700
2709710
2709750
2709790
2709800
2709810
2709830
2709870
2709880
2709900
2709910
2709920
2709940
2709980
2709990
2710010
2710040
2710050
2710060
2710070
2710080
2710090
2710100
2710120
2710260
2710290
2710320
2710380
2710390
2710410
2710420
2710430
2710450
2710460
2710470
2710480
2710530
2710560
2710580
2710590
2710600
2710650
2710660
2710740
2710790
2710800
2710880
2710920
2710950
2710960
2710970
2711010
2711020
2711030
2711050
2711060
2711070
2711110
2711150
2711170
2711180
2711190
2711200
2711210
2711230
2711260
2711280
2711290
2711300
2711320
2711330
2711350
2711360
2711490
2711540
2711550
2711600
2711610
2711620
2711630
2711650
2711680
2711690
2711710
2711740
2711770
2712340
2712350
2712380
2712390
2712400
2712410
2712420
2712440
2712450
2712460
2712470
2712480
2712500
2712530
2712540
2712550
2712570
2712580
2712590
2712600
2712630
2712640
2712670
2712700
2712710
2712720
2712730
2712740
2712750
2712810
2712870
2712880
2712900
2712910
2712920
2712930
2712940
2712960
2713000
2713070
2713080
2713110
2713120
2713130
2713250
2713300
2713340
2713370
2713380
2713390
2713430
2713460
2713480
2713520
2713550
2713560
2713630
2713640
2713650
2713660
2713680
2713690
2713710
2713740
2713750
2713760
2713770
2713780
2713790
2713820
2713920
2713930
2713940
2713950
2713960
2713990
2714020
2714100
2714130
2714150
2714170
2714210
2714220
2714260
2714270
2714330
2714340
2714440
2714510
2714560
2714580
2714600
2714620
2714640
2714670
2714760
2714900
2714910
2714920
2714930
2714970
2715000
2715020
2715060
2715090
2715180
2715230
2715260
2715270
2715280
2715290
2715370
2715390
2715410
2715420
2715530
2715550
2715590
2715620
2715640
2715650
2715660
2715680
2715700
2715730
2715740
2715750
2715760
2715780
2715790
2715810
2715830
2715860
2715870
2715880
2715910
2715920
2715930
2715940
2715960
2715970
2715980
2716030
2716040
2716110
2716120
2716140
2716150
2716190
2716200
2716270
2716280
2716290
2716300
2716380
2716400
2716440
2716520
2716530
2716540
2716550
2716570
2716600
2716620
2716690
2716720
2716730
2716750
2716780
2716800
2716810
2716820
2716830
2716870
2716930
2716940
2716960
2716970
2716980
2717000
2717010
2717050
2717060
2717110
2717120
2717130
2717140
2717150
2717160
2717240
2717250
2717260
2717270
2717310
2717330
2717390
2717400
2717450
2717480
2717570
2717600
2717610
2717620
2717630
2717690
2717710
2717720
2717730
2717740
2717750
2717780
2717800
2717810
2717850
2717880
2717900
2717940
2717950
2718010
2718020
2718030
2718060
2718070
2718100
2718110
2718120
2718140
2718150
2718160
2718210
2718240
2718260
2718310
2718320
2718340
2718450
2718460
2718470
2718490
2718500
2718510
2718550
2718560
2718570
2718700
2718710
2718720
2718730
2718750
2718820
2719000
2719020
2719030
2719060
2719130
2719140
2719150
2719160
2719190
2719200
2719210
2719240
2719250
2719270
2719290
2719300
2719340
2719400
2719410
2719420
2719460
2719500
2719510
2719520
2719530
2719580
2719590
2719600
2719610
2719620
2719630
2719640
2719650
2719670
2719680
2719710
2719720
2719730
2719740
2719750
2719760
2719810
2719820
2719830
2719840
2719850
2719860
2719920
2719940
2719950
2719960
2719970
2719980
2719990
2720000
2720010
2720040
2720050
2720070
2720090
2720100
2720120
2720130
2720210
2720230
2720260
2720270
2720280
2720320
2720330
2720340
2720360
2720420
2720430
2720440
2720540
2720620
2720640
2720670
2720680
2720690
2720700
2720730
2720740
2720780
2720810
2720820
2720840
2720920
2720940
2720950
2720980
2721020
2721030
2721040
2721090
2721150
2721170
2721180
2721190
2721200
2721210
2721240
2721250
2721260
2721280
2721290
2721300
2721320
2721340
2721360
2721390
2721420
2721440
2721470
2721530
2721580
2721590
2721680
2721690
2721710
2721750
2721760
2721800
2721820
2721830
2721850
2721880
2721890
2721900
2721960
2721980
2721990
2722000
2722030
2722120
2722130
2722160
2722200
2722210
2722230
2722260
2722270
2722310
2722330
2722360
2722380
2722400
2722440
2722480
2722490
2722500
2722550
2722560
2722570
2722600
2722610
2722630
2722640
2722660
2722680
2722730
2722740
2722760
2722770
2722780
2722820
2722830
2722850
2722860
2722870
2722880
2722920
2722930
2722940
2722950
2722960
2722980
2722990
2723000
2723080
2723140
2723170
2723180
2723190
2723200
2723220
2723250
2723270
2723280
2723300
2723310
2723320
2723340
2723360
2723370
2723390
2723430
2723460
2723470
2723480
2723490
2723500
2723510
2723520
2723540
2723550
2723590
2723610
2723620
2723640
2723660
2723670
2723690
2723720
2723810
2723820
2723850
2723880
2723900
2723910
2723960
2723980
2724020
2724040
2724110
2724130
2724140
2724160
2724180
2724220
2724330
2724440
2724450
2724500
2724510
2724520
2724530
2724540
2724550
2724560
2724600
2724630
2724640
2724650
2724660
2724680
2724700
2724710
2724740
2724770
2724780
2724800
2724810
2724830
2724860
2724930
2724960
2724980
2724990
2725000
2725010
2725020
2725030
2725040
2725080
2725090
2725170
2725190
2725230
2725240
2725250
2725260
2725310
2725320
2725330
2725340
2725350
2725420
2725450
2725460
2725470
2725500
2725520
2725560
2725600
2725610
2725630
2725640
2725650
2725670
2725700
2725770
2725800
2725840
2725860
2725950
2726020
2726030
2726050
2726060
2726080
2726100
2726110
2726130
2726160
2726180
2726200
2726230
2726240
2726270
2726280
2726310
2726320
2726350
2726360
2726370
2726410
2726420
2726440
2726450
2726460
2726470
2726490
2726510
2726560
2726670
2726680
2726720
2726740
2726750
2726780
2726810
2726830
2726860
2726870
2726890
2726900
2726910
2726920
2726930
2726950
2726960
2726980
2727020
2727040
2727210
2727350
2727360
2727420
2727430
2727440
2727470
2727490
2727520
2727540
2727550
2727570
2727580
2727650
2727660
2727700
2727770
2727810
2727820
2727850
2727870
2727890
2727960
2727970
2728040
2728050
2728080
2728090
2728100
2728120
2728130
2728190
2728200
2728240
2728250
2728260
2728320
2728330
2728340
2728420
2728460
2728570
2728750
2728830
2728840
2728900
2728910
2728950
2728990
2729000
2729040
2729050
2729090
2729140
2729170
2729180
2729220
2729250
2729350
2729360
2729370
2729380
2729390
2729400
2729410
2729420
2729430
2729440
2729450
2729460
2729480
2729500
2729510
2729520
2729540
2729550
2729570
2729600
2729660
2729670
2729710
2729720
2729740
2729770
2729820
2729830
2729940
2729990
2730010
2730020
2730030
2730050
2730060
2730090
2730120
2730170
2730180
2730220
2730240
2730270
2730280
2730290
2730300
2730320
2730350
2730370
2730380
2730410
2730420
2730440
2730480
2730490
2730530
2730540
2730550
2730580
2730590
2730600
2730650
2730660
2730680
2730700
2730710
2730790
2730800
2730810
2730820
2730860
2730890
2730910
2730940
2730960
2730970
2730990
2731010
2731030
2731150
2731160
2731170
2731180
2731230
2731260
2731280
2731290
2731300
2731330
2731370
2731400
2731450
2731530
2731550
2731580
2731590
2731610
2731640
2731650
2731710
2731720
2731740
2731750
2731760
2731790
2731830
2731870
2731880
2731900
2731910
2731920
2731940
2731950
2732020
2732050
2732070
2732080
2732100
2732210
2732230
2732240
2732290
2732310
2732360
2732420
2732480
2732510
2732590
2732600
2732610
2732620
2732630
2732640
2732650
2732660
2732670
2732680
2732730
2732770
2732790
2732800
2732810
2732820
2732870
2732890
2732910
2732920
2732960
2732970
2732980
2732990
2733070
2733080
2733100
2733130
2733180
2733200
2733260
2733270
2733280
2733310
2733420
2733450
2733530
2733550
2733610
2733620
2733640
2733660
2733670
2733680
2733690
2733710
2733720
2733740
2733780
2733790
2733800
2733820
2733870
2733880
2733890
2733910
2733920
2734020
2734140
2734150
2734180
2734200
2734210
2734250
2734270
2734310
2734340
2734350
2734360
2734370
2734440
2734450
2734460
2734480
2734510
2734520
2734590
2734740
2734750
2734770
2734780
2734790
2734800
2734810
2734830
2734850
2734880
2734910
2734920
2734970
2735000
2735020
2735030
2735060
2735090
2735110
2735150
2735160
2735190
2735220
2735260
2735270
2735280
2735510
2735540
2735550
2735560
2735580
2735620
2735630
2735660
2735670
2735690
2735700
2735710
2735720
2735740
2735840
2735870
2735880
2735890
2735930
2735950
2736020
2736040
2736050
2736060
2736080
2736100
2736110
2736140
2736150
2736190
2736200
2736220
2736230
2736270
2736290
2736350
2736360
2736370
2736380
2736390
2736430
2736440
2736450
2736470
2736480
2736490
2736520
2736570
2736580
2736590
2736600
2736650
2736680
2736690
2736700
2736710
2736720
2736750
2736760
2736770
2736780
2736810
2736840
2736860
2736890
2736900
2736910
2736930
2736950
2737000
2737030
2737070
2737100
2737130
2737140
2737160
2737260
2737280
2737300
2737310
2737320
2737430
2737490
2737580
2737620
2737670
2737680
2737730
2737800
2737810
2737820
2737870
2737940
2737950
2737960
2737970
2737980
2737990
2738050
2738080
2738110
2738130
2738140
2738170
2738180
2738190
2738210
2738230
2738290
2738320
2738380
2738420
2738430
2738440
2738460
2738470
2738480
2738490
2738500
2738520
2738530
2738560
2738610
2738620
2738630
2738660
2738670
2738680
2738700
2738710
2738740
2738750
2738770
2738840
2738860
2738870
2738890
2738900
2738910
2738920
2738930
2738940
2738960
2738990
2739060
2739120
2739130
2739140
2739150
2739170
2739180
2739190
2739200
2739270
2739340
2739350
2739420
2739500
2739560
2739570
2739590
2739600
2739620
2739630
2739680
2739700
2739800
2739830
2739850
2739860
2739870
2739890
2739900
2739920
2739930
2739940
2739960
2739970
2739980
2739990
2740000
2740020
2740030
2740040
2740060
2740080
2740090
2740110
2740170
2740180
2740190
2740260
2740280
2740290
2740350
2740750
2740780
2741000
2741050
2741060
2741070
2741090
2741110
2741120
2741160
2741210
2741230
2741260
2741270
2741280
2741300
2741320
2741350
2741360
2741390
2741400
2741410
2741420
2741440
2741470
2741480
2741490
2741550
2741560
2741570
2741600
2741610
2741620
2741650
2741710
2741740
2741780
2741790
2741800
2741820
2741830
2741840
2741950
2742000
2742010
2742020
2742040
2742050
2742060
2742150
2742160
2742170
2742180
2742190
2742200
2742220
2742230
2742280
2742350
2742410
2742480
2742490
2742500
2742510
2742530
2742550
2742580
2742590
2742600
2742620
2742640
2742660
2742710
2742720
2742730
2742740
2742750
2742800
2742830
2742840
2742860
2742920
2742930
2742940
2743020
2743030
2743040
2743060
2743080
2743220
2743260
2743270
2743300
2743310
2743320
2743410
2743420
2743430
2743450
2743460
2743470
2743520
2743530
2743550
2743630
2743650
2743700
2743760
2743770
2743780
2743790
2743810
2743840
2743850
2743860
2743970
2744000
2744010
2744020
2744040
2744070
2744100
2744110
2744130
2744150
2744220
2744230
2744260
2744300
2744340
2744380
2744390
2744410
2744420
2744430
2744450
2744470
2744510
2744520
2744550
2744620
2744640
2744650
2744670
2744710
2744720
2744730
2744840
2744880
2744890
2744900
2744920
2744930
2744970
2745000
2745030
2745040
2745050
2745060
2745080
2745090
2745110
2745120
2745140
2745150
2745230
2745250
2745260
2745320
2745330
2745340
2745370
2745380
2745400
2745420
2745440
2745460
2745490
2745510
2745550
2745560
2745580
2745600
2745610
2745620
2745630
2745650
2745660
2745670
2745710
2745800
2745820
2745830
2745860
2745870
2745900
2745910
2745930
2746000
2746030
2746060
2746100
2746120
2746140
2746150
2746170
2746200
2746210
2746220
2746270
2746330
2746340
2746380
2746390
2746400
2746420
2746480
2746490
2746510
2746540
2746570
2746610
2746620
2746630
2746680
2746710
2746760
2746770
2746800
2746810
2746830
2746910
2746960
2747060
2747090
2747150
2747220
2747240
2747280
2747330
2747340
2747370
2747470
2747540
2747550
2747560
2747590
2747610
2747620
2747640
2747650
2747660
2747670
2747720
2747740
2747760
2747770
2747780
2747810
2747820
2747930
2747950
2747980
2748020
2748030
2748050
2748070
2748100
2748140
2748170
2748240
2748250
2748260
2748340
2748400
2748420
2748450
2748470
2748490
2748500
2748520
2748540
2748590
2748600
2748630
2748650
2748660
2748670
2748680
2748700
2748720
2748730
2748770
2748830
2748840
2748880
2748900
2748930
2748940
2748970
2749000
2749020
2749040
2749050
2749060
2749070
2749090
2749100
2749110
2749130
2749140
2749170
2749180
2749220
2749250
2749260
2749270
2749300
2749340
2749350
2749360
2749370
2749380
2749500
2749590
2749610
2749620
2749640
2749650
2749660
2749690
2749710
2749720
2749730
2749770
2749810
2749880
2749920
2749930
2749940
2749950
2750000
2750080
2750120
2750190
2750200
2750210
2750240
2750290
2750390
2750400
2750410
2750430
2750490
2750520
2750540
2750680
2750690
2750720
2750760
2750770
2750780
2750800
2750890
2750900
2750910
2750920
2750940
2750970
2750980
2751000
2751010
2751020
2751040
2751050
2751060
2751080
2751110
2751120
2751220
2751230
2751260
2751270
2751310
2751320
2751330
2751340
2751350
2751370
2751480
2751490
2751500
2751530
2751560
2751580
2751600
2751610
2751670
2751700
2751720
2751770
2751800
2751810
2751820
2751850
2751870
2751890
2751920
2751940
2751950
2751970
2751980
2752010
2752020
2752080
2752090
2752100
2752150
2752180
2752210
2752230
2752240
2752250
2752280
2752330
2752340
2752350
2752360
2752370
2752380
2752440
2752490
2752520
2752530
2752650
2752660
2752680
2752700
2752710
2752720
2752750
2752760
2752770
2752790
2752840
2752850
2752860
2752930
2753000
2753010
2753100
2753110
2753130
2753140
2753170
2753180
2753190
2753200
2753220
2753260
2753270
2753330
2753370
2753400
2753420
2753430
2753450
2753460
2753490
2753520
2753540
2753570
2753600
2753610
2753620
2753660
2753720
2753730
2753740
2753760
2753800
2753810
2753830
2753870
2753890
2753900
2753920
2753930
2753940
2753950
2753960
2753970
2753990
2754000
2754040
2754090
2754110
2754120
2754140
2754170
2754280
2754340
2754370
2754380
2754440
2754480
2754490
2754530
2754540
2754560
2754570
2754640
2754660
2754670
2754690
2754700
2754750
2754830
2754840
2754860
2754870
2754880
2754920
2754940
2755020
2755070
2755100
2755120
2755130
2755170
2755200
2755210
2755230
2755240
2755260
2755270
2755280
2755300
2755310
2755320
2755330
2755340
2755410
2755460
2755480
2755510
2755520
2755570
2755670
2755680
2755690
2755700
2755730
2755760
2755790
2755810
2755820
2755870
2755880
2755900
2755950
2755960
2755980
2755990
2756030
2756050
2756120
2756160
2756180
2756190
2756220
2756280
2756320
2756340
2756380
2756400
2756410
2756460
2756470
2756570
2756580
2756610
2756620
2756670
2756700
2756720
2756760
2756770
2756780
2756790
2756820
2756830
2756860
2756870
2756910
2756920
2756930
2756960
2756970
2757000
2757030
2757050
2757070
2757220
2757230
2757250
2757260
2757300
2757330
2757350
2757390
2757400
2757450
2757480
2757490
2757500
2757510
2757520
2757530
2757540
2757570
2757590
2757600
2757610
2757620
2757630
2757640
2757660
2757670
2757690
2757720
2757770
2757810
2757820
2757840
2757850
2757910
2757940
2757950
2757980
2757990
2758000
2758010
2758030
2758070
2758110
2758140
2758150
2758180
2758190
2758220
2758230
2758260
2758270
2758280
2758290
2758320
2758340
2758350
2758360
2758380
2758400
2758410
2758420
2758510
2758540
2758550
2758570
2758590
2758730
2758740
2758770
2758810
2758910
2758940
2758950
2758970
2758980
2759000
2759010
2759050
2759110
2759120
2759130
2759140
2759160
2759170
2759230
2759240
2759280
2759530
2759560
2759570
2759590
2759640
2759660
2759710
2759750
2759760
2759770
2759780
2759800
2759820
2759840
2759850
2759870
2759900
2759910
2759920
2759940
2760470
2760500
2760520
2760560
2760570
2760580
2760600
2760610
2760620
2760640
2760650
2760670
2760710
2760720
2760730
2760740
2760770
2760780
2760790
2760800
2760830
2760860
2760920
2760970
2761000
2761020
2761050
2761060
2761070
2761080
2761100
2761130
2761160
2761180
2761220
2761240
2761270
2761290
2761310
2761340
2761350
2761380
2761410
2761460
2761470
2761480
2761490
2761500
2761510
2761520
2761550
2761560
2761570
2761580
2761610
2761620
2761640
2761670
2761710
2761730
2761760
2761780
2761790
2761800
2761820
2761830
2761860
2761900
2761920
2761930
2761940
2761960
2761970
2761990
2762040
2762050
2762080
2762220
2762230
2762250
2762270
2762300
2762310
2762320
2762330
2762360
2762370
2762390
2762400
2762470
2762480
2762490
2762520
2762530
2762560
2762590
2762610
2762640
2762650
2762670
2762690
2762700
2762710
2762720
2762730
2762740
2762760
2762790
2762810
2762830
2762840
2762940
2762970
2762980
2763000
2763020
2763030
2763050
2763200
2763210
2763240
2763250
2763260
2763310
2763320
2763360
2763370
2763390
2763420
2763430
2763460
2763470
2763500
2763510
2763520
2763570
2763590
2763600
2763640
2763670
2763680
2763740
2763800
2763810
2763820
2763830
2763930
2763980
2764050
2764070
2764080
2764090
2764100
2764110
2764120
2764140
2764150
2764160
2764170
2764180
2764200
2764210
2764250
2764310
2764320
2764340
2764350
2764370
2764380
2764390
2764400
2764420
2764450
2764460
2764470
2764490
2764500
2764510
2764530
2764550
2764570
2764580
2764590
2764600
2764650
2764680
2764690
2764720
2764750
2764830
2764840
2764860
2764870
2764990
2765020
2765070
2765080
2765090
2765100
2765120
2765140
2765180
2765200
2765250
2765300
2765320
2765340
2765350
2765360
2765370
2765440
2765460
2765490
2765500
2765540
2765580
2765600
2765640
2765670
2765690
2765700
2765750
2765760
2765790
2765820
2765850
2765860
2765880
2765910
2765940
2765970
2766020
2766050
2766060
2766070
2766080
2766090
2766140
2766150
2766160
2766180
2766200
2766210
2766220
2766250
2766260
2766270
2766280
2766290
2766310
2766330
2766340
2766360
2766370
2766380
2766390
2766400
2766450
2766470
2766480
2766500
2766530
2766540
2766550
2766560
2766570
2766580
2766600
2766620
2766640
2766650
2766760
2766770
2766790
2766810
2766830
2766840
2766860
2766880
2766890
2766900
2766910
2766940
2767010
2767020
2767030
2767040
2767060
2767080
2767160
2767180
2767210
2767220
2767240
2767260
2767280
2767310
2767320
2767400
2767430
2767450
2767480
2767500
2767510
2767520
2767530
2767540
2767570
2767630
2767730
2767740
2767790
2767810
2767850
2767860
2767870
2767910
2767950
2767990
2768010
2768020
2768030
2768050
2768080
2768100
2768110
2768130
2768150
2768260
2768300
2768320
2768350
2768380
2768390
2768400
2768420
2768430
2768440
2768470
2768520
2768560
2768590
2768600
2768640
2768730
2768760
2768830
2768900
2768920
2768990
2769020
2769060
2769070
2769080
2769100
2769110
2769120
2769160
2769210
2769240
2769260
2769270
2769290
2769310
2769340
2769370
2769380
2769390
2769410
2769430
2769480
2769510
2769530
2769570
2769580
2769590
2769640
2769660
2769670
2769700
2769780
2769820
2769870
2769880
2769920
2769960
2769980
2769990
2770140
2770150
2770160
2770190
2770230
2770250
2770270
2770280
2770290
2770300
2770310
2770320
2770330
2770340
2770370
2770410
2770420
2770430
2770460
2770470
2770500
2771180
2771190
2771220
2771260
2771270
2771290
2771310
2771320
2771380
2771500
2771550
2771560
2771590
2771600
2771630
2771650
2771670
2771710
2771730
2771750
2771760
2771840
2771860
2771890
2771910
2771920
2771970
2771980
2772020
2772050
2772070
2772080
2772090
2772120
2772160
2772170
2772180
2772190
2772260
2772280
2772300
2772320
2772330
2772370
2772380
2772390
2772410
2772420
2772430
2772440
2772460
2772470
2772480
2772490
2772520
2772560
2772580
2772590
2772600
2772610
2772620
2772630
2772640
2772650
2772660
2772670
2772700
2772720
2772750
2772760
2772810
2772820
2772830
2772870
2772890
2772900
2772920
2772940
2772970
2772980
2772990
2773000
2773010
2773020
2773070
2773120
2773160
2773220
2773230
2773250
2773270
2773280
2773290
2773350
2773430
2773450
2773460
2773520
2773540
2773550
2773560
2773570
2773590
2773600
2773630
2773640
2773650
2773680
2773700
2773710
2773720
2773760
2773770
2773780
2773790
2773830
2773850
2773870
2773890
2773910
2773930
2774040
2774050
2774110
2774130
2774150
2774180
2774190
2774240
2774250
2774280
2774300
2774370
2774380
2774390
2774400
2774410
2774460
2774480
2774490
2774540
2774560
2774570
2774580
2774620
2774650
2774690
2774710
2774720
2774730
2774760
2774780
2774800
2774830
2774940
2774950
2774980
2774990
2775030
2775040
2775050
2775060
2775100
2775110
2775130
2775160
2775170
2775180
2775200
2775220
2775230
2775310
2775370
2775430
2775460
2775470
2775480
2775500
2775510
2775520
2775540
2775550
2775560
2775570
2775580
2775610
2775670
2775690
2775830
2775870
2775890
2775910
2775930
2775970
2776030
2776050
2776090
2776110
2776130
2776180
2776190
2776230
2776240
2776270
2776280
2776290
2776300
2776340
2776360
2776400
2776440
2776450
2776480
2776500
2776530
2776540
2776550
2776560
2776570
2776600
2776630
2776640
2776660
2776670
2776720
2776730
2776750
2776770
2776780
2776790
2776800
2776810
2776820
2776860
2776900
2776910
2776920
2776930
2776940
2776950
2776980
2776990
2777000
2777030
2777070
2777100
2777110
2777120
2777130
2777190
2777210
2777220
2777230
2777240
2777260
2777310
2777330
2777360
2777390
2777410
2777420
2777430
2777550
2777560
2777610
2777630
2777640
2777660
2777670
2777680
2777720
2777730
2777760
2777780
2777820
2777860
2777880
2777930
2777950
2777970
2777980
2778080
2778110
2778120
2778130
2778160
2778200
2778210
2778220
2778230
2778250
2778280
2778290
2778300
2778320
2778360
2778420
2778430
2778440
2778460
2778480
2778500
2778520
2778530
2778540
2778560
2778570
2778600
2778610
2778630
2778640
2778660
2778690
2778710
2778730
2778740
2778750
2778760
2778770
2778780
2778790
2778840
2778850
2778880
2778900
2778920
2778960
2778980
2779010
2779020
2779120
2779130
2779150
2779160
2779180
2779220
2779230
2779280
2779290
2779310
2779380
2779390
2779400
2779420
2779440
2779460
2779520
2779530
2779540
2779560
2779570
2779580
2779600
2779620
2779680
2779710
2779730
2779740
2779800
2779890
2779900
2779910
2779930
2779980
2780040
2780080
2780090
2780100
2780120
2780140
2780200
2780230
2780270
2780280
2780310
2780360
2780370
2780390
2780400
2780410
2780470
2780480
2780570
2780590
2780600
2780640
2780650
2780660
2780690
2780710
2780740
2780760
2780790
2780880
2780910
2780930
2780940
2780950
2780980
2780990
2781000
2781010
2781020
2781050
2781170
2781190
2781210
2781220
2781240
2781250
2781280
2781310
2781340
2781370
2781400
2781420
2781430
2781470
2781490
2781500
2781510
2781520
2781580
2781630
2781660
2781670
2781680
2781720
2781730
2781740
2781750
2781960
2781990
2782010
2782020
2782030
2782060
2782100
2782250
2782260
2782270
2782280
2782290
2782310
2782340
2782380
2782390
2782400
2782420
2782430
2782460
2782470
2782480
2782490
2782500
2782510
2782520
2782530
2782540
2782580
2782600
2782610
2782620
2782640
2782650
2782730
2782740
2782820
2782830
2782880
2782900
2782910
2782960
2782990
2783100
2783150
2783170
2783190
2783240
2783270
2783280
2783290
2783360
2783370
2783380
2783400
2783460
2783520
2783530
2783550
2783560
2783600
2783610
2783630
2783640
2783670
2783700
2783800
2783830
2783850
2783860
2783870
2783880
2783920
2783950
2783970
2783980
2783990
2784000
2784030
2784040
2784080
2784120
2784130
2784140
2784150
2784160
2784210
2784220
2784230
2784240
2784250
2784260
2784280
2784290
2784310
2784330
2784360
2784430
2784440
2784470
2784500
2784510
2784520
2784540
2784550
2784590
2784600
2784610
2784620
2784640
2784660
2784670
2784680
2784700
2784710
2784740
2784760
2784770
2784780
2784840
2784850
2784910
2784920
2784940
2784960
2784970
2784980
2785010
2785030
2785040
2785050
2785060
2785070
2785090
2785110
2785120
2785150
2785170
2785180
2785190
2785200
2785210
2785230
2785280
2785330
2785350
2785450
2785470
2785480
2785490
2785500
2785570
2785600
2785620
2785640
2785690
2785710
2785730
2785740
2785750
2785800
2785810
2785850
2785860
2785880
2785890
2785920
2785950
2785970
2785980
2786020
2786100
2786120
2786130
2786140
2786160
2786240
2786250
2786280
2786290
2786300
2786310
2786320
2786360
2786380
2786430
2786440
2786450
2786490
2786500
2786550
2786600
2786610
2786650
2786660
2786680
2786700
2786710
2786720
2786760
2786810
2786820
2786830
2786840
2786870
2786890
2786900
2786960
2786980
2786990
2787000
2787020
2787050
2787060
2787100
2787110
2787180
2787300
2787320
2787340
2787350
2787360
2787370
2787460
2787580
2787590
2787610
2787630
2787670
2787680
2787700
2787710
2787720
2787730
2787740
2787750
2787770
2787850
2787860
2787890
2787920
2787960
2788000
2788010
2788040
2788060
2788070
2788090
2788140
2788150
2788160
2788200
2788210
2788220
2788310
2788330
2788340
2788360
2788380
2788400
2788430
2788440
2788450
2788460
2788520
2788540
2788560
2788600
2788630
2788740
2788760
2788790
2788870
2788920
2788950
2788960
2788990
2789020
2789060
2789130
2789140
2789170
2789260
2789270
2789280
2789300
2789320
2789380
2789390
2789400
2789410
2789460
2789520
2789640
2789650
2789680
2789710
2789730
2789740
2789750
2789760
2789770
2789810
2789860
2789870
2789890
2789910
2789980
2790000
2790010
2790020
2790090
2790100
2790130
2790140
2790160
2790180
2790190
2790250
2790270
2790320
2790330
2790340
2790500
2790530
2790550
2790580
2790590
2790680
2790700
2790770
2790790
2790820
2790830
2790850
2790870
2791010
2791020
2791030
2791060
2791140
2791180
2791210
2791230
2791250
2791260
2791290
2791300
2791310
2791320
2791360
2791380
2791410
2791440
2791530
2791540
2791550
2791570
2791600
2791610
2791620
2791640
2791650
2791700
2791720
2791740
2791780
2791790
2791800
2791820
2791850
2791860
2791880
2791890
2791900
2791940
2791950
2791970
2791980
2792080
2792100
2792130
2792160
2792270
2792300
2792320
2792360
2792370
2792390
2792400
2792420
2792450
2792460
2792470
2792500
2792510
2792520
2792530
2792540
2792610
2792650
2792660
2792680
2792690
2792720
2792730
2792740
2792760
2792820
2792830
2792840
2792880
2792900
2792960
2793040
2793050
2793070
2793110
2793150
2793200
2793210
2793220
2793240
2793250
2793270
2793280
2793290
2793300
2793310
2793350
2793370
2793380
2793430
2793480
2793520
2793550
2793560
2793620
2793700
2793710
2793770
2793790
2793810
2793820
2793860
2793930
2793940
2793950
2793980
2794030
2794050
2794120
2794130
2794140
2794160
2794230
2794240
2794250
2794260
2794280
2794300
2794330
2794340
2794390
2794400
2794410
2794430
2794450
2794470
2794480
2794500
2794510
2794590
2794610
2794620
2794630
2794640
2794730
2794740
2794760
2794770
2794780
2794830
2794860
2794880
2794910
2794960
2794970
2794990
2795000
2795030
2795040
2795060
2795090
2795110
2795120
2795130
2795150
2795160
2795170
2795180
2795230
2795240
2795270
2795280
2795310
2795370
2795380
2795410
2795480
2795500
2795510
2795530
2795540
2795550
2795580
2795590
2795640
2795660
2795670
2795730
2795740
2795750
2795760
2795830
2795840
2795850
2795860
2796010
2796020
2796040
2796050
2796060
2796070
2796090
2796100
2796110
2796140
2796150
2796180
2796190
2796210
2796220
2796230
2796240
2796250
2796280
2796290
2796340
2796350
2796360
2796370
2796410
2796420
2796450
2796460
2796510
2796550
2796590
2796620
2796640
2796650
2796680
2796800
2796880
2796910
2796920
2796980
2797010
2797050
2797080
2797100
2797120
2797160
2797170
2797180
2797220
2797240
2797250
2797290
2797310
2797320
2797340
2797350
2797390
2797410
2797420
2797430
2797440
2797460
2797520
2797540
2797570
2797590
2797600
2797620
2797630
2797640
2797650
2797670
2797690
2797710
2797740
2797760
2797780
2797820
2797830
2797850
2797900
2797960
2798020
2798040
2798050
2798090
2798100
2798120
2798180
2798190
2798200
2798210
2798220
2798230
2798240
2798250
2798260
2798280
2798290
2798300
2798310
2798320
2798330
2798340
2798350
2798380
2798390
2798400
2798410
2798420
2798430
2798600
2798620
2798660
2798690
2798700
2798790
2798810
2798880
2798940
2798950
2798960
2798980
2798990
2799030
2799040
2799050
2799070
2799110
2799120
2799170
2799190
2799230
2799240
2799310
2799320
2799350
2799360
2799410
2799460
2799470
2799490
2799500
2799560
2799570
2799620
2799640
2799690
2799740
2799780
2799820
2799860
2799910
2799920
2799930
2799940
2799950
2799970
2800000
2800020
2800080
2800150
2800170
2800210
2800280
2800300
2800320
2800370
2800380
2800410
2800420
2800440
2800450
2800460
2800480
2800490
2800500
2800510
2800520
2800530
2800550
2800560
2800570
2800580
2800610
2800620
2800630
2800640
2800680
2800720
2800760
2800770
2800790
2800840
2800850
2800880
2800900
2800940
2800950
2800970
2800980
2801010
2801030
2801040
2801230
2801260
2801280
2801290
2801330
2801380
2801430
2801510
2801540
2801620
2801630
2801670
2801700
2801710
2801750
2801790
2801830
2801860
2801880
2801920
2801940
2801960
2801970
2802070
2802080
2802140
2802170
2802180
2802210
2802240
2802250
2802280
2802350
2802370
2802410
2802440
2802460
2802480
2802490
2802500
2802540
2802560
2802600
2802620
2802650
2802660
2802670
2802690
2802710
2802720
2802730
2802740
2802750
2802780
2802790
2802820
2802860
2802870
2802950
2802960
2802980
2802990
2803000
2803010
2803060
2803070
2803090
2803110
2803140
2803170
2803190
2803230
2803280
2803340
2803360
2803370
2803390
2803470
2803490
2803540
2803590
2803640
2803660
2803710
2803760
2803810
2803840
2803860
2803900
2803930
2803950
2803960
2803990
2804020
2804040
2804050
2804100
2804200
2804240
2804250
2804280
2804290
2804300
2804310
2804390
2804430
2804440
2804490
2804510
2804520
2804550
2804580
2804610
2804620
2804680
2804700
2804740
2804770
2804840
2804900
2804910
2804940
2804960
2804970
2805020
2805040
2805060
2805070
2805100
2805110
2805120
2805130
2805140
2805170
2805200
2805210
2805230
2805260
2805270
2805330
2805340
2805390
2805410
2805440
2805460
2805480
2805530
2805580
2805610
2805620
2805630
2805640
2805650
2805660
2805670
2805680
2805700
2805770
2805800
2805850
2805870
2805880
2805910
2805920
2805950
2805990
2806050
2806110
2806120
2806140
2806180
2806230
2806250
2806260
2806270
2806340
2806350
2806360
2806380
2806400
2806410
2806470
2806480
2806530
2806540
2806640
2806660
2806780
2806790
2806800
2806830
2806840
2806870
2806890
2806940
2807100
2807110
2807130
2807150
2807160
2807180
2807190
2807210
2807220
2807240
2807250
2807260
2807290
2807310
2807320
2807340
2807360
2807370
2807390
2807430
2807460
2807490
2807510
2807540
2807600
2807610
2807860
2807870
2807880
2807960
2808130
2808150
2808220
2808250
2808260
2808270
2808280
2808290
2808320
2808350
2808360
2808390
2808450
2808470
2808480
2808490
2808530
2808550
2808560
2808570
2808600
2808610
2808640
2808690
2808700
2808710
2808750
2808760
2808770
2808780
2808790
2808800
2808810
2808830
2808840
2808860
2808870
2808920
2808930
2808950
2808960
2808980
2809030
2809090
2809110
2809120
2809170
2809200
2809220
2809230
2809240
2809250
2809260
2809290
2809300
2809370
2809380
2809390
2809410
2809430
2809450
2809460
2809470
2809480
2809510
2809520
2809540
2809570
2809640
2809660
2809670
2809700
2809770
2809820
2809830
2809920
2809950
2809960
2809970
2810010
2810050
2810070
2810080
2810090
2810110
2810120
2810150
2810160
2810170
2810190
2810210
2810250
2810270
2810320
2810330
2810340
2810370
2810380
2810410
2810450
2810460
2810470
2810500
2810510
2810550
2810580
2810650
2810670
2810700
2810720
2810730
2810770
2810780
2810790
2810830
2810880
2810900
2810970
2811000
2811040
2811060
2811070
2811080
2811100
2811110
2811130
2811150
2811190
2811200
2811220
2811240
2811250
2811270
2811280
2811360
2811370
2811400
2811440
2811500
2811530
2811580
2811590
2811620
2811650
2811700
2811720
2811750
2811760
2811780
2811790
2811830
2811850
