3875260
3875290
3875300
3875310
3875320
3875330
3875340
3875350
3875390
3875410
3875440
3875480
3875520
3875530
3875550
3875620
3875630
3875650
3875660
3875670
3875690
3875700
3875710
3875740
3875750
3875790
3875810
3875820
3875830
3875840
3875850
3875880
3875890
3875920
3875940
3875950
3875960
3875970
3876030
3876100
3876120
3876130
3876170
3876180
3876240
3876300
3876460
3876470
3876490
3876530
3876590
3876620
3876660
3876670
3876680
3876700
3876710
3876840
3876870
3876910
3876920
3876940
3876950
3877010
3877060
3877070
3877090
3877100
3877120
3877130
3877140
3877150
3877170
3877190
3877200
3877230
3877240
3877260
3877280
3877290
3877300
3877340
3877350
3877390
3877400
3877410
3877480
3877520
3877570
3877580
3877600
3877610
3877620
3877630
3877650
3877660
3877690
3877750
3877760
3877790
3877860
3877870
3877880
3877940
3877950
3877960
3877980
3877990
3878000
3878040
3878060
3878090
3878100
3878160
3878170
3878180
3878190
3878200
3878240
3878270
3878290
3878300
3878320
3878340
3878360
3878370
3878380
3878420
3878440
3878490
3878500
3878510
3878550
3878590
3878610
3878620
3878630
3878640
3878650
3878690
3878710
3878730
3878740
3878760
3878820
3878830
3878840
3878850
3878860
3878870
3878890
3878960
3878970
3878980
3878990
3879000
3879020
3879060
3879070
3879090
3879110
3879130
3879140
3879150
3879180
3879190
3879250
3879300
3879330
3879350
3879450
3879470
3879480
3879500
3879510
3879520
3879530
3879550
3879560
3879610
3879620
3879660
3879670
3879680
3879700
3879730
3879750
3879760
3879810
3879840
3879850
3880030
3880050
3880060
3880080
3880100
3880110
3880130
3880150
3880170
3880180
3880190
3880210
3880220
3880250
3880280
3880290
3880310
3880350
3880360
3880400
3880410
3880420
3880430
3880470
3880500
3880590
3880600
3880620
3880640
3880650
3880670
3880680
3880700
3880730
3880760
3880770
3880790
3880810
3880820
3880830
3880880
3881510
3881530
3881540
3881570
3881680
3881710
3881760
3881790
3881810
3881820
3881830
3881890
3881910
3881920
3881940
3881960
3881970
3882020
3882030
3882040
3882060
3882100
3882110
3882150
3882180
3882280
3882300
3882310
3882340
3882350
3882360
3882370
3882380
3882400
3882430
3882440
3882450
3882460
3882470
3882510
3882520
3882540
3882560
3882570
3882580
3882650
3882670
3882680
3882690
3882730
3882740
3882780
3882840
3882860
3882880
3882900
3882910
3882920
3882940
3882980
3883020
3883040
3883070
3883110
3883150
3883240
3883250
3883270
3883280
3883290
3883330
3883350
3883420
3883470
3883500
3883520
3883550
3883560
3883570
3883580
3883600
3883630
3883680
3883710
3883760
3883830
3883840
3883870
3883900
3883910
3883970
3883980
3883990
3884010
3884040
3884050
3884060
3884080
3884110
3884200
3884210
3884280
3884300
3884310
3884330
3884360
3884380
3884390
3884400
3884410
3884440
3884500
3884520
3884540
3884550
3884570
3884580
3884600
3884650
3884660
3884700
3884730
3884740
3884790
3884800
3884820
3884840
3884910
3884930
3884940
3884960
3884970
3885010
3885030
3885040
3885050
3885060
3885070
3885080
3885160
3885170
3885180
3885220
3885230
3885240
3885270
3885280
3885290
3885320
3885330
3885360
3885400
3885420
3885500
3885520
3885530
3885540
3885570
3885590
3885630
3885740
3885750
3885770
3885800
3885820
3885830
3885850
3885860
3885870
3885910
3885930
3885940
3885950
3886030
3886050
3886080
3886120
3886130
3886140
3886190
3886200
3886210
3886240
3886260
3886270
3886300
3886310
3886350
3886360
3886370
3886380
3886410
3886430
3886500
3886520
3886530
3886540
3886560
3886590
3886600
3886610
3886630
3886660
3886670
3886690
3886700
3886730
3886770
3886790
3886800
3886860
3886870
3886920
3886930
3886970
3887010
3887040
3887060
3887070
3887080
3887090
3887100
3887110
3887120
3887130
3887140
3887220
3887240
3887290
3887360
3887370
3887420
3887460
3887470
3887500
3887520
3887540
3887580
3887600
3887620
3887630
3887640
3887660
3887670
3887700
3887710
3887720
3887750
3887760
3887790
3887830
3888010
3888070
3888080
3888210
3888230
3888240
3888250
3888290
3888300
3888310
3888420
3888430
3888480
3888600
3888660
3888790
3888830
3888920
3889080
3889270
3889280
3889450
3889460
3889480
3889490
3889510
3889600
3889700
3889720
3889780
3889820
3889860
3889940
3889950
3889980
3889990
3890010
3890020
3890090
3890110
3890120
3890140
3890170
3890180
3890190
3890210
3890260
3890270
3890350
3890380
3890400
3890420
3890430
3890550
3890570
3890580
3890620
3890650
3890660
3890670
3890680
3890720
3890740
3890750
3890760
3890990
3891000
3891010
3891030
3891060
3891080
3891100
3891120
3891130
3891140
3891170
3891180
3891200
3891230
3891290
3891300
3891310
3891350
3891360
3891370
3891400
3891420
3891440
3891450
3891470
3891490
3891500
3891510
3891580
3891620
3891630
3891650
3891660
3891680
3891730
3891760
3891790
3891800
3891810
3891840
3891850
3891880
3891900
3891910
3891930
3891940
3891970
3891990
3892020
3892030
3892090
3892100
3892110
3892120
3892130
3892140
3892150
3892160
3892180
3892190
3892200
3892210
3892230
3892240
3892250
3892270
3892280
3892290
3892310
3892330
3892340
3892360
3892370
3892380
3892390
3892420
3892430
3892470
3892500
3892510
3892520
3892530
3892560
3892600
3892630
3892700
3892710
3892750
3892760
3892770
3892780
3892800
3892820
3892850
3892890
3892910
3892940
3892950
3892980
3893070
3893080
3893130
3893140
3893210
3893230
3893240
3893280
3893300
3893340
3893350
3893390
3893400
3893410
3893430
3893470
3893480
3893500
3893560
3893580
3893590
3893610
3893620
3893630
3893670
3893690
3893700
3893720
3893730
3893740
3893760
3893770
3893830
3893840
3893850
3893890
3893900
3893930
3893950
3893990
3894020
3894050
3894070
3894090
3894110
3894120
3894150
3894170
3894200
3894250
3894260
3894270
3894280
3894290
3894300
3894350
3894380
3894390
3894440
3894520
3894530
3894540
3894570
3894590
3894600
3894620
3894630
3894650
3894660
3894690
3894760
3894770
3894780
3894790
3894810
3894830
3894840
3894850
3894860
3894870
3894880
3894900
3894910
3894940
3894950
3894960
3894980
3895000
3895020
3895030
3895050
3895060
3895070
3895080
3895090
3895100
3895110
3895120
3895130
3895140
3895150
3895160
3895170
3895180
3895200
3895300
3895310
3895360
3895390
3895400
3895440
3895480
3895500
3895530
3895680
3895700
3895710
3895720
3895760
3895770
3895780
3895820
3895850
3895940
3895950
3895960
3895980
3896030
3896040
3896070
3896080
3896110
3896120
3896150
3896170
3896200
3896210
3896240
3896280
3896290
3896300
3896320
3896350
3896360
3896370
3896380
3896410
3896420
3896460
3896470
3896480
3896500
3896520
3896540
3896570
3896580
3896710
3896750
3896760
3896780
3896790
3896870
3896890
3896930
3896970
3897000
3897040
3897060
3897080
3897090
3897100
3897110
3897120
3897130
3897140
3897170
3897280
3897290
3897300
3897310
3897330
3897350
3897360
3897390
3897440
3897460
3897470
3897480
3897520
3897530
3897540
3897570
3897600
3897610
3897620
3897630
3897640
3897670
3897690
3897700
3897710
3897740
3897770
3897790
3897800
3897810
3897820
3897830
3897840
3897850
3897890
3897900
3897940
3897960
3897980
3897990
3898000
3898040
3898050
3898070
3898080
3898090
3898150
3898180
3898270
3898290
3898420
3898450
3898590
3898600
3898620
3898680
3898700
3898730
3898760
3898790
3898800
3898810
3898830
3898860
3898880
3898890
3898910
3898930
3898970
3898990
3899010
3899030
3899040
3899090
3899140
3899160
3899180
3899230
3899300
3899310
3899320
3899370
3899400
3899420
3899460
3899510
3899530
3899540
3899560
3899570
3899600
3899610
3899620
3899630
3899640
3899660
3899670
3899750
3899760
3899780
3899810
3899860
3899870
3899890
3899920
3899970
3899980
3900000
3900010
3900040
3900050
3900070
3900080
3900120
3900130
3900160
3900170
3900190
3900200
3900210
3900240
3900250
3900280
3900290
3900300
3900310
3900340
3900360
3900380
3900450
3900480
3900500
3900540
3900560
3900620
3900640
3900650
3900660
3900670
3900700
3900720
3900740
3900900
3900940
3900950
3900960
3900970
3900980
3901520
3901530
3901540
3901600
3901610
3901680
3901700
3901780
3901830
3901840
3901890
3901910
3901920
3901970
3901990
3902010
3902050
3902060
3902140
3902150
3902160
3902210
3902220
3902230
3902270
3902280
3902340
3902390
3902400
3902430
3902440
3902470
3902490
3902500
3902510
3902520
3902530
3902550
3902560
3902580
3902590
3902600
3902610
3902630
3902650
3902660
3902670
3902680
3902690
3902710
3902740
3902800
3902830
3902850
3902860
3902910
3902930
3902980
3903010
3903050
3903110
3903120
3903140
3903170
3903180
3903190
3903200
3903430
3903490
3903520
3903530
3903540
3903580
3903590
3903600
3903610
3903620
3903650
3903690
3903710
3903740
3903800
3903830
3903880
3903900
3903920
3903980
3904000
3904080
3904120
3904150
3904180
3904230
3904450
3904480
3904590
3904710
3904770
3904800
3904810
3904850
3904860
3904870
3904890
3904960
3904990
3905040
3905080
3905170
3905340
3905380
3905430
3905450
3905480
3905500
3905510
3905520
3905530
3905550
3905580
3905590
3905600
3905630
3905670
3905680
3905690
3905700
3905730
3905740
3905750
3905760
3905840
3905850
3905880
3905890
3905920
3905960
3906000
3906040
3906060
3906070
3906090
3906110
3906150
3906170
3906190
3906220
3906230
3906260
3906270
3906300
3906310
3906360
3906400
3906410
3906460
3906610
3906640
3906660
3906680
3906690
3906740
3906750
3906770
3906780
3906790
3906800
3906870
3906930
3906970
3907020
3907040
3907050
3907060
3907080
3907090
3907100
3907110
3907120
3907180
3907190
3907210
3907250
3907260
3907270
3907280
3907320
3907330
3907350
3907380
3907440
3907500
3907520
3907530
3907560
3907570
3907610
3907620
3907760
3907790
3907800
3907810
3907820
3907830
3907840
3907850
3907870
3907880
3907900
3907910
3907920
3907940
3907990
3908010
3908030
3908060
3908080
3908090
3908120
3908130
3908190
3908200
3908230
3908250
3908260
3908270
3908280
3908290
3908320
3908370
3908390
3908400
3908410
3908430
3908440
3908470
3908590
3908630
3908660
3908670
3908680
3908710
3908760
3908770
3908780
3908810
3908840
3908850
3908900
3908920
3908930
3908940
3909060
3909070
3909090
3909120
3909150
3909220
3909230
3909280
3909290
3909300
3909330
3909340
3909430
3909450
3909470
3909480
3909490
3909500
3909510
3909550
3909570
3909600
3909660
3909690
3909700
3909710
3909740
3909750
3909770
3909780
3909790
3909810
3909860
3909870
3909950
3909960
3909970
3910020
3910050
3910080
3910100
3910110
3910120
3910140
3910160
3910180
3910190
3910270
3910310
3910320
3910330
3910340
3910370
3910390
3910410
3910430
3910440
3910460
3910490
3910500
3910510
3910540
3910560
3910590
3910610
3910630
3910660
3910680
3910720
3910740
3910750
3910800
3910860
3910890
3910900
3910920
3910950
3911010
3911080
3911120
3911150
3911230
3911250
3911260
3911300
3911320
3911340
3911370
3911400
3911420
3911490
3911500
3911520
3911560
3911600
3911680
3911690
3911720
3911730
3911740
3911750
3911760
3911770
3911780
3911790
3911800
3911810
3911820
3911830
3911840
3911880
3911890
3911910
3911920
3911950
3911970
3912040
3912050
3912080
3912090
3912130
3912150
3912160
3912280
3912310
3912320
3912370
3912380
3912410
3912420
3912430
3912440
3912500
3912520
3912570
3912580
3912600
3912670
3912680
3912720
3912730
3912740
3912770
3912820
3912830
3912870
3912900
3912940
3913020
3913030
3913060
3913090
3913130
3913140
3913170
3913180
3913190
3913230
3913270
3913290
3913310
3913360
3913370
3913380
3913420
3913480
3913550
3913560
3913650
3913700
3913780
3913820
3913840
3913850
3913890
3913910
3913920
3913930
3913950
3913970
3913990
3914000
3914030
3914070
3914140
3914150
3914160
3914190
3914200
3914210
3914250
3914270
3914300
3914330
3914350
3914400
3914410
3914430
3914470
3914490
3914500
3914530
3914550
3914590
3914680
3914690
3914710
3914720
3914750
3914780
3914830
3914840
3914870
3914910
3914920
3914970
3914980
3915010
3915030
3915050
3915060
3915070
3915080
3915110
3915120
3915140
3915160
3915170
3915180
3915190
3915200
3915220
3915230
3915270
3915280
3915290
3915320
3915360
3915380
3915540
3915550
3915580
3915590
3915610
3915630
3915640
3915670
3915700
3915720
3915840
3915880
3915890
3915940
3915970
3915980
3916010
3916020
3916030
3916040
3916050
3916080
3916100
3916110
3916180
3916230
3916250
3916270
3916300
3916340
3916360
3916370
3916380
3916390
3916460
3916470
3916480
3916540
3916550
3916560
3916570
3916580
3916610
3916620
3916660
3916670
3916700
3916710
3916720
3916730
3916770
3916780
3916790
3916800
3916810
3916830
3916860
3916870
3916950
3917000
3917010
3917020
3917030
3917050
3917060
3917090
3917120
3917170
3917180
3917190
3917230
3917250
3917260
3917320
3917330
3917370
3917480
3917570
3917580
3917590
3917600
3917610
3917620
3917640
3917680
3917700
3917720
3917740
3917750
3917760
3917770
3917780
3917800
3917810
3917840
3917850
3917880
3917910
3917950
3917990
3918060
3918110
3918140
3918160
3918180
3918190
3918200
3918220
3918230
3918240
3918250
3918340
3918360
3918370
3918380
3918390
3918400
3918410
3918450
3918460
3918470
3918490
3918500
3918520
3918560
3918570
3918610
3918620
3918640
3918660
3918670
3918760
3918800
3918840
3918850
3918860
3918880
3918890
3918920
3918930
3918960
3918970
3918980
3919000
3919010
3919020
3919080
3919120
3919130
3919140
3919160
3919190
3919230
3919240
3919270
3919280
3919340
3919350
3919360
3919370
3919380
3919390
3919400
3919430
3919440
3919450
3919470
3919480
3919490
3919520
3919530
3919580
3919600
3919620
3919680
3919690
3919710
3919720
3919730
3919810
3919820
3919840
3919860
3919890
3919900
3919920
3919940
3919960
3920030
3920070
3920080
3920120
3920130
3920160
3920170
3920180
3920190
3920200
3920210
3920260
3920300
3920320
3920330
3920340
3920350
3920370
3920380
3920400
3920420
3920440
3920460
3920480
3920520
3920610
3920630
3920720
3920740
3920770
3920780
3920810
3920850
3920870
3920880
3920890
3920900
3920940
3920980
3920990
3921010
3921020
3921030
3921050
3921060
3921070
3921090
3921100
3921110
3921130
3921140
3921160
3921210
3921240
3921270
3921280
3921290
3921310
3921320
3921340
3921350
3921360
3921400
3921420
3921500
3921510
3921530
3921540
3921560
3921580
3921590
3921620
3921630
3921640
3921650
3921660
3921670
3921680
3921690
3921700
3921710
3921750
3921810
3921820
3921850
3921920
3921940
3921950
3921960
3921970
3921980
3922020
3922040
3922050
3922060
3922090
3922100
3922110
3922120
3922140
3922150
3922160
3922170
3922190
3922200
3922210
3922250
3922260
3922300
3922310
3922320
3922370
3922410
3922440
3922460
3922470
3922480
3922490
3922530
3922560
3922600
3922610
3922650
3922680
3922710
3922750
3922760
3922790
3922810
3922860
3922870
3922880
3922900
3922920
3922950
3922980
3922990
3923000
3923020
3923050
3923060
3923070
3923080
3923110
3923120
3923130
3923140
3923150
3923180
3923210
3923230
3923240
3923270
3923280
3923290
3923390
3923440
3923470
3923500
3923590
3923600
3923640
3923660
3923680
3923690
3923700
3923720
3923740
3923750
3923820
3923900
3923910
3923970
3923980
3924000
3924010
3924020
3924030
3924040
3924060
3924070
3924080
3924120
3924130
3924150
3924170
3924180
3924190
3924200
3924220
3924240
3924270
3924280
3924300
3924320
3924340
3924350
3924400
3924410
3924430
3924440
3924500
3924510
3924530
3924580
3924590
3924600
3924610
3924620
3924630
3924640
3924660
3924670
3924700
3924800
3924810
3924840
3924850
3924880
3924900
3924930
3924970
3924990
3925020
3925040
3925110
3925140
3925150
3925210
3925220
3925240
3925270
3925310
3925320
3925340
3925350
3925400
3925410
3925420
3925540
3925570
3925680
3925720
3925730
3925750
3925760
3925770
3925800
3925810
3925840
3925850
3925860
3925900
3925920
3925940
3925980
3925990
3926020
3926030
3926040
3926060
3926070
3926110
3926130
3926150
3926160
3926170
3926180
3926200
3926220
3926230
3926240
3926250
3926290
3926310
3926330
3926370
3926390
3926400
3926440
3926480
3926510
3926560
3926610
3926620
3926630
3926660
3926670
3926720
3926730
3926750
3926770
3926800
3926820
3926870
3926930
3926970
3926980
3926990
3927050
3927060
3927070
3927080
3927140
3927150
3927170
3927200
3927220
3927250
3927260
3927290
3927310
3927360
3927370
3927380
3927440
3927490
3927520
3927530
3927570
3927580
3927590
3927600
3927630
3927680
3927710
3927750
3927780
3927790
3927800
3927820
3927890
3927920
3927950
3928000
3928010
3928030
3928070
3928080
3928100
3928150
3928180
3928200
3928260
3928270
3928300
3928310
3928320
3928370
3928410
3928500
3928510
3928550
3928560
3928600
3928640
3928650
3928680
3928710
3928740
3928750
3928760
3928770
3928800
3928820
3928840
3928850
3928860
3928880
3928890
3928910
3928930
3928970
3928980
3928990
3929010
3929030
3929050
3929060
3929100
3929110
3929130
3929150
3929160
3929170
3929180
3929190
3929200
3929230
3929240
3929260
3929280
3929290
3929320
3929330
3929340
3929350
3929370
3929380
3929410
3929440
3929470
3929490
3929510
3929530
3929540
3929570
3929580
3929590
3929610
3929630
3929660
3929670
3929700
3929720
3929740
3929750
3929760
3929800
3929830
3929840
3929870
3929930
3929940
3929960
3929970
3929990
3930070
3930090
3930110
3930130
3930140
3930150
3930170
3930190
3930230
3930280
3930300
3930310
3930360
3930370
3930380
3930390
3930410
3930420
3930450
3930480
3930490
3930510
3930550
3930570
3930590
3930640
3930650
3930660
3930690
3930710
3930720
3930770
3930780
3930830
3930840
3930870
3930890
3930900
3930910
3930950
3930970
3931000
3931010
3931020
3931060
3931080
3931150
3931170
3931220
3931240
3931250
3931270
3931290
3931380
3931390
3931410
3931440
3931490
3931530
3931600
3931650
3931660
3931720
3931740
3931750
3931770
3931840
3931930
3931940
3931960
3931970
3931980
3931990
3932010
3932030
3932120
3932130
3932140
3932160
3932170
3932270
3932290
3932330
3932350
3932540
3932560
3932580
3932620
3932650
3932710
3932730
3932740
3932750
3932780
3932860
3932870
3932880
3932890
3932900
3932930
3932950
3932980
3932990
3933000
3933080
3933100
3933120
3933150
3933180
3933210
3933230
3933280
3933330
3933360
3933370
3933400
3933410
3933530
3933560
3933630
3933710
3933730
3933760
3933780
3933800
3933900
3933920
3933950
3933960
3933980
3933990
3934000
3934080
3934110
3934150
3934180
3934200
3934230
3934240
3934250
3934260
3934270
3934280
3934290
3934320
3934330
3934340
3934350
3934410
3934420
3934450
3934490
3934500
3934510
3934520
3934530
3934590
3934600
3934610
3934640
3934830
3934850
3934870
3935020
3935130
3935160
3935180
3935220
3935230
3935240
3935250
3935270
3935290
3935300
3935310
3935330
3935400
3935420
3935440
3935460
3935480
3935520
3935530
3935560
3935570
3935690
3935800
3935960
3936030
3936050
3936060
3936090
3936120
3936190
3936220
3936250
3936260
3936270
3936290
3936320
3936330
3936340
3936350
3936390
3936410
3936420
3936450
3936460
3936480
3936500
3936520
3936530
3936550
3936590
3936620
3936730
3936740
3936750
3936760
3936770
3936790
3936830
3936850
3936860
3936880
3936890
3936900
3936920
3936940
3936960
3937000
3937010
3937040
3937100
3937130
3937150
3937230
3937330
3937350
3937360
3937380
3937400
3937420
3937450
3937480
3937500
3937510
3937540
3937550
3937560
3937580
3937600
3937630
3937650
3937680
3937690
3937710
3937720
3937730
3937770
3937780
3937800
3937810
3937820
3937830
3937840
3937880
3937890
3937900
3937940
3937950
3937960
3938030
3938040
3938050
3938080
3938150
3938160
3938190
3938210
3938230
3938250
3938260
3938290
3938340
3938350
3938370
3938380
3938400
3938410
3938420
3938440
3938540
3938600
3938610
3938640
3938650
3938670
3938680
3938690
3938710
3938720
3938760
3938770
3938800
3938810
3938820
3938830
3938840
3938850
3938880
3938910
3938920
3938940
3938950
3938990
3939000
3939010
3939020
3939040
3939080
3939090
3939100
3939110
3939130
3939150
3939180
3939240
3939260
3939280
3939300
3939310
3939330
3939340
3939350
3939360
3939370
3939400
3939460
3939510
3939550
3939560
3939570
3939610
3939630
3939660
3939700
3939710
3939760
3939770
3939810
3939850
3939880
3939910
3939940
3939950
3939970
3939990
3940000
3940010
3940030
3940050
3940060
3940090
3940100
3940130
3940180
3940190
3940220
3940230
3940240
3940250
3940290
3940300
3940310
3940320
3940340
3940350
3940450
3940480
3940490
3940500
3940590
3940680
3940760
3940770
3940790
3940800
3940820
3940830
3940850
3940880
3940890
3940900
3940920
3940930
3940940
3940990
3941010
3941030
3941070
3941080
3941110
3941130
3941170
3941200
3941230
3941280
3941330
3941350
3941390
3941400
3941430
3941440
3941470
3941480
3941500
3941510
3941560
3941570
3941590
3941650
3941680
3941690
3941700
3941710
3941720
3941750
3941760
3941770
3941780
3941810
3941820
3941850
3941950
3942070
3942100
3942110
3942120
3942130
3942150
3942180
3942220
3942270
3942290
3942300
3942390
3942400
3942460
3942470
3942480
3942500
3942530
3942570
3942580
3942590
3942610
3942620
3942630
3942640
3942650
3942690
3942700
3942710
3942750
3942770
3942780
3942820
3942840
3942850
3942890
3942990
3943120
3943180
3943200
3943210
3943230
3943260
3943280
3943310
3943370
3943390
3943400
3943420
3943430
3943440
3943450
3943460
3943480
3943500
3943540
3943550
3943570
3943580
3943600
3943610
3943690
3943720
3943730
3943750
3943760
3943770
3943840
3943850
3943880
3943900
3943970
3943990
3944010
3944020
3944030
3944070
3944130
3944190
3944210
3944230
3944240
3944270
3944280
3944310
3944330
3944380
3944410
3944440
3944450
3944490
3944500
3944510
3944520
3944530
3944540
3944590
3944610
3944620
3944630
3944650
3944730
3944810
3944840
3944850
3944890
3945350
3945690
3945720
3945790
3945860
3945910
3945920
3945930
3945940
3945950
3946010
3946040
3946060
3946070
3946080
3946090
3946110
3946120
3946160
3946180
3946190
3946220
3946230
3946240
3946250
3946290
3946300
3946310
3946330
3946350
3946360
3946370
3946390
3946400
3946420
3946430
3946460
3946470
3946480
3946490
3946520
3946530
3946540
3946550
3946590
3946600
3946630
3946670
3946700
3946730
3946740
3946750
3946760
3946790
3946800
3946810
3946820
3946830
3946860
3946880
3946940
3946950
3946960
3946970
3947030
3947040
3947070
3947100
3947110
3947130
3947150
3947180
3947220
3947230
3947270
3947280
3947300
3947310
3947330
3947360
3947390
3947440
3947450
3947460
3947470
3947480
3947490
3947500
3947510
3947520
3947530
3947540
3947600
3947690
3947700
3947710
3947720
3947730
3947760
3947790
3947800
3947830
3947860
3947910
3947980
3947990
3948000
3948030
3948040
3948050
3948080
3948100
3948110
3948120
3948130
3948140
3948190
3948200
3948320
3948350
3948370
3948390
3948410
3948440
3948450
3948460
3948470
3948490
3948530
3948550
3948570
3948580
3948600
3948610
3948620
3948650
3948660
3948680
3948730
3948760
3948770
3948790
3948820
3948830
3948840
3948850
3948890
3948910
3948940
3948960
3948970
3948980
3949030
3949040
3949060
3949080
3949120
3949170
3949180
3949190
3949200
3949210
3949220
3949280
3949290
3949420
3949430
3949440
3949460
3949470
3949500
3949530
3949560
3949580
3949620
3949650
3949670
3949680
3949700
3949720
3949730
3949740
3949750
3949760
3949770
3949790
3949810
3949860
3949870
3949880
3949890
3949900
3949920
3949970
3949990
3950000
3950020
3950030
3950050
3950060
3950070
3950090
3950130
3950150
3950160
3950170
3950190
3950210
3950220
3950250
3950260
3950280
3950290
3950300
3950320
3950330
3950360
3950440
3950490
3950520
3950540
3950630
3950640
3950670
3950680
3950720
3950730
3950740
3950770
3950840
3950890
3950940
3950950
3950980
3951050
3951210
3951230
3951260
3951270
3951280
3951290
3951310
3951320
3951330
3951340
3951350
3951360
3951370
3951400
3951430
3951450
3951460
3951470
3951480
3951530
3951570
3951600
3951630
3951660
3951670
3951680
3951700
3951740
3951770
3951780
3951790
3951810
3951870
3951880
3951950
3951960
3951970
3951990
3952000
3952010
3952030
3952040
3952050
3952070
3952090
3952110
3952130
3952140
3952160
3952200
3952230
3952260
3952290
3952330
3952360
3952370
3952390
3952400
3952460
3952490
3952510
3952520
3952540
3952570
3952590
3952620
3952630
3952640
3952680
3952820
3952880
3952890
3952930
3952990
3953000
3953020
3953050
3953060
3953070
3953080
3953110
3953120
3953130
3953140
3953190
3953220
3953240
3953250
3953280
3953330
3953340
3953350
3953380
3953400
3953410
3953420
3953440
3953450
3953480
3953490
3953500
3953510
3953520
3953530
3953540
3953550
3953570
3953580
3953600
3953690
3953700
3953710
3953720
3953730
3953840
3953850
3953860
3953870
3953890
3953900
3953910
3953940
3954050
3954070
3954080
3954090
3954100
3954110
3954140
3954160
3954220
3954290
3954300
3954330
3954340
3954350
3954360
3954370
3954380
3954390
3954440
3954460
3954490
3954580
3954600
3954610
3954630
3954780
3954800
3954820
3954850
3954920
3954940
3954950
3954970
3954990
3955000
3955010
3955030
3955050
3955060
3955080
3955090
3955120
3955130
3955160
3955170
3955220
3955230
3955240
3955260
3955270
3955280
3955300
3955350
3955400
3955460
3955490
3955510
3955540
3955550
3955620
3955650
3955660
3955690
3955700
3955720
3955730
3955780
3955800
3955870
3955930
3955960
3956020
3956030
3956070
3956080
3956120
3956150
3956170
3956280
3956320
3956330
3956340
3956350
3956380
3956390
3956400
3956440
3956460
3956470
3956480
3956510
3956540
3956550
3956560
3956590
3956600
3956640
3956660
3956670
3956700
3956740
3956750
3956790
3956800
3956820
3956860
3956890
3956910
3956930
3956980
3956990
3957020
3957050
3957070
3957110
3957140
3957240
3957260
3957270
3957340
3957390
3957420
3957430
3957460
3957480
3957520
3957530
3957540
3957560
3957580
3957590
3957620
3957640
3957650
3957680
3957720
3957770
3957780
3957810
3957840
3957860
3957870
3957890
3957950
3957960
3958020
3958030
3958040
3958080
3958150
3958160
3958200
3958240
3958250
3958260
3958270
3958390
3958410
3958460
3958490
3958510
3958550
3958590
3958600
3958620
3958640
3958650
3958660
3958680
3958820
3958830
3958860
3958880
3958900
3958940
3959000
3959020
3959050
3959100
3959110
3959150
3959160
3959180
3959230
3959250
3959360
3959370
3959400
3959430
3959460
3959480
3959520
3959530
3959570
3959590
3959690
3959710
3959720
3959730
3959750
3959760
3959830
3959840
3959850
3959870
3959890
3959900
3959910
3959930
3959950
3959960
3959970
3959980
3959990
3960010
3960080
3960090
3960110
3960120
3960140
3960150
3960160
3960170
3960190
3960200
3960220
3960240
3960260
3960280
3960350
3960360
3960370
3960380
3960400
3960410
3960420
3960440
3960450
3960460
3960500
3960530
3960740
3960750
3960760
3960770
3960800
3960830
3960930
3960940
3960970
3960990
3961000
3961050
3961090
3961100
3961110
3961120
3961130
3961160
3961220
3961300
3961320
3961370
3961400
3961430
3961470
3961540
3961570
3961580
3961600
3961630
3961650
3961690
3961710
3961740
3961760
3961820
3961850
3961860
3961870
3961880
3961890
3961900
3961910
3961920
3961940
3961950
3961980
3961990
3962020
3962040
3962070
3962100
3962110
3962130
3962140
3962150
3962160
3962180
3962200
3962220
3962230
3962240
3962250
3962260
3962270
3962310
3962320
3962330
3962400
3962410
3962420
3962430
3962450
3962460
3962470
3962500
3962520
3962540
3962570
3962580
3962600
3962610
3962620
3962650
3962660
3962740
3962750
3962760
3962770
3962780
3962800
3962830
3962840
3962850
3962910
3962920
3962960
3962970
3963000
3963010
3963030
3963050
3963060
3963070
3963080
3963120
3963200
3963220
3963230
3963240
3963290
3963300
3963310
3963450
3963470
3963490
3963500
3963520
3963530
3963610
3963620
3963630
3963640
3963650
3963660
3963670
3963720
3963730
3963740
3963750
3963760
3963810
3963830
3963840
3963860
3963880
3963900
3963950
3963960
3963980
3964000
3964010
3964020
3964030
3964050
3964120
3964140
3964160
3964200
3964240
3964260
3964280
3964330
3964340
3964350
3964380
3964390
3964400
3964420
3964430
3964450
3964470
3964490
3964500
3964520
3964530
3964540
3964560
3964600
3964610
3964620
3964640
3964650
3964670
3964680
3964700
3964740
3964780
3964800
3964840
3964890
3965030
3965050
3965060
3965070
3965090
3965120
3965160
3965180
3965190
3965200
3965220
3965240
3965270
3965280
3965290
3965310
3965330
3965340
3965350
3965400
3965430
3965460
3965470
3965480
3965520
3965540
3965560
3965580
3965590
3965600
3965610
3965620
3965650
3965660
3965670
3965680
3965700
3965710
3965730
3965750
3965760
3965780
3965810
3965840
3965860
3965890
3965930
3965960
3965970
3966010
3966030
3966070
3966080
3966090
3966120
3966130
3966140
3966150
3966170
3966180
3966200
3966260
3966270
3966300
3966320
3966350
3966360
3966370
3966380
3966420
3966460
3966480
3966500
3966510
3966540
3966570
3966650
3966660
3966710
3966730
3966780
3966790
3966800
3966820
3966850
3966860
3966870
3966890
3966910
3966920
3966930
3966940
3966950
3967030
3967040
3967060
3967130
3967140
3967160
3967180
3967230
3967240
3967260
3967270
3967280
3967310
3967330
3967340
3967360
3967410
3967430
3967470
3967480
3967510
3967520
3967560
3967600
3967660
3967680
3967700
3967730
3967750
3967760
3967790
3967820
3967860
3967880
3967910
3967920
3967950
3967980
3968040
3968060
3968080
3968100
3968140
3968150
3968160
3968200
3968220
3968250
3968280
3968290
3968300
3968340
3968360
3968380
3968430
3968450
3968460
3968470
3968490
3968570
3968600
3968620
3968650
3968690
3968740
3968750
3968770
3968810
3968820
3968850
3968980
3969010
3969080
3969100
3969120
3969130
3969140
3969150
3969190
3969210
3969280
3969310
3969400
3969490
3969510
3969530
3969560
3969610
3969630
3969640
3969670
3969700
3969730
3969740
3969770
3969810
3969820
3969860
3969890
3969910
3969950
3969960
3970010
3970020
3970040
3970070
3970080
3970110
3970200
3970480
3970510
3970530
3970600
3970610
3970650
3970660
3970690
3970710
3970720
3970750
3970760
3970790
3970800
3970820
3970840
3970860
3970880
3970890
3970900
3970920
3970930
3970970
3970990
3971000
3971020
3971030
3971040
3971050
3971080
3971090
3971170
3971260
3971280
3971290
3971300
3971310
3971350
3971370
3971420
3971470
3971510
3971550
3971600
3971630
3971650
3971670
3971680
3971710
3971730
3971820
3971830
3971840
3971860
3971880
3971890
3971940
3971950
3971970
3972140
3972150
3972160
3972170
3972190
3972230
3972260
3972270
3972280
3972290
3972320
3972340
3972370
3972410
3972440
3972460
3972480
3972520
3972530
3972560
3972580
3972590
3972610
3972630
3972650
3972660
3972680
3972690
3972870
3972880
3972900
3972960
3972970
3972980
3972990
3973040
3973050
3973060
3973090
3973160
3973190
3973220
3973280
3973300
3973310
3973320
3973330
3973380
3973400
3973440
3973500
3973520
3973560
3973590
3973630
3973660
3973710
3973720
3973740
3973750
3973760
3973790
3973820
3973860
3973880
3973920
3973980
3973990
3974050
3974110
3974140
3974210
3974220
3974240
3974270
3974290
3974320
3974390
3974410
3974430
3974490
3974510
3974520
3974530
3974570
3974590
3974620
3974640
3974980
3974990
3975060
3975150
3975170
3975190
3975220
3975230
3975250
3975280
3975300
3975330
3975340
3975350
3975360
3975380
3975460
3975490
3975500
3975510
3975530
3975540
3975560
3975570
3975580
3975640
3975700
3975720
3975740
3975750
3975770
3975790
3975800
3975820
3975830
3975880
3975930
3975940
3975950
3975960
3975970
3976010
3976080
3976130
3976140
3976150
3976160
3976170
3976200
3976220
3976270
3976310
3976320
3976330
3976340
3976380
3976390
3976450
3976490
3976500
3976510
3976520
3976500
3976510
3976520
3976540
3976550
3976560
3976580
3976610
3976630
3976660
3976740
3976820
3976860
3976870
3976950
3976980
3976990
3977020
3977030
3977050
3977070
3977090
3977140
3977220
3977230
3977270
3977290
3977300
3977320
3977340
3977380
3977390
3977400
3977460
3977470
3977480
3977490
3977510
3977580
3977620
3977630
3977660
3977670
3977750
3977760
3977770
3977820
3977840
3977870
3977900
3977910
3977920
3977940
3977960
3978000
3978020
3978040
3978090
3978110
3978150
3978210
3978250
3978260
3978290
3978310
3978320
3978340
3978350
3978360
3978410
3978460
3978480
3978490
3978500
3978520
3978590
3978610
3978620
3978700
3978710
3978730
3978760
3978820
3978850
3978910
3979000
3979040
3979060
3979080
3979100
3979130
3979140
3979170
3979210
3979220
3979230
3979240
3979250
3979270
3979280
3979290
3979300
3979310
3979330
3979350
3979370
3979380
3979420
3979440
3979490
3979500
3979540
3979550
3979560
3979570
3979580
3979590
3979650
3979670
3979710
3979720
3979760
3979770
3979790
3979840
3979870
3979880
3979920
3979930
3979940
3979950
3979980
3980000
3980020
3980070
3980100
3980130
3980140
3980170
3980180
3980190
3980210
3980250
3980270
3980290
3980300
3980310
3980340
3980360
3980390
3980430
3980450
3980490
3980500
3980510
3980550
3980560
3980600
3980630
3980710
3980790
3980820
3980870
3980890
3980920
3980930
3980940
3980970
3980980
3980990
3981010
3981020
3981030
3981050
3981060
3981100
3981140
3981150
3981180
3981190
3981220
3981230
3981240
3981260
3981410
3981420
3981460
3981480
3981510
3981540
3981550
3981590
3981630
3981660
3981670
3981680
3981690
3981720
3981740
3981750
3981780
3981840
3981910
3981950
3981970
3982000
3982020
3982040
3982060
3982090
3982110
3982130
3982150
3982290
3982330
3982340
3982350
3982380
3982390
3982400
3982420
3982430
3982440
3982490
3982510
3982520
3982540
3982570
3982600
3982620
3982670
3982690
