10
20
30
40
50
60
70
80
130
220
240
300
320
360
400
440
500
550
570
620
630
730
1002
1200
1250
1300
1313
1500
1510
1520
1530
1600
1610
1620
1630
1640
1670
1690
1700
1900
1930
2100
2200
2210
2270
2280
2310
2320
2400
2420
2450
2500
2520
2540
2590
2600
2610
2620
2630
2640
2700
2710
2720
2800
2810
2820
2840
2850
2870
2900
2910
2920
2990
3010
3020
3050
3130
3170
3230
3260
3270
3300
3310
3320
3330
3340
3350
3360
3380
3390
3400
3410
3420
3430
3450
3460
3480
3483
3490
3500
3510
3520
3530
3540
3560
3570
3580
3590
3600
3610
3620
3700
3710
3720
3730
3800
3810
3820
3830
3900
3910
3920
3960
3980
3990
4000
4100
4230
4290
4300
4420
4460
4470
4520
4530
4560
4570
4700
4770
4780
4800
4850
4870
4880
4890
3500
3510
3520
3530
3540
3560
3570
3580
3590
3600
3610
3620
3700
3710
3720
3730
3800
3810
3820
3830
3900
3910
3920
3960
3980
3990
4000
4100
4230
4290
4300
4420
4460
4470
4520
4530
4560
4570
4700
4770
4780
4800
4850
4870
4880
4890
4900
4920
6000
6010
6020
6030
6040
6060
6080
6120
6200
6210
6220
6250
6270
6300
6310
6370
6400
6420
6510
6600
6800
6810
6830
6840
6870
6910
6920
6980
7000
7010
7020
7110
7200
7210
7220
7260
7340
7510
7520
7530
7600
7610
7620
7650
7660
7670
7730
7760
3500
3510
3520
3530
3540
3560
3570
3580
3590
3600
3610
3620
3700
3710
3720
3730
3800
3810
3820
3830
3900
3910
3920
3960
3980
3990
4000
4100
4230
4290
4300
4420
4460
4470
4520
4530
4560
4570
4700
4770
4780
4800
4850
4870
4880
4890
4900
4920
6000
6010
6020
6030
6040
6060
6080
6120
6200
6210
6220
6250
6270
6300
6310
6370
6400
6420
6510
6600
6800
6810
6830
6840
6870
6910
6920
6980
7000
7010
7020
7110
7200
7210
7220
7260
7340
7510
7520
7530
7600
7610
7620
7650
7660
7670
7730
7760
3500
3510
3520
3530
3540
3560
3570
3580
3590
3600
3610
3620
3700
3710
3720
3730
3800
3810
3820
3830
3900
3910
3920
3960
3980
3990
4000
4100
4230
4290
4300
4420
4460
4470
4520
4530
4560
4570
4700
4770
4780
4800
4850
4870
4880
4890
4900
4920
6000
6010
6020
6030
6040
6060
6080
6120
6200
6210
6220
6250
6270
6300
6310
6370
6400
6420
6510
6600
6800
6810
6830
6840
6870
6910
6920
6980
7000
7010
7020
7110
7200
7210
7220
7260
7340
7510
7520
7530
7600
7610
7620
7650
7660
7670
7730
7760
3500
3510
3520
3530
3540
3560
3570
3580
3590
3600
3610
3620
3700
3710
3720
3730
3800
3810
3820
3830
3900
3910
3920
3960
3980
3990
4000
4100
4230
4290
4300
4420
4460
4470
4520
4530
4560
4570
4700
4770
4780
4800
4850
4870
4880
4890
4900
4920
6000
6010
6020
6030
6040
6060
6080
6120
6200
6210
6220
6250
6270
6300
6310
6370
6400
6420
6510
6600
6800
6810
6830
6840
6870
6910
6920
6980
7000
7010
7020
7110
7200
7210
7220
7260
7340
7510
7520
7530
7600
7610
7620
7650
7660
7670
7730
7760
3500
3510
3520
3530
3540
3560
3570
3580
3590
3600
3610
3620
3700
3710
3720
3730
3800
3810
3820
3830
3900
3910
3920
3960
3980
3990
4000
4100
4230
4290
4300
4420
4460
4470
4520
4530
4560
4570
4700
4770
4780
4800
4850
4870
4880
4890
4900
4920
6000
6010
6020
6030
6040
6060
6080
6120
6200
6210
6220
6250
6270
6300
6310
6370
6400
6420
6510
6600
6800
6810
6830
6840
6870
6910
6920
6980
7000
7010
7020
7110
7200
7210
7220
7260
7340
7510
7520
7530
7600
7610
7620
7650
7660
7670
7730
7760
3500
3510
3520
3530
3540
3560
3570
3580
3590
3600
3610
3620
3700
3710
3720
3730
3800
3810
3820
3830
3900
3910
3920
3960
3980
3990
4000
4100
4230
4290
4300
4420
4460
4470
4520
4530
4560
4570
4700
4770
4780
4800
4850
4870
4880
4890
4900
4920
6000
6010
6020
6030
6040
6060
6080
6120
6200
6210
6220
6250
6270
6300
6310
6370
6400
6420
6510
6600
6800
6810
6830
6840
6870
6910
6920
6980
7000
7010
7020
7110
7200
7210
7220
7260
7340
7510
7520
7530
7600
7610
7620
7650
7660
7670
7730
7760
3500
3510
3520
3530
3540
3560
3570
3580
3590
3600
3610
3620
3700
3710
3720
3730
3800
3810
3820
3830
3900
3910
3920
3960
3980
3990
4000
4100
4230
4290
4300
4420
4460
4470
4520
4530
4560
4570
4700
4770
4780
4800
4850
4870
4880
4890
4900
4920
6000
6010
6020
6030
6040
6060
6080
6120
6200
6210
6220
6250
6270
6300
6310
6370
6400
6420
6510
6600
6800
6810
6830
6840
6870
6910
6920
6980
7000
7010
7020
7110
7200
7210
7220
7260
7340
7510
7520
7530
7600
7610
7620
7650
7660
7670
7730
7760
3500
3510
3520
3530
3540
3560
3570
3580
3590
3600
3610
3620
3700
3710
3720
3730
3800
3810
3820
3830
3900
3910
3920
3960
3980
3990
4000
4100
4230
4290
4300
4420
4460
4470
4520
4530
4560
4570
4700
4770
4780
4800
4850
4870
4880
4890
4900
4920
6000
6010
6020
6030
6040
6060
6080
6120
6200
6210
6220
6250
6270
6300
6310
6370
6400
6420
6510
6600
6800
6810
6830
6840
6870
6910
6920
6980
7000
7010
7020
7110
7200
7210
7220
7260
7340
7510
7520
7530
7600
7610
7620
7650
7660
7670
7730
7760
3500
3510
3520
3530
3540
3560
3570
3580
3590
3600
3610
3620
3700
3710
3720
3730
3800
3810
3820
3830
3900
3910
3920
3960
3980
3990
4000
4100
4230
4290
4300
4420
4460
4470
4520
4530
4560
4570
4700
4770
4780
4800
4850
4870
4880
4890
4900
4920
6000
6010
6020
6030
6040
6060
6080
6120
6200
6210
6220
6250
6270
6300
6310
6370
6400
6420
6510
6600
6800
6810
6830
6840
6870
6910
6920
6980
7000
7010
7020
7110
7200
7210
7220
7260
7340
7510
7520
7530
7600
7610
7620
7650
7660
7670
7730
7760
3500
3510
3520
3530
3540
3560
3570
3580
3590
3600
3610
3620
3700
3710
3720
3730
3800
3810
3820
3830
3900
3910
3920
3960
3980
3990
4000
4100
4230
4290
4300
4420
4460
4470
4520
4530
4560
4570
4700
4770
4780
4800
4850
4870
4880
4890
4900
4920
6000
6010
6020
6030
6040
6060
6080
6120
6200
6210
6220
6250
6270
6300
6310
6370
6400
6420
6510
6600
6800
6810
6830
6840
6870
6910
6920
6980
7000
7010
7020
7110
7200
7210
7220
7260
7340
7510
7520
7530
7600
7610
7620
7650
7660
7670
7730
7760
3500
3510
3520
3530
3540
3560
3570
3580
3590
3600
3610
3620
3700
3710
3720
3730
3800
3810
3820
3830
3900
3910
3920
3960
3980
3990
4000
4100
4230
4290
4300
4420
4460
4470
4520
4530
4560
4570
4700
4770
4780
4800
4850
4870
4880
4890
4900
4920
6000
6010
6020
6030
6040
6060
6080
6120
6200
6210
6220
6250
6270
6300
6310
6370
6400
6420
6510
6600
6800
6810
6830
6840
6870
6910
6920
6980
7000
7010
7020
7110
7200
7210
7220
7260
7340
7510
7520
7530
7600
7610
7620
7650
7660
7670
7730
7760
3500
3510
3520
3530
3540
3560
3570
3580
3590
3600
3610
3620
3700
3710
3720
3730
3800
3810
3820
3830
3900
3910
3920
3960
3980
3990
4000
4100
4230
4290
4300
4420
4460
4470
4520
4530
4560
4570
4700
4770
4780
4800
4850
4870
4880
4890
4900
4920
6000
6010
6020
6030
6040
6060
6080
6120
6200
6210
6220
6250
6270
6300
6310
6370
6400
6420
6510
6600
6800
6810
6830
6840
6870
6910
6920
6980
7000
7010
7020
7110
7200
7210
7220
7260
7340
7510
7520
7530
7600
7610
7620
7650
7660
7670
7730
7760
3500
3510
3520
3530
3540
3560
3570
3580
3590
3600
3610
3620
3700
3710
3720
3730
3800
3810
3820
3830
3900
3910
3920
3960
3980
3990
4000
4100
4230
4290
4300
4420
4460
4470
4520
4530
4560
4570
4700
4770
4780
4800
4850
4870
4880
4890
4900
4920
6000
6010
6020
6030
6040
6060
6080
6120
6200
6210
6220
6250
6270
6300
6310
6370
6400
6420
6510
6600
6800
6810
6830
6840
6870
6910
6920
6980
7000
7010
7020
7110
7200
7210
7220
7260
7340
7510
7520
7530
7600
7610
7620
7650
7660
7670
7730
7760
