4161910
4161930
4161940
4161950
4161970
4161990
4162020
4162050
4162070
4162090
4162110
4162130
4162150
4162160
4162170
4162190
4162240
4162260
4162270
4162280
4162300
4162310
4162320
4162340
4162350
4162360
4162370
4162460
4162470
4162530
4162580
4162600
4162620
4162630
4162640
4162670
4162740
4162750
4162770
4162890
4162900
4162960
4162970
4162990
4163000
4163010
4163030
4163040
4163060
4163080
4163120
4163130
4163140
4163150
4163200
4163270
4163280
4163290
4163320
4163330
4163340
4163350
4163430
4163440
4163450
4163480
4163520
4163600
4163660
4163750
4163770
4163930
4163960
4163980
4163990
4164000
4164030
4164050
4164110
4164120
4164130
4164140
4164210
4164250
4164260
4164270
4164310
4164330
4164340
4164370
4164420
4164440
4164460
4164480
4164520
4164530
4164560
4164570
4164580
4164590
4164640
4164670
4164680
4164770
4164790
4164810
4164840
4164850
4164890
4164900
4164940
4164950
4164990
4165000
4165010
4165030
4165040
4165060
4165160
4165170
4165180
4165190
4165210
4165240
4165280
4165290
4165310
4165340
4165370
4165390
4165400
4165440
4165450
4165460
4165500
4165510
4165530
4165600
4165620
4165630
4165660
4165690
4165710
4165720
4165730
4165740
4165830
4165860
4165930
4165950
4165960
4165970
4166030
4166050
4166070
4166080
4166120
4166140
4166150
4166250
4166280
4166360
4166390
4166410
4166450
4166510
4166530
4166540
4166560
4166570
4166620
4166630
4166650
4166670
4166690
4166710
4166740
4166750
4166770
4166780
4166800
4166860
4166870
4166900
4166940
4166950
4166990
4167000
4167120
4167150
4167200
4167230
4167300
4167320
4167350
4167440
4167560
4167570
4167610
4167640
4167650
4167680
4167700
4167710
4167720
4167840
4167940
4167950
4167960
4168000
4168020
4168040
4168080
4168110
4168190
4168200
4168210
4168220
4168280
4168290
4168300
4168310
4168320
4168350
4168390
4168400
4168420
4168430
4168440
4168580
4168600
4168670
4168680
4168700
4168740
4168750
4168800
4168830
4168850
4168860
4168960
4169010
4169020
4169040
4169060
4169070
4169090
4169100
4169150
4169160
4169190
4169200
4169210
4169220
4169230
4169240
4169270
4169280
4169300
4169340
4169370
4169410
4169420
4169480
4169490
4169530
4169540
4169570
4169600
4169620
4169680
4169690
4169720
4169730
4169750
4169760
4169770
4169780
4169800
4169810
4169820
4169850
4169890
4169900
4169920
4169930
4169990
4170000
4170020
4170040
4170050
4170080
4170090
4170120
4170130
4170160
4170170
4170200
4170210
4170220
4170280
4170340
4170350
4170390
4170400
4170430
4170450
4170490
4170540
4170570
4170610
4170650
4170660
4170690
4170700
4170710
4170730
4170790
4170810
4170820
4170840
4170850
4170880
4170960
4171020
4171040
4171050
4171070
4171080
4171090
4171110
4171130
4171140
4171190
4171200
4171210
4171250
4171330
4171410
4171420
4171430
4171500
4171510
4171520
4171530
4171540
4171610
4171620
4171640
4171660
4171670
4171680
4171730
4171740
4171770
4171800
4171840
4171850
4171890
4171910
4171930
4172080
4172090
4172110
4172150
4172160
4172170
4172180
4172190
4172230
4172250
4172270
4172300
4172330
4172340
4172350
4172360
4172370
4172410
4172450
4172460
4172520
4172530
4172550
4172560
4172570
4172640
4172680
4172690
4172720
4172730
4172750
4172790
4172830
4172930
4172940
4172960
4172970
4173020
4173040
4173060
4173110
4173120
4173130
4173510
4173520
4173550
4173560
4173570
4173600
4173620
4173720
4173730
4173740
4173750
4173760
4173780
4173790
4173810
4173820
4173840
4173850
4173860
4173940
4173950
4173970
4173980
4174010
4174050
4174060
4174100
4174120
4174130
4174160
4174250
4174270
4174280
4174310
4174350
4174360
4174380
4174390
4174480
4174490
4174520
4174530
4174550
4174570
4174600
4174610
4174620
4174660
4174730
4174770
4174780
4174810
4174860
4174880
4174890
4174900
4174910
4174950
4174980
4174990
4175010
4175040
4175060
4175070
4175080
4175110
4175140
4175180
4175200
4175240
4175260
4175330
4175350
4175370
4175380
4175430
4175440
4175510
4175580
4175590
4175620
4175650
4175660
4175680
4175700
4175710
4175720
4175730
4175740
4175750
4175770
4175790
4175830
4175840
4175930
4175950
4175970
4175980
4176000
4176030
4176050
4176100
4176140
4176230
4176260
4176280
4176320
4176330
4176340
4176350
4176360
4176430
4176440
4176450
4176460
4176470
4176490
4176500
4176520
4176570
4176620
4176670
4176690
4176720
4176730
4176740
4176750
4176770
4176860
4176930
4176940
4176980
4177000
4177020
4177030
4177050
4177070
4177110
4177120
4177130
4177220
4177260
4177310
4177330
4177370
4177400
4177420
4177430
4177440
4177470
4177500
4177510
4177540
4177580
4177620
4177650
4177660
4177670
4177770
4177790
4177830
4177850
4177880
4177910
4177950
4177970
4177990
4178020
4178030
4178060
4178080
4178100
4178110
4178140
4178160
4178190
4178200
4178210
4178290
4178360
4178370
4178380
4178430
4178520
4178540
4178570
4178610
4178630
4178640
4178660
4178670
4178690
4178750