3331260
3331270
3331280
3331310
3331320
3331350
3331370
3331390
3331400
3331420
3331450
3331520
3331540
3331550
3331570
3331580
3331590
3331600
3331610
3331630
3331640
3331650
3331670
3331690
3331710
3331770
3331810
3331840
3331860
3331900
3331940
3331950
3331960
3331980
3332000
3332020
3332030
3332040
3332050
3332060
3332070
3332080
3332090
3332120
3332140
3332150
3332160
3332170
3332370
3332380
3332400
3332410
3332440
3332450
3332460
3332490
3332500
3332530
3332550
3332600
3332630
3332640
3332660
3332670
3332680
3332690
3332700
3332710
3332720
3332730
3332760
3332770
3332780
3332790
3332800
3332830
3332860
3332870
3332880
3332970
3333000
3333010
3333020
3333050
3333060
3333080
3333110
3333120
3333130
3333180
3333190
3333200
3333220
3333250
3333310
3333330
3333340
3333350
3333360
3333380
3333410
3333460
3333470
3333500
3333590
3333600
3333610
3333630
3333650
3333670
3333680
3333700
3333740
3333760
3333790
3333830
3333840
3333850
3333890
3333900
3333930
3333940
3333980
3333990
3334050
3334100
3334170
3334190
3334200
3334220
3334260
3334280
3334330
3334350
3334360
3334400
3334430
3334450
3334510
3334520
3334530
3334540
3334550
3334560
3334570
3334580
3334600
3334610
3334630
3334640
3334650
3334660
3334690
3334710
3334740
3334750
3334760
3334770
3334830
3334980
3334990
3335040
3335050
3335060
3335070
3335100
3335120
3335130
3335170
3335310
3335360
3335390
3335420
3335460
3335500
3335510
3335540
3335600
3335650
3335690
3335730
3335810
3335840
3335880
3335890
3335910
3335930
3335980
3336000
3336010
3336020
3336070
3336100
3336110
3336140
3336150
3336160
3336170
3336200
3336220
3336230
3336240
3336260
3336270
3336280
3336340
3336360
3336370
3336430
3336440
3336450
3336460
3336520
3336530
3336590
3336620
3336630
3336640
3336660
3336670
3336710
3336760
3336800
3336940
3336960
3336990
3337000
3337010
3337050
3337060
3337070
3337100
3337110
3337120
3337130
3337140
3337150
3337160
3337180
3337200
3337210
3337220
3337280
3337290
3337310
3337320
3337340
3337350
3337370
3337380
3337390
3337440
3337480
3337490
3337500
3337620
3337630
3337640
3337650
3337660
3337670
3337680
3337690
3337710
3337720
3337740
3337750
3337770
3337780
3337790
3337840
3337850
3337860
3337870
3337920
3337930
3337950
3337970
3337980
3338000
3338020
3338050
3338080
3338100
3338140
3338180
3338190
3338200
3338240
3338260
3338320
3338350
3338380
3338390
3338440
3338450
3338460
3338470
3338490
3338510
3338530
3338550
3338560
3338600
3338630
3338660
3338670
3338680
3338750
3338820
3338850
3338860
3338880
3338890
3338950
3339000
3339090
3339100
3339180
3339200
3339220
3339230
3339240
3339270
3339280
3339300
3339320
3339330
3339350
3339410
3339420
3339450
3339460
3339470
3339490
3339500
3339510
3339570
3339600
3339630
3339680
3339720
3339730
3339780
3339800
3339810
3339830
3339840
3339860
3339880
3339910
3339920
3339990
3340020
3340040
3340050
3340070
3340080
3340110
3340120
3340160
3340210
3340220
3340240
3340250
3340270
3340290
3340300
3340310
3340330
3340510
3340530
3340710
3340720
3340740
3340750
3340760
3340770
3340780
3340810
3340820
3340830
3340870
3340880
3340890
3340900
3340910
3340920
3340940
3340980
3341000
3341010
3341100
3341110
3341140
3341150
3341190
3341220
3341330
3341350
3341370
3341420
3341430
3341440
3341450
3341460
3341510
3341610
3341620
3341630
3341650
3341660
3341710
3341750
3341780
3341800
3341830
3341920
3341950
3341980
3342040
3342050
3342080
3342090
3342130
3342140
3342150
3342170
3342190
3342210
3342240
3342270
3342320
3342330
3342350
3342370
3342380
3342390
3342400
3342410
3342430
3342470
3342480
3342490
3342500
3342540
3342580
3342600
3342610
3342630
3342640
3342650
3342670
3342680
3342760
3342770
3342780
3342800
3342810
3342870
3342880
3342890
3342900
3342960
3342980
3343010
3343020
3343040
3343120
3343160
3343170
3343250
3343300
3343320
3343330
3343340
3343360
3343380
3343390
3343400
3343440
3343480
3343530
3343550
3343560
3343570
3343590
3343600
3343630
3343650
3343670
3343690
3343700
3343710
3343720
3343750
3343760
3343770
3343790
3343810
3343820
3343840
3343850
3343880
3343910
3343920
3343930
3343940
3343950
3343960
3343970
3344000
3344030
3344040
3344150
3344160
3344180
3344190
3344250
3344270
3344280
3344310
3344320
3344350
3344360
3344400
3344410
3344420
3344450
3344520
3344530
3344550
3344560
3344580
3344640
3344710
3344730
3344740
3344750
3344760
3344770
3344790
3344800
3344810
3344820
3344830
3344870
3344890
3344910
3344920
3344930
3344950
3344960
3344970
3345000
3345040
3345050
3345130
3345140
3345150
3345210
3345260
3345270
3345290
3345390
3345430
3345480
3345490
3345500
3345530
3345540
3345550
3345570
3345580
3345590
3345620
3345640
3345660
3345670
3345680
3345690
3345710
3345760
3345780
3345810
3345820
3345880
3345910
3345950
3345960
3345970
3346090
3346170
3346220
3346240
3346250
3346260
3346270
3346300
3346310
3346320
3346340
3346390
3346400
3346410
3346420
3346440
3346480
3346500
3346520
3346610
3346670
3346720
3346740
3346760
3346790
3346820
3346830
3346860
3346940
3346950
3346970
3346980
3346990
3347050
3347060
3347070
3347080
3347090
3347110
3347120
3347150
3347170
3347200
3347210
3347250
3347280
3347290
3347310
3347330
3347340
3347370
3347420
3347430
3347500
3347520
3347560
3347600
3347610
3347620
3347650
3347670
3347690
3347710
3347800
3347810
3347830
3347860
3347910
3347930
3347940
3347950
3347960
3348020
3348100
3348120
3348150
3348240
3348260
3348270
3348280
3348300
3348370
3348500
3348510
3348540
3348550
3348560
3348570
3348590
3348600
3348640
3348650
3348670
3348690
3348710
3348720
3348730
3348750
3348770
3348850
3348860
3348880
3348900
3348910
3348920
3348970
3349010
3349020
3349060
3349070
3349140
3349150
3349190
3349220
3349270
3349290
3349340
3349440
3349460
3349500
3349510
3349520
3349560
3349600
3349610
3349670
3349700
3349730
3349750
3349770
3349800
3349820
3349830
3349840
3349850
3349860
3349870
3349900
3349910
3349930
3349940
3349960
3349970
3349980
3350000
3350030
3350040
3350050
3350110
3350140
3350160
3350190
3350200
3350240
3350250
3350290
3350310
3350340
3350350
3350380
3350440
3350460
3350480
3350500
3350510
3350610
3350630
3350740
3350750
3350780
3350790
3350800
3350820
3350830
3350840
3350850
3350860
3350870
3350890
3350910
3350920
3350940
3350950
3350960
3351020
3351040
3351070
3351080
3351090
3351100
3351110
3351140
3351150
3351180
3351220
3351230
3351260
3351280
3351290
3351330
3351340
3351350
3351360
3351390
3351400
3351410
3351420
3351430
3351470
3351490
3351500
3351530
3351550
3351560
3351570
3351610
3351620
3351640
3351650
3351660
3351670
3351690
3351710
3351730
3351760
3351770
3351790
3351800
3351830
3351840
3351860
3351890
3351910
3351940
3351950
3351970
3351980
3351990
3352020
3352070
3352130
3352140
3352150
3352160
3352180
3352240
3352250
3352260
3352300
3352310
3352350
3352390
3352420
3352440
3352470
3352560
3352670
3352680
3352690
3352710
3352750
3352820
3352840
3352850
3352870
3352880
3352910
3352930
3352950
3352970
3353000
3353030
3353040
3353050
3353080
3353090
3353100
3353120
3353130
3353150
3353170
3353180
3353200
3353230
3353260
3353280
3353290
3353390
3353400
3353490
3353510
3353580
3353590
3353620
3353670
3353700
3353740
3353800
3353810
3353820
3353830
3353840
3353860
3353880
3353900
3354040
3354050
3354080
3354130
3354160
3354170
3354190
3354200
3354220
3354230
3354250
3354260
3354280
3354290
3354300
3354320
3354750
3354760
3354770
3354850
3354920
3354930
3354950
3354960
3354980
3354990
3355010
3355020
3355060
3355070
3355080
3355100
3355110
3355120
3355140
3355150
3355170
3355230
3355240
3355360
3355380
3355400
3355420
3355430
3355510
3355550
3355590
3355610
3355680
3355690
3355700
3355730
3355740
3355750
3355760
3355780
3355790
3355800
3355810
3355830
3355890
3355900
3355910
3355930
3355940
3355950
3355980
3355990
3356000
3356010
3356060
3356080
3356090
3356130
3356160
3356220
3356230
3356250
3356290
3356310
3356320
3356330
3356340
3356350
3356360
3356400
3356440
3356480
3356500
3356520
3356540
3356570
3356590
3356640
3356660
3356690
3356700
3356720
3356740
3356770
3356780
3356790
3356800
3356810
3356830
3356840
3356860
3356920
3356930
3356950
3356960
3356970
3356980
3357000
3357010
3357050
3357060
3357120
3357130
3357160
3357250
3357310
3357380
3357410
3357430
3357470
3357480
3357510
3357570
3357580
3357600
3357630
3357650
3357660
3357670
3357680
3357860
3357870
3357880
3357890
3357910
3357930
3357940
3357950
3357960
3357970
3357980
3358010
3358020
3358030
3358040
3358060
3358170
3358210
3358220
3358230
3358250
3358260
3358270
3358300
3358340
3358360
3358400
3358410
3358470
3358480
3358510
3358520
3358560
3358580
3358590
3358650
3358660
3358680
3358690
3358740
3358820
3358850
3358870
3358880
3358900
3358960
3358980
3359020
3359030
3359110
3359140
3359160
3359190
3359200
3359210
3359260
3359280
3359310
3359320
3359330
3359360
3359370
3359390
3359410
3359420
3359430
3359440
3359450
3359470
3359480
3359510
3359520
3359540
3359560
3359580
3359610
3359650
3359690
3359700
3359710
3359830
3359840
3359860
3359870
3359900
3359910
3359920
3359930
3359990
3360000
3360010
3360070
3360110
3360130
3360150
3360170
3360190
3360220
3360230
3360250
3360260
3360270
3360280
3360300
3360320
3360330
3360340
3360380
3360390
3360420
3360580
3360590
3360630
3360660
3360700
3360710
3360730
3360740
3360770
3360780
3360810
3360820
3360850
3360860
3360880
3360890
3360930
3360950
3360990
3361000
3361030
3361050
3361060
3361070
3361090
3361120
3361180
3361190
3361200
3361210
3361220
3361280
3361320
3361330
3361340
3361360
3361380
3361460
3361470
3361480
3361500
3361510
3361540
3361600
3361620
3361660
3361700
3361720
3361730
3361760
3361770
3361780
3361790
3361810
3361820
3361860
3361890
3361900
3361910
3361960
3361980
3362040
3362070
3362090
3362100
3362120
3362130
3362140
3362160
3362170
3362180
3362190
3362210
3362250
3362260
3362310
3362320
3362330
3362340
3362350
3362370
3362390
3362480
3362490
3362500
3362660
3362670
3362750
3362760
3362780
3362790
3362830
3362850
3362860
3362870
3362900
3362940
3362960
3362980
3362990
3363000
3363030
3363040
3363050
3363180
3363200
3363230
3363250
3363260
3363270
3363280
3363310
3363390
3363400
3363410
3363420
3363430
3363450
3363460
3363480
3363510
3363530
3363550
3363560
3363570
3363580
3363590
3363600
3363610
3363630
3363640
3363680
3363700
3363730
3363740
3363780
3363790
3363800
3363810
3363820
3363830
3363840
3363890
3363910
3363970
3363980
3364060
3364070
3364080
3364120
3364130
3364150
3364220
3364470
3364480
3364490
3364500
3364520
3364560
3364570
3364590
3364600
3364650
3364740
3364770
3364810
3364830
3364850
3364860
3364870
3364880
3364910
3364940
3364970
3364980
3365000
3365030
3365040
3365050
3365080
3365090
3365120
3365130
3365140
3365170
3365300
3365320
3365360
3365370
3365380
3365400
3365420
3365430
3365440
3365450
3365470
3365560
3365630
3365660
3365680
3365730
3365820
3365840
3365850
3365860
3365870
3365890
3365900
3365910
3365920
3365940
3365970
3365990
3366000
3366010
3366050
3366060
3366070
3366120
3366130
3366140
3366170
3366200
3366270
3366320
3366360
3366370
3366410
3366590
3366600
3366700
3366710
3366750
3366780
3366870
3366910
3366940
3366950
3366960
3366990
3367000
3367010
3367020
3367030
3367060
3367070
3367100
3367130
3367170
3367190
3367260
3367320
3367360
3367410
3367420
3367430
3367460
3367480
3367490
3367500
3367520
3367540
3367590
3367600
3367610
3367620
3367640
3367660
3367680
3367690
3367700
3367710
3367720
3367740
3367760
3367770
3367780
3367820
3367880
3367900
3367920
3367930
3367950
3367980
3367990
3368050
3368060
3368080
3368090
3368100
3368150
3368200
3368210
3368230
3368250
3368280
3368300
3368340
3368350
3368360
3368390
3368400
3368410
3368470
3368480
3368510
3368520
3368530
3368550
3368580
3368640
3368800
3368820
3368850
3368860
3368880
3368910
3368940
3368980
3369000
3369010
3369020
3369050
3369060
3369070
3369080
3369100
3369110
3369120
3369150
3369180
3369190
3369200
3369210
3369220
3369250
3369280
3369290
3369300
3369340
3369360
3369370
3369390
3369410
3369420
3369430
3369440
3369470
3369500
3369510
3369570
3369610
3369670
3369700
3369850
3369920
3369940
3369970
3369990
3370050
3370080
3370100
3370120
3370130
3370150
3370170
3370180
3370190
3370210
3370230
3370260
3370270
3370290
3370330
3370340
3370350
3370370
3370400
3370430
3370450
3370460
3370480
3370490
3370500
3370510
3370520
3370540
3370560
3370570
3370580
3370600
3370640
3370680
3370710
3370730
3370750
3370840
3370870
3370930
3370940
3370950
3370960
3370970
3370980
3371030
3371050
3371060
3371070
3371090
3371110
3371140
3371170
3371180
3371200
3371220
3371240
3371250
3371260
3371270
3371320
3371410
3371420
3371430
3371460
3371480
3371500
3371510
3371520
3371630
3371650
3371660
3371710
3371720
3371740
3371770
3371790
3371840
3371930
3371940
3372000
3372010
3372040
3372060
3372080
3372090
3372180
3372190
3372390
3372410
3372420
3372440
3372460
3372500
3372510
3372520
3372530
3372540
3372570
3372590
3372620
3372630
3372640
3372650
3372680
3372700
3372710
3372720
3372740
3372820
3372850
3372890
3372930
3372950
3372960
3372980
3372990
3373000
3373030
3373040
3373050
3373080
3373280
3373310
3373330
3373340
3373390
3373400
3373410
3373430
3373440
3373480
3373490
3373500
3373520
3373530
3373540
3373550
3373580
3373660
3373670
3373680
3373730
3373750
3373760
3373800
3373810
3373820
3373830
3373860
3373900
3373920
3373950
3373960
3373970
3373980
3373990
3374020
3374040
3374060
3374070
3374090
3374140
3374160
3374270
3374280
3374300
3374310
3374340
3374360
3374390
3374420
3374440
3374450
3374460
3374470
3374550
3374560
3374570
3374590
3374600
3374610
3374620
3374640
3374670
3374680
3374700
3374710
3374720
3374750
3374790
3374820
3374840
3374880
3374900
3374920
3374950
3374970
3375060
3375070
3375110
3375200
3375220
3375230
3375270
3375300
3375310
3375330
3375340
3375350
3375360
3375490
3375520
3375550
3375580
3375590
3375630
3375640
3375700
3375730
3375750
3375780
3375800
3375830
3375870
3375880
3375890
3375940
3375950
3375970
3376020
3376030
3376040
3376060
3376070
3376130
3376140
3376150
3376160
3376180
3376200
3376210
3376230
3376250
3376290
3376340
3376410
3376430
3376440
3376470
3376480
3376500
3376510
3376520
3376540
3376550
3376570
3376580
3376590
3376600
3376620
3376630
3376640
3376650
3376690
3376710
3376760
3376830
3376840
3376850
3376860
3376920
3376930
3376950
3376960
3376990
3377010
3377020
3377150
3377170
3377200
3377220
3377230
3377290
3377300
3377310
3377320
3377340
3377360
3377390
3377400
3377410
3377420
3377480
3377490
3377510
3377530
3377550
3377570
3377590
3377610
3377640
3377680
3377690
3377720
3377760
3377770
3377790
3377830
3377840
3377860
3377890
3377900
3377910
3377930
3377940
3377960
3377990
3378000
3378070
3378080
3378100
3378130
3378140
3378190
3378200
3378240
3378250
3378260
3378270
3378280
3378300
3378330
3378340
3378360
3378410
3378460
3378600
3378610
3378640
3378650
3378770
3378830
3378950
3378960
3379080
3379110
3379150
3379170
3379180
3379190
3379210
3379220
3379270
3379280
3379360
3379380
3379390
3379440
3379460
3379580
3379590
3379610
3379620
3379630
3379640
3379650
3379690
3379720
3379750
3379770
3379780
3379860
3379870
3379880
3380090
3380100
3380110
3380120
3380150
3380170
3380310
3380320
3380340
3380360
3380380
3380410
3380470
3380480
3380520
3380580
3380610
3380620
3380640
3380650
3380700
3380730
3380740
3380760
3380790
3380800
3380810
3380820
3380830
3380840
3380860
3380880
3380900
3380940
3380950
3380960
3380980
3381010
3381030
3381060
3381080
3381120
3381130
3381140
3381170
3381190
3381290
3381300
3381310
3381320
3381330
3381370
3381380
3381420
3381430
3381470
3381510
3381650
3381680
3381760
3381780
3381820
3381880
3381930
3381940
3381950
3381970
3381980
3381990
3382010
3382070
3382090
3382100
3382110
3382170
3382220
3382240
3382260
3382270
3382280
3382290
3382300
3382310
3382350
3382360
3382380
3382390
3382410
3382440
3382460
3382500
3382540
3382560
3382580
3382590
3382600
3382610
3382660
3382670
3382690
3382740
3382750
3382780
3382790
3382820
3382830
3382840
3382860
3382870
3382880
3382890
3382900
3382910
3382940
3383020
3383030
3383040
3383050
3383070
3383080
3383090
3383100
3383120
3383130
3383140
3383160
3383180
3383190
3383210
3383220
3383230
3383240
3383260
3383270
3383290
3383340
3383350
3383360
3383380
3383390
3383410
3383430
3383440
3383450
3383460
3383470
3383490
3383510
3383530
3383580
3383600
3383610
3383630
3383640
3383670
3383700
3383710
3383720
3383750
3383780
3383820
3383850
3383870
3383880
3383900
3383910
3383930
3383940
3383970
3384010
3384020
3384040
3384050
3384070
3384090
3384110
3384120
3384130
3384140
3384150
3384180
3384190
3384220
3384230
3384240
3384250
3384270
3384280
3384330
3384340
3384350
3384360
3384370
3384380
3384410
3384440
3384490
3384540
3384570
3384580
3384610
3384690
3384720
3384740
3384750
3384820
3384840
3384860
3384880
3384890
3384900
3384920
3385060
3385100
3385110
3385120
3385140
3385160
3385170
3385240
3385250
3385260
3385300
3385320
3385350
3385360
3385370
3385380
3385390
3385400
3385420
3385430
3385440
3385450
3385490
3385500
3385520
3385570
3385580
3385610
3385670
3385710
3385820
3385870
3385900
3385910
3385920
3385960
3385970
3386010
3386030
3386100
3386110
3386120
3386140
3386150
3386200
3386230
3386240
3386250
3386260
3386290
3386300
3386350
3386360
3386380
3386480
3386520
3386620
3386650
3386660
3386670
3386690
3386700
3386780
3386800
3386900
3386930
3387000
3387010
3387040
3387050
3387070
3387100
3387120
3387150
3387160
3387190
3387220
3387230
3387240
3387290
3387300
3387310
3387320
3387330
3387340
3387370
3387390
3387400
3387410
3387420
3387440
3387510
3387560
3387640
3387650
3387660
3387720
3387740
3387790
3387880
3387970
3387990
3388000
3388010
3388080
3388140
3388150
3388220
3388230
3388250
3388270
3388280
3388290
3388300
3388330
3388340
3388350
3388360
3388390
3388410
3388420
3388440
3388450
3388490
3388530
3388550
3388570
3388590
3388620
3388640
3388740
3388760
3388770
3388780
3388800
3388810
3388870
3388890
3388910
3388940
3389020
3389030
3389040
3389080
3389100
3389120
3389160
3389200
3389210
3389220
3389230
3389240
3389290
3389320
3389380
3389390
3389400
3389430
3389440
3389450
3389460
3389470
3389490
3389500
3389540
3389620
3389660
3389680
3389690
3389700
3389710
3389720
3389740
3389760
3389860
3389920
3389960
3389980
3390000
3390010
3390020
3390060
3390070
3390080
3390160
3390200
3390210
3390230
3390250
3390260
3390280
3390300
3390310
3390340
3390350
3390390
3390420
3390470
3390500
3390510
3390520
3390630
3390690
3390730
3390760
3390770
3390780
3390790
3390830
3390870
3390880
3390890
3390900
3390910
3390950
3390980
3391000
3391060
3391080
3391090
3391110
3391130
3391140
3391150
3391170
3391190
3391200
3391210
3391220
3391260
3391270
3391280
3391300
3391340
3391350
3391370
3391420
3391450
3391470
3391500
3391510
3391550
3391560
3391580
3391600
3391660
3391670
3391690
3391720
3391730
3391740
3391750
3391810
3391830
3391910
3391920
3391930
3391940
3391980
3391990
3392000
3392010
3392020
3392040
3392060
3392070
3392100
3392110
3392130
3392160
3392220
3392230
3392240
3392280
3392300
3392380
3392390
3392420
3392430
3392490
3392510
3392550
3392560
3392570
3392590
3392610
3392670
3392690
3392700
3392720
3392730
3392780
3392790
3392840
3392930
3392980
3393030
3393040
3393070
3393090
3393140
3393160
3393170
3393180
3393190
3393200
3393230
3393240
3393280
3393330
3393340
3393370
3393380
3393400
3393450
3393470
3393480
3393500
3393520
3393530
3393580
3393600
3393610
3393620
3393640
3393690
3393700
3393710
3393720
3393740
3393750
3393760
3393780
3393800
3393820
3393850
3393890
3393930
3393940
3393950
3394040
3394080
3394220
3394250
3394400
3394420
3394450
3394460
3394480
3394500
3394510
3394530
3394540
3394560
3394590
3394600
3394610
3394620
3394680
3394690
3394720
3394730
3394740
3394750
3394760
3394770
3394780
3394790
3394800
3394840
3394850
3394870
3394890
3394900
3394910
3394930
3394940
3394980
3395030
3395040
3395050
3395060
3395070
3395080
3395090
3395130
3395140
3395150
3395180
3395210
3395220
3395250
3395260
3395280
3395290
3395300
3395310
3395320
3395330
3395360
3395370
3395390
3395400
3395410
3395420
3395460
3395470
3395500
3395530
3395710
3395720
3395730
3395740
3395750
3395760
3395790
3395810
3395840
3395850
3395860
3395890
3395910
3395920
3395930
3395960
3395970
3396030
3396040
3396090
3396100
3396120
3396140
3396150
3396160
3396180
3396280
3396290
3396310
3396320
3396330
3396350
3396370
3396400
3396420
3396430
3396440
3396460
3396470
3396480
3396520
3396540
3396550
3396560
3396570
3396580
3396600
3396620
3396630
3396640
3396650
3396670
3396710
3396730
3396740
3396810
3396830
3396850
3396890
3396900
3396920
3396930
3396950
3396980
3396990
3397010
3397040
3397050
3397060
3397070
3397090
3397100
3397110
3397120
3397130
3397160
3397170
3397200
3397230
3397240
3397260
3397270
3397340
3397360
3397380
3397390
3397400
3397450
3397460
3397470
3397480
3397510
3397530
3397540
3397580
3397590
3397600
3397620
3397670
3397690
3397720
3397750
3397770
3397780
3397790
3397800
3397810
3397820
3397830
3397850
3397870
3397880
3397910
3397930
3397940
3397970
3397980
3398010
3398060
3398070
3398080
3398110
3398140
3398150
3398160
3398180
3398200
3398230
3398250
3398370
3398430
3398480
3398490
3398530
3398560
3398570
3398580
3398600
3398670
3398690
3398700
3398720
3398740
3398750
3398760
3398780
3398810
3398830
3398870
3398880
3398890
3398920
3398940
3398950
3398960
3398980
3398990
3399040
3399050
3399080
3399090
3399100
3399110
3399130
3399140
3399150
3399200
3399240
3399260
3399290
3399300
3399360
3399370
3399400
3399430
3399440
3399480
3399510
3399520
3399540
3399570
3399580
3399590
3399610
3399630
3399670
3399680
3399690
3399700
3399770
3399780
3399830
3399840
3399850
3399860
3399880
3399900
3399920
3399930
3399940
3399950
3399960
3399980
3400000
3400010
3400030
3400040
3400050
3400080
3400090
3400110
3400130
3400140
3400150
3400160
3400290
3400300
3400310
3400350
3400360
3400370
3400380
3400420
3400470
3400490
3400500
3400510
3400520
3400530
3400540
3400590
3400610
3400640
3400650
3400670
3400680
3400710
3400770
3400820
3400890
3400930
3400960
3401000
3401030
3401050
3401060
3401100
3401110
3401120
3401150
3401160
3401170
3401350
3401370
3401390
3401410
3401430
3401460
3401480
3401490
3401500
3401530
3401570
3401710
3401730
3401750
3401820
3401830
3401850
3401870
3401880
3401890
3401900
3401920
3401930
3401960
3402110
3402140
3402150
3402160
3402170
3402180
3402230
3402270
3402300
3402320
3402330
3402380
3402390
3402410
3402500
3402530
3402540
3402560
3402620
3402660
3402700
3402720
3402730
3402850
3402940
3403080
3403090
3403100
3403150
3403250
3403310
3403380
3403440
3403450
3403500
3403510
3403530
3403540
3403560
3403570
3403590
3403610
3403630
3403660
3403670
3403680
3403700
3403720
3403750
3403760
3403780
3403790
3403850
3403860
3403870
3403880
3403890
3403920
3403960
3404010
3404040
3404050
3404060
3404110
3404140
3404150
3404160
3404170
3404180
3404190
3404210
3404250
3404260
3404270
3404330
3404360
3404380
3404400
3404410
3404440
3404470
3404480
3404520
3404590
3404610
3404630
3404670
3404680
3404690
3404770
3404780
3404880
3404890
3404900
3404940
3405010
3405020
3405050
3405070
3405080
3405090
3405100
3405120
3405130
3405140
3405160
3405180
3405200
3405210
3405220
3405230
3405340
3405360
3405400
3405420
3405430
3405460
3405470
3405490
3405540
3405580
3405590
3405620
3405630
3405670
3405680
3405690
3405860
3405880
3405910
3405960
3405990
3406040
3406060
3406070
3406090
3406120
3406130
3406290
3406310
3406330
3406350
3406460
3406480
3406560
3406570
3406600
3406610
3406620
3406640
3406660
3406690
3406700
3406730
3406740
3406750
3406760
3406800
3406810
3406840
3406850
3406870
3406890
3406910
3406940
3407040
3407070
3407150
3407170
3407180
3407200
3407270
3407310
3407360
3407380
3407390
3407410
3407430
3407450
3407480
3407500
3407520
3407550
3407680
3407700
3407710
3407760
3407770
3407810
3407820
3407910
3407960
3407980
3407990
3408000
3408010
3408020
3408060
3408110
3408120
3408140
3408160
3408170
3408190
3408260
3408290
3408300
3408320
3408330
3408340
3408350
3408360
3408370
3408380
3408410
3408420
3408440
3408450
3408470
3408480
3408490
3408500
3408510
3408540
3408550
3408560
3408570
3408580
3408600
3408610
3408630
3408640
3408670
3408690
3408700
3408710
3408720
3408740
3408790
3408810
3408820
3408830
3408850
3408870
3408900
3408950
3409010
3409270
3409350
3409370
3409390
3409430
3409460
3409500
3409540
3409560
3409570
3409590
3409620
3409630
3409660
3409680
3409720
3409730
3409760
3409770
3409800
3409820
3409870
3409890
3409940
3409980
3410020
3410030
3410060
3410080
3410120
3410140
3410180
3410240
3410250
3410310
3410340
3410370
3410390
3410410
3410420
3410490
3410520
3410530
3410600
3410630
3410640
3410660
3410670
3410880
3410980
3411010
3411020
3411030
3411050
3411060
3411080
3411120
3411160
3411230
3411260
3411310
3411320
3411360
3411410
3411420
3411430
3411450
3411470
3411490
3411510
3411540
3411570
3411580
3411590
3411600
3411620
3411660
3411670
3411700
3411720
3411730
3411740
3411790
3411800
3411810
3411820
3411830
3411840
3411860
3411890
3411900
3411920
3411930
3411940
3411970
3412000
3412070
3412110
3412210
3412230
3412240
3412250
3412270
3412280
3412290
3412310
3412330
3412340
3412380
3412400
3412490
3412530
3412540
3412560
3412580
3412600
3412620
3412640
3412660
3412670
3412680
3412690
3412700
3412730
3412760
3412790
3412800
3412850
3412860
3412900
3412910
3412990
3413000
3413060
3413080
3413090
3413110
3413130
3413140
3413150
3413190
3413210
3413230
3413260
3413270
3413300
3413310
3413330
3413360
3413390
3413420
3413440
3413470
3413490
3413500
3413520
3413540
3413560
3413590
3413650
3413660
3413680
3413750
3413800
3413810
3413830
3413850
3413900
3413950
3414010
3414020
3414040
3414240
3414290
3414340
3414360
3414370
3414390
3414410
3414450
3414460
3414470
3414480
3414530
3414550
3414580
3414630
3414640
3414690
3414720
3414730
3414760
3414770
3414780
3414790
3414810
3414830
3414840
3414870
3414890
3414900
3414910
3414920
3414930
3414940
3414950
3415020
3415060
3415080
3415100
3415130
3415140
3415230
3415240
3415260
3415280
3415300
3415310
3415340
3415350
3415380
3415390
3415410
3415450
3415460
3415500
3415530
3415570
3415580
3415620
3415680
3415790
3415840
3415860
3415870
3415910
3416040
3416070
3416080
3416140
3416150
3416160
3416180
3416230
3416260
3416270
3416290
3416300
3416350
3416360
3416370
3416380
3416390
3416440
3416450
3416510
3416560
3416630
3416650
3416660
3416680
3416690
3416800
3416960
3416970
3417030
3417040
3417120
3417130
3417140
3417180
3417200
3417210
3417260
3417310
3417320
3417340
3417350
3417370
3417390
3417410
3417470
3417490
3417500
3417510
3417520
3417530
3417550
3417600
3417630
3417650
3417690
3417760
3417780
3417820
3417830
3417900
3417930
3417940
3417990
3418020
3418030
3418040
3418090
3418100
3418150
3418160
3418190
3418200
3418250
3418270
3418300
3418320
3418350
3418370
3418430
3418490
3418500
3418570
3418610
3418620
3418640
3418670
3418690
3418710
3418720
3418810
3418850
3418880
3418910
3418920
3418930
3418970
3418990
3419000
3419010
3419080
3419090
3419120
3419130
3419140
3419160
3419210
3419220
3419240
3419250
3419270
3419290
3419390
3419430
3419440
3419450
3419460
3419490
3419510
3419520
3419530
3419540
3419550
3419560
3419590
3419610
3419620
3419650
3419660
3419670
3419690
3419720
3419770
3419780
3419790
3419800
3419810
3419820
3419850
3419860
3419870
3419880
3419910
3419930
3419950
3419960
3420000
3420020
3420060
3420070
3420100
3420140
3420180
3420230
3420280
3420290
3420300
3420340
3420410
3420490
3420510
3420540
3420630
3420650
3420680
3420690
3420700
3420710
3420770
3420790
3420800
3420820
3420840
3420860
3420870
3420890
3420910
3420920
3420940
3420960
3421000
3421010
3421030
3421050
3421070
3421080
3421090
3421100
3421110
3421130
3421180
3421220
3421240
3421280
3421300
3421310
3421320
3421330
3421340
3421410
3421420
3421430
3421480
3421500
3421510
3421520
3421560
3421590
3421610
3421620
3421660
3421670
3421680
3421690
3421710
3421740
3421780
3421800
3421810
3421830
3421840
3421850
3421860
3421920
3421930
3421940
3421960
3422000
3422060
3422090
3422100
3422120
3422130
3422140
3422160
3422170
3422180
3422200
3422210
3422220
3422230
3422260
3422270
3422290
3422310
3422320
3422330
3422410
3422420
3422450
3422460
3422490
3422580
3422590
3422660
3422680
3422700
3422710
3422740
3422770
3422830
3422840
3422860
3422880
3422900
3422910
3422930
3422940
3422950
3422980
3422990
3423000
3423010
3423030
3423050
3423060
3423180
3423200
3423210
3423220
3423230
3423240
3423270
3423280
3423360
3423380
3423400
3423410
3423430
3423440
3423500
3423550
3423620
3423650
3423660
3423700
3423720
3423760
3423800
3423820
3423840
3423860
3423990
3424000
3424010
3424020
3424030
3424040
3424090
3424110
3424130
3424190
3424220
3424230
3424260
3424270
3424360
3424370
3424400
3424430
3424470
3424500
3424540
3424550
3424580
3424600
3424610
3424620
3424670
3424690
3424730
3424740
3424760
3424780
3424800
3424810
3424820
3424830
3424860
3424870
3424900
3424910
3424920
3424930
3424940
3424980
3424990
3425060
3425070
3425100
3425120
3425150
3425170
3425190
3425200
3425210
3425240
3425310
3425320
3425350
3425390
3425430
3425440
3425450
3425460
3425510
3425530
3425550
3425570
3425580
3425600
3425700
3425720
3425800
3425850
3425870
3425880
3425890
3425920
3425970
3425990
3426000
3426020
3426030
3426090
3426110
3426130
3426150
3426160
3426210
3426240
3426260
3426270
3426300
3426310
3426330
3426400
3426410
3426420
3426430
3426440
3426450
3426460
3426490
3426500
3426510
3426550
3426610
3426640
3426660
3426670
3426680
3426730
3426770
3426790
3426850
3426880
3426920
3426930
3426960
3427010
3427020
3427060
3427090
3427130
3427140
3427150
3427170
3427220
3427260
3427300
3427350
3427360
3427370
3427390
3427410
3427420
3427460
3427490
3427500
3427540
3427550
3427560
3427570
3427580
3427590
3427610
3427620
3427650
3427660
3427700
3427710
3427740
3427760
3427810
3427820
3427850
3427860
3427870
3427890
3427910
3427940
3427970
3427990
3428000
3428010
3428050
3428060
3428080
3428100
3428120
3428180
3428240
3428260
3428270
3428300
3428310
3428330
3428350
3428410
3428430
3428480
3428500
3428510
3428520
3428530
3428550
3428570
3428610
3428620
3428730
3428750
3428790
3428800
3428830
3428840
3428850
3428860
3428880
3428890
3428910
3428920
3428930
3428940
3428960
3428990
3429020
3429040
3429050
3429120
3429150
3429160
3429170
3429190
3429210
3429250
3429270
3429280
3429290
3429300
3429340
3429380
3429400
3429410
3429460
3429480
3429500
3429510
3429570
3429650
3429680
3429710
3429720
3429730
3429740
3429770
3429830
3429850
3429860
3429890
3429910
3429940
3429970
3429980
3429990
3430010
3430030
3430060
3430070
3430090
3430140
3430160
3430180
3430190
3430260
3430280
3430290
3430300
3430330
3430340
3430380
3430450
3430460
3430470
3430480
3430520
3430550
3430560
3430570
3430600
3430610
3430620
3430630
3430720
3430730
3430740
3430780
3430790
3430810
3430840
3430850
3430880
3430910
3430920
3430960
3431020
3431030
3431040
3431050
3431060
3431120
3431170
3431190
3431200
3431210
3431220
3431240
3431280
3431300
3431340
3431380
3431400
3431410
3431480
3431490
3431500
3431530
3431580
3431590
3431600
3431610
3431620
3431630
3431680
3431700
3431720
3431750
3431760
3431770
3431800
3431820
3431830
3431910
3431930
3431950
3431980
3432000
3432050
3432070
3432100
3432110
3432120
3432130
3432140
3432160
3432200
3432210
3432220
3432230
3432260
3432270
3432280
3432290
3432310
3432320
3432390
3432400
3432420
3432440
3432460
3432470
3432480
3432490
3432500
3432510
3432530
3432540
3432560
3432590
3432600
3432610
3432620
3432630
3432650
3432660
3432690
3432750
3432780
3432800
3432810
3432830
3432840
3432860
3432880
3432890
3432910
3432920
3432960
3432980
3433000
3433030
3433050
3433080
3433090
3433110
3433170
3433180
3433190
3433200
3433210
3433230
3433240
3433250
3433270
3433280
3433290
3433330
3433390
3433410
3433430
3433450
3433480
3433520
3433530
3433540
3433550
3433600
3433610
3433640
3433680
3433690
3433700
3433720
3433730
3433740
3433760
3433800
3433810
3433820
3433840
3433870
3433880
3433900
3433920
3433940
3433960
3433970
3433990
3434000
3434040
3434050
3434070
3434120
3434130
3434150
3434160
3434180
3434200
3434210
3434220
3434240
3434280
3434300
3434330
3434340
3434370
3434400
3434420
3434430
3434440
3434460
3434490
3434530
3434550
3434580
3434600
3434620
3434640
3434660
3434670
3434700
3434710
3434720
3434740
3434800
3434820
3434850
3434870
3434880
3434890
3434920
3434940
3434950
3434980
3435050
3435100
3435110
3435120
3435170
3435180
3435210
3435250
3435260
3435270
3435310
3435340
3435360
3435400
3435420
3435430
3435440
3435460
3435470
3435500
3435530
3435560
3435580
3435600
3435610
3435620
3435630
3435640
3435650
3435690
3435700
3435710
3435750
3435790
3435810
3435820
3435830
3435840
3435890
3435920
3435940
3435950
3435980
3436000
3436010
3436030
3436050
3436090
3436120
3436130
3436140
3436160
3436170
3436190
3436220
3436240
3436260
3436280
3436290
3436300
3436320
3436330
3436350
3436360
3436370
3436420
3436430
3436450
3436460
3436480
3436490
3436500
3436530
3436540
3436560
3436570
3436590
3436620
3436630
3436650
3436730
3436750
3436760
3436770
3436790
3436830
3436840
3436860
3436870
3436880
3436890
3436940
3436960
3436970
3436980
3436990
3437010
3437020
3437030
3437050
3437060
3437090
3437110
3437160
3437170
3437180
3437190
3437200
3437210
3437220
3437270
3437280
3437350
3437370
3437390
3437440
3437460
3437470
3437540
3437580
3437600
3437610
3437650
3437680
3437690
3437700
3437790
3437820
3437850
3437860
3437940
3438040
3438060
3438070
3438080
3438090
3438100
3438110
3438130
3438210
3438220
3438250
3438340
3438350
3438360
3438400
3438430
3438460
3438470
3438490
3438510
3438530
3438550
3438600
3438610
3438630
3438640
3438690
3438700
3438720
3438730
3438760
3438770
3438790
3438800
3438810
3438820
3438840
3438850
3438860
3438870
3438880
3438900
3438910
3438920
3438950
3438970
3438990
3439000
3439010
3439020
3439030
3439040
3439050
3439060
3439080
3439100
3439210
3439240
3439250
3439300
3439310
3439320
3439410
3439430
3439440
3439490
3439500
3439510
3439520
3439530
3439540
3439580
3439590
3439600
3439620
3439640
3439670
3439700
3439710
3439730
3439740
3439790
3439800
3439820
3439830
3439870
3439940
3439950
3439970
3439980
3439990
3440000
3440010
3440060
3440070
3440090
3440100
3440120
3440130
3440140
3440160
3440190
3440200
3440230
3440240
3440260
3440270
3440280
3440310
3440320
3440330
3440340
3440360
3440370
3440390
3440410
3440430
3440490
3440510
3440580
3440610
3440710
3440740
3440750
3440770
3440790
3440810
3440830
3440840
3440880
3440890
3440900
3440950
3440960
3440980
3441000
3441060
3441120
3441130
3441140
3441160
3441190
3441200
3441220
3441240
3441280
3441310
3441320
3441330
3441340
3441350
3441360
3441370
3441420
3441430
3441450
3441460
3441490
3441500
3441510
3441540
3441550
3441580
3441600
3441610
3441620
3441630
3441660
3441670
3441720
3441730
3441750
3441780
3441790
3441820
3441970
3441990
3442000
3442010
3442040
3442050
3442110
3442140
3442160
3442170
3442190
3442220
3442240
3442250
3442260
3442270
3442280
3442290
3442310
3442380
3442390
3442410
3442430
3442440
3442450
3442470
3442580
3442650
3442660
3442680
3442710
3442720
3442740
3442760
3442770
3442830
3442840
3442880
3442890
3442910
3442950
3442960
3442970
3442980
3442990
3443020
3443030
3443060
3443080
3443110
3443160
3443190
3443200
3443250
3443270
3443330
3443350
3443380
3443400
3443410
3443420
3443430
3443440
3443450
3443460
3443470
3443480
3443520
3443540
3443560
3443570
3443580
3443590
3443610
3443620
3443630
3443640
3443650
3443660
3443670
3443680
3443700
3443710
3443790
3443800
3443820
3443870
3443910
3443930
3443990
3444000
3444010
3444020
3444050
3444080
3444090
3444110
3444160
3444180
3444200
3444220
3444230
3444240
3444260
3444370
3444400
3444430
3444480
3444500
3444520
3444540
3444570
3444580
3444600
3444610
3444620
3444630
3444640
3444650
3444690
3444720
3444740
3444750
3444760
3444780
3444790
3444810
3444830
3444870
3444890
3445000
3445020
3445030
3445040
3445050
3445070
3445090
3445100
3445110
3445120
3445150
3445170
3445190
3445200
3445230
3445250
3445290
3445300
3445330
3445340
3445360
3445380
3445410
3445430
3445440
3445490
3445500
3445510
3445520
3445530
3445540
3445550
3445560
3445570
3445580
3445610
3445620
3445630
3445640
3445670
3445680
3445690
3445700
3445720
3445760
3445800
3445830
3445850
3445890
3445970
3445980
3446020
3446030
3446040
3446060
3446070
3446090
3446110
3446120
3446130
3446140
3446150
3446160
3446170
3446180
3446190
3446200
3446210
3446230
3446240
3446250
3446270
3446300
3446310
3446390
3446430
3446450
3446470
3446490
3446550
3446560
3446570
3446640
3446680
3446710
3446730
3446740
3446750
3446760
3446770
3446780
3446800
3446830
3446840
3446850
3446860
3446880
3446900
3446910
3446920
3446940
3446950
3446960
3446980
3446990
3447000
3447030
3447040
3447070
3447090
3447100
3447120
3447150
3447170
3447180
3447220
3447230
3447270
3447280
3447300
3447310
3447340
3447350
3447360
3447390
3447410
3447420
3447430
3447440
3447490
3447510
3447530
3447550
3447560
3447570
3447580
3447600
3447610
3447620
3447640
3447670
3447680
3447690
3447730
3447740
3447760
3447820
3447830
3447840
3447910
3447920
3447940
3447970
3447990
3448000
3448010
3448060
3448070
3448120
3448130
3448160
3448240
3448250
3448260
3448270
3448300
3448310
3448320
3448340
3448360
3448380
3448390
3448420
3448430
3448510
3448530
3448570
3448680
3448750
3448760
3448800
3448810
3448830
3448840
3448850
3448860
3448870
3448930
3449030
3449040
3449060
3449070
3449100
3449110
3449130
3449140
3449190
3449210
3449370
3449390
3449420
3449440
3449450
3449460
3449470
3449480
3449530
3449590
3449610
3449630
3449640
3449660
3449670
3449690
3449700
3449710
3449830
3449840
3449850
3449860
3449870
3449880
3449900
3449950
3450090
3450100
3450120
3450150
3450160
3450180
3450190
3450220
3450270
3450300
3450310
3450340
3450360
3450370
3450390
3450410
3450420
3450480
3450490
3450530
3450540
3450570
3450600
3450650
3450660
3450710
3450750
3450760
3450780
3450790
3450800
3450810
3450820
3450850
3450880
3450890
3450900
3450910
3450940
3451020
3451030
3451040
3451060
3451110
3451130
3451150
3451200
3451210
3451220
3451260
3451270
3451290
3451300
3451330
3451340
3451380
3451400
3451440
3451470
3451480
3451490
3451500
3451520
3451530
3451540
3451550
3451560
3451570
3451580
3451590
3451600
3451620
3451670
3451680
3451690
3451720
3451820
3451830
3451930
3451940
3451960
3451970
3451980
3451990
3452010
3452020
3452040
3452050
3452060
3452160
3452170
3452230
3452240
3452270
3452280
3452290
3452320
3452370
3452390
3452400
3452530
3452540
3452610
3452630
3452650
3452670
3452680
3452690
3452720
3452740
3452750
3452770
3452790
3452800
3452840
3452850
3452900
3452910
3452940
3452960
3452990
3453000
3453010
3453040
3453060
3453100
3453110
3453140
3453150
3453290
3453330
3453360
3453370
3453390
3453400
3453420
3453440
3453450
3453460
3453470
3453490
3453500
3453520
3453530
3453540
3453570
3453600
3453610
3453650
3453660
3453670
3453680
3453760
3453840
3453870
3453890
3453900
3453930
3454040
3454130
3454180
3454190
3454200
3454210
3454220
3454230
3454250
3454260
3454270
3454280
3454300
3454350
3454360
3454410
3454470
3454480
3454520
3454530
3454540
3454570
3454580
3454590
3454610
3454620
3454630
3454650
3454660
3454670
3454680
3454690
3454700
3454750
3454770
3454780
3454810
3454830
3454840
3454860
3454890
3454910
3454920
3454930
3454980
3455030
3455040
3455070
3455080
3455110
3455140
3455160
3455320
3455330
3455380
3455450
3455870
3456160
3456170
3456200
3456220
3456230
3456250
3456260
3456300
3456340
3456350
3456460
3456470
3456480
3456550
3456640
3456650
3456660
3456700
3456720
3456730
3456760
3456770
3456800
3456810
3456820
3456830
3456860
3456880
3456910
3456920
3456930
3456940
3456950
3456960
3456970
3457040
3457070
3457080
3457100
3457140
3457170
3457200
3457230
3457240
3457380
3457390
3457410
3457450
3457460
3457480
3457490
3457550
3457590
3457630
3457640
3457660
3457690
3457700
3457730
3457740
3457780
3457790
3457800
3457830
3457930
3457940
3457950
3457990
3458030
3458050
3458090
3458180
3458210
3458220
3458250
3458280
3458300
3458320
3458330
3458340
3458380
3458390
3458410
3458490
3458500
3458540
3458570
3458600
3458610
3458620
3458640
3458650
3458690
3458720
3458750
3458810
3458840
3458850
3458860
3458870
3458880
3458890
3458900
3458920
3458930
3458960
3459030
3459050
3459080
3459100
3459130
3459140
3459150
3459160
3459200
3459210
3459310
3459320
3459330
3459340
3459390
3459400
3459420
3459460
3459470
3459480
3459490
3459500
3459510
3459520
3459570
3459580
3459590
3459600
3459610
3459670
3459680
3459690
3459700
3459720
3459740
3459760
3459810
3459830
3459840
3459850
3459860
3459880
3459890
3459900
3459910
3459920
3459930
3459940
3459950
3459960
3459990
3460020
3460040
3460050
3460060
3460100
3460110
3460170
3460190
3460220
3460230
3460280
3460310
3460320
3460330
3460340
3460370
3460380
3460400
3460440
3460500
3460520
3460530
3460540
3460570
3460610
3460680
3460690
3460770
3460780
3460790
3460800
3460840
3460860
3460910
3460920
3460950
3460960
3460990
3461050
3461060
3461090
3461110
3461130
3461150
3461160
3461190
3461200
3461210
3461220
3461230
3461240
3461270
3461280
3461290
3461300
3461410
3461430
3461440
3461460
3461480
3461490
3461500
3461510
3461520
3461560
3461580
3461600
3461610
3461620
3461630
3461670
3461680
3461730
3461750
3461760
3461800
3461810
3461890
3461910
3461920
3461930
3461950
3462000
3462040
3462100
3462110
3462130
3462150
3462170
3462180
3462190
3462200
3462210
3462240
3462290
3462330
3462340
3462360
3462530
3462560
3462570
3462580
3462600
3462730
3462790
3462820
3462870
3462890
3462900
3462910
3462940
3462950
3462960
3462980
3463000
3463020
3463030
3463050
3463100
3463170
3463180
3463190
3463220
3463240
3463250
3463260
3463290
3463360
3463400
3463460
3463470
3463510
3463530
3463560
3463580
3463660
3463690
3463700
3463750
3463780
3463810
3463820
3463830
3463900
3463910
3463930
3464000
3464040
3464080
3464120
3464150
3464180
3464230
3464280
3464320
3464350
3464360
3464370
3464390
3464490
3464500
3464520
3464540
3464550
3464560
3464570
3464580
3464610
3464620
3464630
3464640
3464670
3464680
3464690
3464700
3464710
3464760
3464800
3464820
3464830
3464900
3464950
3464960
3464970
3465010
3465050
3465080
3465130
3465170
3465180
3465190
3465220
3465310
3465370
3465390
3465440
3465450
3465470
3465660
3465680
3465740
3465780
3465810
3465820
3465830
3465850
3465900
3466030
3466110
3466130
3466180
3466230
3466240
3466260
3466280
3466300
3466310
3466320
3466340
3466370
3466420
3466430
3466440
3466450
3466460
3466470
3466500
3466530
3466570
3466580
3466630
3466660
3466670
3466680
3466690
3467040
3467240
3467280
3467310
3467390
3467540
3467590
3467620
3467660
3467680
3467700
3467710
3467750
3467760
3467770
3468090
3468160
3468170
3468180
3468200
3468230
3468250
3468260
3468270
3468280
3468330
3468350
3468390
3468400
3468430
3468450
3468490
3468500
3468510
3468530
3468590
3468600
3468630
3468640
3468650
3468660
3468670
3468690
3468720
3468750
3468760
3468780
3468790
3468810
3468820
3468840
3468870
3468900
3468920
3468960
3469000
3469010
3469050
3469090
3469140
3469190
3469220
3469230
3469260
3469270
3469290
3469310
3469340
3469350
3469370
3469420
3469470
3469500
3469530
3469570
3469600
3469620
3469680
3469750
3469820
3469840
3469850
3469860
3469880
3469890
3469990
3470010
3470020
3470040
3470050
3470070
3470080
3470090
3470100
3470140
3470150
3470170
3470180
3470190
3470210
3470220
3470230
3470250
3470340
3470370
3470390
3470400
3470430
3470450
3470480
3470490
3470500
3470520
3470530
3470550
3470560
3470610
3470640
3470660
3470680
3470690
3470800
3470820
3470850
3470870
3470880
3470920
3470940
3470980
3471040
3471060
3471070
3471090
3471100
3471130
3471210
3471220
3471240
3471270
3471280
3471290
3471310
3471320
3471340
3471350
3471360
3471370
3471390
3471420
3471440
3471580
3471590
3471640
3471670
3471760
3471800
3471810
3471820
3471830
3471850
3471870
3471890
3471980
3471990
3472010
3472030
3472040
3472070
3472080
3472100
3472140
3472190
3472200
3472230
3472260
3472270
3472280
3472300
3472390
3472410
3472420
3472440
3472490
3472510
3472550
3472560
3472700
3472710
3472740
3472820
3472840
3472850
3472870
3472880
3472890
3472930
3472960
3472970
3473020
3473050
3473060
3473130
3473200
3473210
3473250
3473260
3473270
3473330
3473350
3473390
3473400
3473430
3473440
3473500
3473540
3473570
3473580
3473610
3473630
3473710
3473760
3473780
3473800
3473810
3473840
3473870
3473890
3473900
3473920
3473960
3474020
3474060
3474070
3474110
3474120
3474130
3474140
3474150
3474160
3474190
3474200
3474220
3474230
3474250
3474260
3474310
3474360
3474380
3474390
3474400
3474420
3474440
3474450
3474460
3474500
3474510
3474520
3474530
3474540
3474570
3474590
3474620
3474670
3474700
3474710
3474720
3474790
3474800
3474820
3474840
3474870
3474890
3474920
3474960
3474980
3475010
3475020
3475040
3475070
3475080
3475110
3475130
3475170
3475180
3475190
3475210
3475220
3475240
3475250
3475330
3475360
3475370
3475380
3475430
3475470
3475490
3475510
3475580
3475600
3475620
3475670
3475710
3475720
3475730
3475750
3475770
3475800
3475840
3475860
3475880
3475900
3475950
3475970
3476010
3476020
3476040
3476050
3476060
3476110
3476120
3476180
3476210
3476230
3476240
3476250
3476300
3476340
3476390
3476410
3476490
3476500
3476510
3476540
3476600
3476610
3476620
3476640
3476660
3476670
3476730
3476750
3476790
3476800
3476870
3476880
3476950
3476970
3477030
3477080
3477170
3477190
3477200
3477220
3477240
3477270
3477320
3477470
3477520
3477530
3477550
3477590
3477620
3477680
3477710
3477720
3477730
3477740
3477800
3477810
3477820
3477860
3477870
3477880
3477890
3477910
3477920
3477950
3477970
3478010
3478020
3478030
3478050
3478060
3478110
3478120
3478130
3478140
3478190
3478200
3478210
3478260
3478290
3478300
3478400
3478420
3478440
3478450
3478470
3478540
3478550
3478560
3478590
3478620
3478640
3478650
3478660
3478690
3478700
3478720
3478740
3478750
3478760
3478780
3478790
3478850
3478860
3478870
3478880
3478920
3478950
3478990
3479050
3479070
3479080
3479140
3479150
3479160
3479170
3479190
3479240
3479300
3479310
3479370
3479420
3479610
3479620
3479630
3479640
3479650
3479660
3479680
3479690
3479790
3479820
3479840
3479870
3479940
3480010
3480030
3480040
3480120
3480180
3480200
3480280
3480320
3480330
3480340
3480360
3480390
3480420
3480430
3480470
3480490
3480500
3480540
3480580
3480590
3480600
3480620
3480640
3480650
3480670
3480690
3480710
3480720
3480750
3480760
3480770
3480790
3480830
3480840
3480850
3480860
3480890
3480900
3480910
3480920
3480930
3480960
3480980
3480990
3481020
3481030
3481040
3481070
3481110
3481150
3481220
3481230
3481240
3481270
3481300
3481320
3481340
3481360
3481370
3481380
3481410
3481450
3481470
3481480
3481490
3481510
3481550
3481560
3481570
3481580
3481610
3481630
3481640
3481670
3481710
3481740
3481760
3481800
3481850
3481910
3481920
3481970
3482000
3482070
3482100
3482170
3482200
3482240
3482260
3482350
3482370
3482390
3482410
3482440
3482490
3482500
3482510
3482530
3482540
3482550
3482580
3482660
3482670
3482770
3482780
3482810
3482870
3483150
3483190
3483220
3483230
3483260
3483330
3483510
3483630
3483660
3483670
3483690
3483740
3483800
3483820
3483920
3483950
3483990
3484010
3484020
3484030
3484040
3484050
3484080
3484100
3484110
3484170
3484190
3484200
3484210
3484260
3484300
3484310
3484380
3484450
3484470
3484480
3484510
3484520
3484560
3484590
3484610
3484620
3484640
3484670
3484680
3484690
3484710
3484730
3484750
3484780
3484790
3484800
3484850
3484860
3484870
3484890
3484940
3484950
3484960
3484980
3484990
3485000
3485020
3485030
3485090
3485160
3485220
3485250
3485290
3485300
3485350
3485360
3485380
3485400
3485410
3485480
3485540
3485570
3485580
3485660
3485730
3485740
3485760
3485770
3485810
3485830
3485880
3485890
3485900
3485910
3485920
3485940
3485950
3485990
3486000
3486020
3486050
3486090
3486110
3486120
3486140
3486160
3486180
3486200
3486220
3486230
3486240
3486250
3486280
3486420
3486430
3486460
3486490
3486500
3486520
3486530
3486590
3486610
3486630
3486680
3486750
3486770
3486780
3486810
3486940
3486970
3486980
3487020
3487060
3487090
3487120
3487170
3487180
3487230
3487240
3487340
3487370
3487380
3487390
3487400
3487410
3487460
3487500
3487520
3487540
3487560
3487590
3487600
3487620
3487660
3487690
3487740
3487760
3487770
3487830
3487850
3487880
3487930
3487940
3488050
3488200
3488380
3488390
3488410
3488440
3488460
3488480
3488490
3488500
3488540
3488570
3488580
3488610
3488620
3488630
3488640
3488670
3488680
3488690
3488700
3488710
3488740
3488760
3488770
3488790
3488800
3488810
3488820
3488840
3488890
3488900
3488970
3489070
3489080
3489120
3489130
3489140
3489150
3489220
3489240
3489340
3489380
3489400
3489420
3489450
3489460
3489480
3489520
3489550
3489590
3489610
3489620
3489630
3489640
3489650
3489670
3489680
3489700
3489710
3489860
3489880
3489900
3489910
3489930
3489990
3490000
3490020
3490030
3490060
3490090
3490140
3490190
3490210
3490220
3490230
3490240
3490250
3490280
3490320
3490400
3490420
3490450
3490510
3490530
3490570
3490620
3490650
3490660
3490680
3490690
3490700
3490710
3490730
3490740
3490760
3490820
3490890
3490910
3490920
3491070
3491080
3491090
3491100
3491110
3491160
3491190
3491200
3491230
3491240
3491280
3491290
3491310
3491350
3491370
3491410
3491420
3491430
3491450
3491470
3491490
3491520
3491530
3491560
3491570
3491640
3491650
3491670
3491680
3491690
3491700
3491710
3491720
3491740
3491750
3491760
3491820
3491850
3491910
3491920
3491950
3491960
3492020
3492030
3492060
3492120
3492150
3492200
3492250
3492320
3492330
3492360
3492380
3492430
3492460
3492480
3492490
3492560
3492580
3492590
3492640
3492650
3492690
3492710
3492720
3492730
3492760
3492770
3492810
3492830
3492860
3492920
3492940
3492950
3492990
3493110
3493140
3493150
3493230
3493260
3493340
3493400
3493410
3493430
3493540
3493550
3493610
3493640
3493730
3493740
3493760
3493780
3493840
3493880
3494130
3494200
3494210
3494220
3494230
3494270
3494290
3494320
3494360
3494430
3494450
3494460
3494470
3494490
3494520
3494560
3494570
3494580
3494630
3494660
3494680
3494790
3494920
3494930
3494950
3495000
3495020
3495030
3495040
3495050
3495060
3495070
3495090
3495100
3495110
3495120
3495160
3495220
3495230
3495240
3495250
3495290
3495300
3495340
3495400
3495430
3495470
3495480
3495490
3495500
3495520
3495730
3495740
3495790
3495810
3495820
3495830
3495840
3495870
3495910
3495980
3495990
3496000
3496100
3496110
3496150
3496160
3496170
3496340
3496360
3496370
3496430
3496440
3496490
3496500
3496510
3496540
3496570
3496620
3496650
3496660
3496700
3496710
3496780
3496820
3496840
3496850
3496890
3496940
3496950
3496970
3496980
3496990
3497010
3497040
3497230
3497240
3497260
3497280
3497310
3497350
3497380
3497410
3497420
3497440
3497510
3497530
3497540
3497560
3497590
3497660
3497680
3497690
3497800
3497840
3497860
3497870
3497880
3497920
3497930
3497960
3498000
3498010
3498030
3498050
3498070
3498100
3498110
3498130
3498260
3498270
3498300
3498310
3498390
3498500
3498550
3498560
3498620
3498640
3498650
3498680
3498700
3498710
3498720
3498760
3498790
3498800
3498820
3498880
3498890
3498930
3498960
3498980
3499000
3499010
3499020
3499050
3499110
3499160
3499170
3499220
3499230
3499260
3499270
3499300
3499330
3499400
3499410
3499430
3499440
3499520
3499530
3499540
3499550
3499560
3499590
3499640
3499670
3499700
3499720
3499750
3499760
3499770
3499790
3499820
3499860
3499870
3499910
3499940
3499960
3500010
3500050
3500080
3500250
3500340
3500350
3500390
3500430
3500450
3500490
3500510
3500530
3500580
3500590
3500600
3500620
3500630
3500640
3500660
3500670
3500680
3500700
3500720
3500750
3500760
3500790
3500800
3500810
3500830
3500840
3500880
3500910
3500950
3500990
3501040
3501050
3501070
3501180
3501210
3501240
3501260
3501370
3501430
3501470
3501510
3501540
3501550
3501560
3501570
3501580
3501600
3501630
3501840
3501850
3501880
3501900
3501960
3502000
3502020
3502030
3502060
3502100
3502130
3502150
3502230
3502250
3502260
3502270
3502300
3502310
3502320
3502340
3502370
3502390
3502460
3502510
3502520
3502530
3502550
3502580
3502590
3502610
3502670
3502680
3502700
3502720
3502760
3502780
3502860
3502880
3502910
3502930
3502940
3502970
3503010
3503020
3503050
3503070
3503080
3503120
3503160
3503180
3503190
3503200
3503220
3503230
3503250
3503260
3503280
3503300
3503310
3503340
3503350
3503380
3503390
3503400
3503440
3503500
3503510
3503530
3503540
3503570
3503590
3503680
3503690
3503710
3503720
3503770
3503790
3503810
3503830
3503870
3503880
3503950
3503970
3503980
3503990
3504020
3504050
3504130
3504140
3504170
3504230
3504240
3504260
3504290
3504310
3504330
3504340
3504390
3504400
3504430
3504460
3504490
3504510
3504520
3504530
3504540
3504560
3504570
3504580
3504600
3504610
3504650
3504700
3504720
3504770
3504780
3504820
3504840
3504850
3504870
3504940
3504960
3504970
3504980
3504990
3505040
3505060
3505080
3505120
3505140
3505230
3505240
3505250
3505260
3505270
3505280
3505310
3505320
3505330
3505350
3505370
3505380
3505390
3505410
3505450
3505600
3505630
3505640
3505650
3505660
3505680
3505690
3505700
3505770
3505780
3505790
3505800
3505820
3505830
3505840
3505850
3505860
3505880
3505890
3505910
3505930
3505940
3505960
3506050
3506060
3506070
3506090
3506100
3506110
3506150
3506200
3506210
3506220
3506230
3506250
3506280
3506310
3506330
3506350
3506370
3506380
3506430
3506440
3506450
3506470
3506500
3506510
3506530
3506550
3506560
3506630
3506700
3506730
3506740
3506750
3506780
3506790
3506800
3506820
3506830
3506840
3506850
3506860
3506890
3506900
3506960
3506970
3507020
3507070
3507100
3507110
3507120
3507180
3507220
3507290
3507350
3507360
3507390
3507400
3507420
3507460
3507490
3507500
3507510
3507550
3507580
3507600
3507630
3507680
3507690
3507770
3507800
3507830
3507840
3507880
3507910
3507930
3507960
3507970
3507980
3508010
3508030
3508040
3508050
3508060
3508080
3508090
3508130
3508150
3508170
3508180
3508200
3508220
3508260
3508270
3508280
3508300
3508310
3508320
3508430
3508480
3508510
3508530
3508560
3508580
3508620
3508720
3508730
3508740
3508750
3508760
3508770
3508780
3508790
3508820
3508840
3508880
3508900
3508910
3508940
3508970
3509050
3509060
3509080
3509090
3509120
3509130
3509140
3509150
3509160
3509180
3509200
3509230
3509250
3509280
3509340
3509380
3509390
3509400
3509420
3509430
3509460
3509550
3509590
3509650
3509660
3509710
3509720
3509730
3509740
3509760
3509770
3509780
3509790
3509820
3509830
3509840
3509860
3509890
3509920
3509930
3509940
3509950
3509960
3509970
3510020
3510030
3510060
3510100
3510160
3510250
3510280
3510310
3510330
3510340
3510350
3510360
3510390
3510400
3510450
3510460
3510500
3510510
3510530
3510560
3510570
3510580
3510590
3510610
3510640
3510690
3510710
3510730
3510740
3510760
3510770
3510860
3510920
3510930
3510940
3510960
3510970
3510990
3511010
3511020
3511030
3511100
3511120
3511130
3511210
3511270
3511330
3511340
3511350
3511360
3511370
3511390
3511440
3511450
3511490
3511520
3511530
3511540
3511610
3511620
3511640
3511660
3511670
3511710
3511720
3511730
3511740
3511750
3511770
3511810
3511820
3511850
3511870
3511890
3511950
3511960
3511970
3512110
3512190
3512200
3512210
3512250
3512260
3512280
3512300
3512410
3512420
3512430
3512480
3512610
3512630
3512640
3512670
3512690
3512720
3512730
3512750
3512760
3512780
3512790
3512810
3512870
3512880
3512920
3512950
3512970
3513000
3513030
3513040
3513050
3513070
3513080
3513100
3513120
3513130
3513190
3513200
3513250
3513270
3513320
3513340
3513350
3513380
3513400
3513410
3513430
3513440
3513470
3513480
3513500
3513560
3513580
3513590
3513600
3513680
3513720
3513740
3513750
3513790
3513800
3513810
3513850
3513900
3513920
3513950
3513970
3513990
3514000
3514030
3514040
3514090
3514320
3514380
3514400
3514410
3514440
3514490
3514510
3514580
3514610
3514620
3514630
3514670
3514750
3514760
3514820
3514840
3514940
3515010
3515040
3515060
3515120
3515130
3515140
3515160
3515180
3515190
3515290
3515380
3515440
3515460
3515480
3515490
3515500
3515530
3515540
3515550
3515570
3515580
3515620
3515630
3515660
3515690
3515710
3515740
3515760
3515790
3515810
3515920
3515930
3515980
3516000
3516100
3516110
3516120
3516160
3516180
3516220
3516270
3516350
3516420
3516430
3516440
3516450
3516460
3516540
3516580
3516590
3516600
3516620
3516640
3516660
3516700
3516710
3516740
3516780
3516800
3516850
3516860
3516870
3516890
3516920
3516930
3516940
3516960
3517050
3517060
3517070
3517090
3517100
3517110
3517150
3517170
3517180
3517270
3517280
3517290
3517300
3517310
3517330
3517370
3517380
3517470
3517530
3517550
3517560
3517570
3517600
3517660
3517670
3517740
3517820
3517880
3517910
3517920
3517930
3517950
3517970
3517980
3518010
3518030
3518040
3518050
3518070
3518110
3518130
3518210
3518220
3518260
3518310
3518340
3518350
3518380
3518390
3518400
3518470
3518510
3518530
3518560
3518590
3518610
3518620
3518730
3518740
3518760
3518780
3518810
3518830
3518850
3518870
3518940
3518980
3518990
3519030
3519070
3519080
3519090
3519130
3519170
3519180
3519190
3519210
3519330
3519340
3519370
3519470
3519480
3519500
3519530
3519540
3519590
3519630
3519650
3519660
3519690
3519700
3519730
3519760
3519770
3519780
3519810
3519830
3519870
3519880
3519890
3519900
3519940
3519990
3520000
3520030
3520060
3520120
3520180
3520210
3520220
3520260
3520280
3520290
3520300
3520310
3520330
3520350
3520370
3520410
3520420
3520450
3520460
3520480
3520490
3520500
3520520
3520540
3520570
3520580
3520600
3520620
3520660
3520670
3520690
3520750
3520770
3520790
3520800
3520820
3520830
3520890
3520940
3520970
3521010
3521030
3521050
3521080
3521130
3521140
3521160
3521200
3521220
3521230
3521250
3521270
3521290
3521300
3521310
3521320
3521330
3521360
3521390
3521410
3521460
3521490
3521520
3521570
3521580
3521610
3521650
3521660
3521670
3521720
3521740
3521750
3521760
3521770
3521800
3521810
3521880
3521890
3521930
3521990
3522010
3522030
3522090
3522130
3522140
3522160
3522180
3522190
3522230
3522240
3522290
3522320
3522350
3522360
3522380
3522420
3522430
3522470
3522480
3522520
3522530
3522540
3522550
3522560
3522600
3522620
3522640
3522650
3522660
3522700
3522760
3522770
3522780
3522820
3522860
3522870
3522960
3523000
3523030
3523120
3523140
3523150
3523170
3523180
3523260
3523390
3523400
3523490
3523510
3523520
3523630
3523660
3523690
3523700
3523750
3523760
3523800
3523810
3523820
3523840
3523850
3523940
3523990
3524000
3524010
3524040
3524050
3524060
3524070
3524110
3524160
3524180
3524280
3524510
3524570
3524610
3524620
3524700
3524740
3524750
3524780
3524900
3524910
3524930
3524950
3524960
3524970
3525020
3525060
3525120
3525160
3525210
3525240
3525320
3525350
3525360
3525380
3525390
3525430
3525440
3525460
3525500
3525580
3525600
3525610
3525620
3525650
3525750
3525790
3525840
3525850
3525870
3525880
3525890
3525930
3525940
3525970
3526080
3526260
3526340
3526380
3526420
3526440
3526450
3526460
3526560
3526620
3526710
3526730
3526790
3526810
3526830
3526870
3526900
3526920
3527020
3527030
3527070
3527080
3527120
3527250
3527290
3527300
3527340
3527610
3527650
3527690
3527700
3527730
3527750
3527780
3527800
3527810
3527820
3527880
3527890
3527900
3527910
3527920
3528000
3528170
3528200
3528210
3528230
3528270
3528280
3528300
3528320
3528380
3528430
3528440
3528450
3528480
3528490
3528500
3528510
3528560
3528570
3528590
3528640
3528650
3528740
3528840
3528860
3528900
3528910
3528930
3528950
3528970
3529010
3529080
3529090
3529110
3529140
3529190
3529200
3529240
3529320
3529330
3529380
3529390
3529400
3529530
3529560
3529610
3529630
3529650
3529660
3529670
3529690
3529750
3529780
3529820
3529870
3529900
3529910
3529930
3530010
3530050
3530060
3530080
3530110
3530120
3530130
3530160
3530170
3530200
3530230
3530240
3530280
3530370
3530380
3530410
3530480
3530490
3530510
3530520
3530540
3530600
3530630
3530640
3530660
3530670
3530680
3530690
3530700
3530750
3530770
3530780
3530790
3530800
3530820
3530860
3530950
3530960
3531130
3531160
3531170
3531180
3531220
3531250
3531260
3531340
3531360
3531390
3531410
3531430
3531450
3531470
3531490
3531520
3531590
3531610
3531630
3531640
3531660
3531680
3531690
3531710
3531730
3531750
3531760
3531770
3531790
3531800
3531850
3531880
3531890
3531920
3531950
3531960
3531970
3531980
3531990
3532010
3532030
3532060
3532100
3532150
3532280
3532290
3532300
3532330
3532340
3532360
3532380
3532400
3532430
3532460
3532470
3532560
3532570
3532590
3532610
3532640
3532650
3532680
3532690
3532720
3532780
3532800
3532810
3532830
3532860
3532870
3532890
3532980
3532990
3533010
3533080
3533100
3533130
3533170
3533210
3533290
3533330
3533360
3533370
3533380
3533400
3533480
3533500
3533520
3533540
3533550
3533560
3533570
3533600
3533630
3533640
3533650
3533660
3533670
3533690
3533720
3533730
3533830
3533870
3533890
3533920
3534000
3534040
3534070
3534090
3534100
3534110
3534130
3534150
3534170
3534190
3534220
3534240
3534270
3534300
3534330
3534460
3534500
3534520
3534630
3534650
3534690
3534700
3534710
3534720
3534750
3534760
3534790
3534820
3534850
3534910
3534920
3534940
3534950
3535000
3535030
3535050
3535060
3535090
3535110
3535130
3535160
3535170
3535190
3535200
3535210
3535220
3535270
3535290
3535310
3535320
3535330
3535400
3535430
3535470
3535480
3535530
3535590
3535600
3535610
3535730
3535760
3535770
3535800
3535830
3535860
3535870
3535970
3535980
3536020
3536080
3536090
3536100
3536120
3536140
3536150
3536160
3536260
3536310
3536350
3536380
3536410
3536470
3536480
3536490
3536500
3536520
3536530
3536600
3536610
3536630
3536660
3536670
3536680
3536710
3536730
3536760
3536770
3536870
3536910
3536950
3536970
3537000
3537140
3537220
3537230
3537310
3537350
3537400
3537410
3537420
3537450
3537460
3537490
3537530
3537540
3537580
3537620
3537640
3537650
3537680
3537690
3537700
3537720
3537730
3537830
3537850
3537890
3537910
3537930
3537940
3537950
3537960
3537980
3537990
3538010
3538040
3538050
3538060
3538070
3538090
3538100
3538130
3538140
3538180
3538190
3538210
3538230
3538250
3538320
3538340
3538350
3538370
3538380
3538400
3538420
3538430
3538440
3538450
3538500
3538510
3538520
3538620
3538660
3538680
3538690
3538720
3538730
3538750
3538760
3538780
3538800
3538810
3538820
3538840
3538850
3538860
3538880
3538920
3538950
3539010
3539020
3539030
3539120
3539150
3539170
3539200
3539220
3539230
3539270
3539280
3539320
3539330
3539360
3539440
3539480
3539500
3539520
3539570
3539580
3539590
3539600
3539680
3539690
3539710
3539790
3539870
3539880
3539920
3539970
3540000
3540060
3540090
3540100
3540160
3540210
3540230
3540270
3540360
3540430
3540450
3540460
3540500
3540510
3540530
3540550
3540560
3540570
3540580
3540590
3540600
3540610
3540620
3540640
3540660
3540670
3540680
3540690
3540720
3540740
3540760
3540770
3540790
3540820
3540830
3540870
3540880
3540900
3540920
3541000
3541050
3541070
3541100
3541130
3541140
3541160
3541180
3541190
3541210
3541240
3541250
3541270
3541320
3541340
3541350
3541430
3541450
3541460
3541470
3541480
3541490
3541590
3541630
3541650
3541710
3541730
3541740
3541750
3541770
3541810
3541820
3541830
3541880
3541940
3542220
3542240
3542260
3542300
3542310
3542330
3542350
3542380
3542390
3542400
3542490
3542500
3542520
3542540
3542590
3542600
3542650
3542660
3542690
3542700
3542710
3542780
3542790
3542820
3542850
3542870
3542890
3542910
3542920
3542940
3542960
3543000
3543020
3543040
3543050
3543070
3543120
3543130
3543170
3543210
3543230
3543260
3543300
3543320
3543340
3543350
3543370
3543390
3543400
3543410
3543420
3543440
3543450
3543490
3543560
3543570
3543620
3543640
3543690
3543710
3543720
3543740
3543860
3543870
3543890
3543910
3543940
3543960
3543970
3544020
3544040
3544060
3544080
3544090
3544100
3544110
3544120
3544130
3544260
3544390
3544430
3544460
3544480
3544490
3544500
3544520
3544530
3544570
3544580
3544590
3544640
3544680
3544820
3544870
3544890
3544900
3544920
3544930
3544970
3545140
3545150
3545170
3545200
3545210
3545220
3545250
3545290
3545310
3545350
3545360
3545460
3545560
3545590
3545620
3545640
3545670
3545690
3545730
3545790
3545810
3545880
3545890
3545930
3545940
3545990
3546020
3546040
3546070
3546120
3546130
3546140
3546240
3546330
3546440
3546480
3546500
3546510
3546540
3546610
3546620
3546630
3546650
3546690
3546700
3546710
3546720
3546740
3546760
3546770
3546790
3546820
3546900
3546930
3546980
3546990
3547010
3547020
3547040
3547120
3547140
3547190
3547270
3547310
3547360
3547370
3547420
3547430
3547450
3547510
3547580
3547620
3547640
3547720
3547730
3547750
3547760
3547770
3547790
3547800
3547830
3547890
3547910
3547920
3547960
3547980
3547990
3548000
3548010
3548020
3548040
3548050
3548060
3548080
3548140
3548200
3548220
3548260
3548270
3548310
3548370
3548380
3548390
3548400
3548450
3548460
3548490
3548500
3548510
3548520
3548540
3548550
3548570
3548580
3548650
3548760
3548770
3548790
3548800
3548810
3548830
3548880
3548920
3548930
3548950
3548980
3548990
3549020
3549060
3549120
3549140
3549150
3549210
3549220
3549230
3549250
3549270
3549280
3549310
3549320
3549350
3549370
3549390
3549430
3549440
3549690
3549700
3549720
3549730
3549740
3549750
3549760
3549790
3549820
3549860
3549930
3549950
3550060
3550150
3550170
3550190
3550200
3550210
3550220
3550240
3550250
3550260
3550270
3550280
3550290
3550300
3550370
3550400
3550410
3550420
3550470
3550480
3550490
3550500
3550520
3550530
3550540
3550640
3550670
3550710
3550800
3550810
3550880
3550900
3550920
3550930
3551040
3551100
3551130
3551140
3551150
3551170
3551180
3551190
3551200
3551230
3551300
3551310
3551320
3551330
3551340
3551350
3551370
3551460
3551540
3551570
3551600
3551620
3551630
3551680
3551750
3551820
3551850
3551880
3551950
3551960
3551970
3552020
3552030
3552050
3552080
3552090
3552120
3552140
3552150
3552200
3552220
3552240
3552260
3552310
3552320
3552330
3552350
3552390
3552400
3552430
3552440
3552470
3552500
3552510
3552520
3552530
3552560
3552570
3552590
3552610
3552630
3552660
3552680
3552690
3552700
3552710
3552720
3552740
3552750
3552760
3552780
3552790
3552820
3552840
3552870
3552900
3552910
3552920
3552940
3552970
3553000
3553010
3553020
3553030
3553040
3553050
3553060
3553070
3553100
3553110
3553130
3553150
3553160
3553180
3553190
3553200
3553210
3553250
3553260
3553320
3553350
3553390
3553460
3553490
3553500
3553540
3553580
3553590
3553600
3553610
3553620
3553630
3553640
3553650
3553670
3553690
3553700
3553710
3553730
3553750
3553790
3553800
3553870
3553880
3553890
3553910
3553920
3553930
3553970
3553990
3554000
3554010
3554020
3554030
3554050
3554100
3554110
3554130
3554140
3554180
3554200
3554220
3554230
3554340
3554350
3554370
3554390
3554420
3554430
3554450
3554520
3554590
3554600
3554630
3554650
3554660
3554680
3554750
3554760
3554770
3554790
3554810
3554820
3554830
3554890
3554900
3554930
3554940
3554950
3554980
3554990
3555040
3555050
3555140
3555150
3555210
3555300
3555360
3555370
3555390
3555410
3555430
3555440
3555490
3555500
3555520
3555600
3555620
3555630
3555670
3555680
3555690
3555700
3555730
3555740
3555760
3555780
3555810
3555830
3555840
3555860
3555890
3555930
3555950
3555960
3555970
3555980
3556050
3556110
3556350
3556370
3556460
3556480
3556490
3556500
3556510
3556600
3556630
3556640
3556660
3556670
3556680
3556690
3556700
3556730
3556740
3556750
3556760
3556780
3556810
3556830
3556860
3557000
3557030
3557040
3557050
3557060
3557090
3557100
3557110
3557130
3557150
3557190
3557230
3557270
3557360
3557370
3557380
3557420
3557460
3557470
3557480
3557530
3557540
3557550
3557600
3557620
3557670
3557690
3557710
3557720
3557790
3557830
3557860
3557980
3557990
3558020
3558050
3558060
3558080
3558090
3558100
3558120
3558140
3558150
3558170
3558180
3558190
3558200
3558230
3558240
3558260
3558270
3558300
3558310
3558350
3558370
3558380
3558400
3558410
3558420
3558460
3558470
3558480
3558490
3558530
3558550
3558570
3558580
3558590
3558600
3558620
3558670
3558710
3558720
3558730
3558760
3558770
3558840
3558880
3558900
3558970
3559040
3559060
3559170
3559840
3559920
3559950
3559960
3559970
3559990
3560000
3560010
3560030
3560040
3560050
3560100
3560110
3560150
3560160
3560170
3560280
3560310
3560360
3560370
3560380
3560410
3560420
3560430
3560440
3560470
3560480
3560500
3560510
3560520
3560530
3560570
3560590
3560620
3560630
3560640
3560670
3560680
3560690
3560730
3560740
3560820
3560830
3560860
3560870
3560880
3560900
3560910
3560920
3560940
3560960
3560970
3560990
3561000
3561020
3561030
3561040
3561070
3561090
3561100
3561120
3561130
3561140
3561170
3561180
3561190
3561200
3561220
3561230
3561240
3561260
3561270
3561300
3561310
3561380
3561400
3561420
3561430
3561460
3561490
3561510
3561530
3561560
3561570
3561580
3561590
3561610
3561620
3561640
3561730
3561740
3561760
3561770
3561780
3561790
3561800
3561810
3561820
3561830
3561840
3561850
3561860
3561870
3561900
3561910
3561920
3561930
3561960
3561970
3562000
3562020
3562050
3562070
3562090
3562110
3562120
3562170
3562180
3562200
3562220
3562230
3562250
3562260
3562270
3562310
3562320
3562330
3562340
3562360
3562370
3562400
3562420
3562460
3562500
3562510
3562520
3562530
3562540
3562580
3562620
3562630
3562820
3562830
3562850
3562970
3562990
3563000
3563060
3563100
3563120
3563190
3563220
3563260
3563270
3563360
3563370
3563380
3563430
3563450
3563460
3563470
3563480
3563490
3563500
3563530
3563550
3563570
3563610
3563670
3563690
3563700
3563710
3563730
3563760
3563780
3563790
3563810
3563820
3563830
3563860
3563920
3563950
3564090
3564110
3564130
3564140
3564150
3564220
3564260
3564270
3564310
3564330
3564340
3564360
3564370
3564380
3564420
3564440
3564490
3564510
3564520
3564530
3564570
3564580
3564590
3564650
3564660
3564670
3564680
3564700
3564710
3564740
3564750
3564790
3564820
3564850
3564880
3564900
3564990
3565010
3565020
3565030
3565040
3565050
3565080
3565090
3565100
3565110
3565120
3565130
3565140
3565150
3565200
3565220
3565250
3565260
3565290
3565320
3565330
3565340
3565380
3565390
3565400
3565410
3565460
3565480
3565530
3565560
3565570
3565590
3565600
3565610
3565620
3565630
3565640
3565650
3565660
3565670
3565680
3565690
3565700
3565720
3565740
3565760
3565820
3565880
3565900
3565940
3565970
3565980
3565990
3566050
3566060
3566070
3566100
3566120
3566130
3566140
3566150
3566180
3566200
3566230
3566270
3566280
3566300
3566310
3566320
3566380
3566410
3566430
3566480
3566580
3566590
3566620
3566630
3566650
3566660
3566670
3566710
3566720
3566730
3566760
3566780
3566790
3566820
3566840
3566850
3566860
3566870
3566880
3566890
3566900
3566920
3566930
3566940
3566950
3566990
3567000
3567010
3567020
3567030
3567040
3567060
3567070
3567080
3567120
3567140
3567200
3567260
3567270
3567350
3567360
3567520
3567560
3567580
3567590
3567600
3567620
3567660
3567740
3567760
3567790
3567800
3567810
3567910
3567920
3567940
3567980
3568000
3568020
3568030
3568090
3568110
3568150
3568170
3568200
3568210
3568230
3568260
3568280
3568290
3568300
3568460
3568470
3568480
3568530
3568550
3568570
3568640
3568690
3568710
3568720
3568740
3568760
3568780
3568800
3568830
3568900
3568960
3568980
3569010
3569020
3569030
3569040
3569050
3569060
3569240
3569250
3569390
3569400
3569410
3569420
3569430
3569440
3569450
3569480
3569500
3569510
3569560
3569570
3569590
3569650
3569700
3569710
3569820
3569850
3569940
3569950
3569980
3569990
3570000
3570010
3570020
3570040
3570060
3570070
3570080
3570110
3570130
3570160
3570170
3570180
3570190
3570210
3570260
3570280
3570340
3570350
3570360
3570370
3570400
3570430
3570450
3570470
3570490
3570500
3570520
3570540
3570570
3570590
3570600
3570650
3570670
3570700
3570780
3570840
3570930
3570940
3571080
3571380
3571460
3571480
3571530
3571540
3571560
3571570
3571580
3571590
3571630
3571640
3571650
3571660
3571690
3571710
3571750
3571780
3571800
3571820
3571830
3571840
3571850
3571870
3571920
3571940
3572020
3572030
3572050
3572060
3572070
3572080
3572120
3572130
3572200
3572310
3572320
3572330
3572410
3572420
3572440
3572530
3572570
3572580
3572640
3572660
3572690
3572720
3572740
3572770
3572800
3572810
3572820
3572830
3572840
3572850
3572870
3572900
3572930
3572960
3572990
3573000
3573010
3573020
3573030
3573040
3573060
3573070
3573110
3573120
3573180
3573190
3573260
3573410
3573420
3573430
3573440
3573460
3573470
3573490
3573500
3573700
3573740
3573750
3573760
3573770
3573790
3573800
3573900
3573920
3573980
3573990
3574000
3574020
3574030
3574040
3574060
3574090
3574100
3574130
3574140
3574160
3574200
3574210
3574220
3574250
3574280
3574290
3574300
3574320
3574510
3574540
3574550
3574570
3574610
3574640
3574670
3574680
3574690
3574700
3574730
3574740
3574750
3574760
3574770
3574800
3574810
3574830
3574840
3574850
3574870
3574890
3574900
3574920
3574930
3574950
3575020
3575030
3575040
3575090
3575190
3575210
3575220
3575260
3575280
3575290
3575300
3575350
3575360
3575370
3575380
3575390
3575400
3575420
3575430
3575440
3575480
3575500
3575520
3575530
3575570
3575600
3575610
3575640
3575650
3575670
3575690
3575710
3575730
3575750
3575790
3575810
3575840
3575850
3575880
3575920
3575930
3575940
3575960
3575970
3575980
3575990
3576000
3576060
3576070
3576110
3576130
3576230
3576240
3576250
3576290
3576330
3576340
3576350
3576360
3576370
3576380
3576390
3576410
3576430
3576460
3576500
3576520
3576540
3576560
3576580
3576590
3576600
3576610
3576630
3576670
3576680
3576690
3576700
3576720
3576750
3576780
3576870
3576880
3576890
3576910
3576920
3576940
3576950
3576960
3576980
3577000
3577020
3577060
3577070
3577080
3577110
3577120
3577140
3577240
3577250
3577260
3577380
3577390
3577420
3577440
3577570
3577630
3577680
3577700
3577710
3577770
3577780
3577820
3577830
3577850
3577880
3577920
3578040
3578060
3578070
3578080
3578100
3578110
3578120
3578130
3578180
3578190
3578220
3578240
3578250
3578290
3578310
3578340
3578350
3578380
3578390
3578430
3578440
3578450
3578460
3578480
3578500
3578510
3578520
3578530
3578550
3578580
3578590
3578600
3578710
3578720
3578740
3578820
3578900
3578910
3578920
3578940
3578960
3578980
3579010
3579020
3579050
3579060
3579070
3579100
3579180
3579230
3579240
3579250
3579280
3579290
3579300
3579320
3579330
3579340
3579350
3579360
3579390
3579410
3579490
3579560
3579630
3579650
3579710
3579720
3579860
3579880
3579890
3579900
3579920
3579960
3579980
3580010
3580050
3580060
3580070
3580100
3580110
3580130
3580160
3580210
3580260
3580300
3580330
3580340
3580370
3580400
3580440
3580450
3580500
3580580
3580630
3580650
3580760
3580890
3581030
3581040
3581050
3581070
3581090
3581110
3581120
3581130
3581140
3581150
3581160
3581180
3581200
3581210
3581220
3581230
3581260
3581510
3581530
3581570
3581590
3581600
3581660
3581670
3581680
3581700
3581730
3581760
3581780
3581790
3581810
3581820
3581840
3581850
3581870
3581880
3581890
3581900
3581910
3581940
3581960
3581980
3582020
3582060
3582100
3582120
3582130
3582170
3582230
3582250
3582270
3582290
3582320
3582340
3582350
3582360
3582390
3582420
3582430
3582440
3582460
3582470
3582480
3582490
3582500
3582510
3582520
3582530
3582540
3582560
3582590
3582620
3582640
3582660
3582670
3582690
3582740
3582780
3582790
3582800
3582810
3582830
3582850
3582880
3582890
3582900
3582920
3582970
3582980
3582990
3583000
3583010
3583060
3583070
3583100
3583110
3583120
3583140
3583170
3583210
3583220
3583240
3583250
3583270
3583290
3583310
3583320
3583330
3583340
3583430
3583470
3583530
3583540
3583560
3583570
3583600
3583620
3583630
3583660
3583670
3583680
3583700
3583710
3583740
3583750
3583760
3583780
3583790
3583800
3583870
3583930
3583940
3583960
3583970
3583980
3584000
3584010
3584020
3584060
3584070
3584090
3584100
3584120
3584140
3584150
3584170
3584190
3584210
3584240
3584250
3584260
3584280
3584290
3584300
3584330
3584350
3584360
3584370
3584380
3584390
3584440
3584450
3584490
3584550
3584560
3584580
3584590
3584610
3584630
3584640
3584660
3584690
3584710
3584720
3584860
3584870
3584900
3584910
3584920
3584940
3584950
3584970
3585000
3585030
3585040
3585060
3585080
3585110
3585150
3585160
3585210
3585220
3585230
3585240
3585260
3585280
3585310
3585320
3585330
3585380
3585390
3585400
3585420
3585430
3585440
3585460
3585480
3585490
3585520
3585540
3585550
3585600
3585630
3585640
3585650
3585660
3585680
3585690
3585710
3585740
3585750
3585760
3585790
3585800
3585810
3585820
3585860
3585880
3585900
3585930
3586020
3586060
3586070
3586150
3586180
3586200
3586220
3586280
3586380
3586390
3586410
3586420
3586440
3586450
3586460
3586480
3586520
3586530
3586570
3586650
3586660
3586670
3586710
3586740
3586750
3586760
3586770
3586810
3586830
3586850
3586870
3586880
3586890
3586910
3586920
3586950
3586970
3587000
3587010
3587020
3587080
3587090
3587140
3587160
3587200
3587260
3587280
3587450
3587460
3587470
3587480
3587490
3587510
3587530
3587590
3587610
3587620
3587720
3587750
3587760
3587770
3587780
3587790
3587800
3587820
3587830
3587900
3587960
3587980
3587990
3588050
3588140
3588150
3588160
3588170
3588220
3588230
3588260
3588300
3588310
3588330
3588350
3588360
3588390
3588410
3588430
3588460
3588490
3588510
3588530
3588540
3588570
3588580
3588590
3588610
3588630
3588660
3588760
3588790
3588820
3588830
3588840
3588930
3588950
3588960
3588970
3588980
3589000
3589010
3589030
3589050
3589130
3589150
3589190
3589200
3589210
3589250
3589280
3589350
3589390
3589430
3589460
3589480
3589510
3589530
3589540
3589690
3589720
3589740
3589770
3589780
3589790
3589810
3589820
3589830
3589870
3589880
3589910
3589920
3589940
3589950
3589970
3589980
3590010
3590020
3590040
3590080
3590090
3590120
3590140
3590180
3590290
3590330
3590360
3590370
3590400
3590480
3590510
3590520
3590530
3590540
3590550
3590560
3590570
3590590
3590610
3590620
3590630
3590650
3590660
3590670
3590740
3590760
3590770
3590780
3590790
3590830
3590840
3590870
3590890
3590940
3590970
3591010
3591080
3591090
3591130
3591190
3591200
3591210
3591220
3591240
3591250
3591270
3591300
3591340
3591360
3591390
3591400
3591420
3591440
3591470
3591480
3591500
3591510
3591550
3591560
3591650
3591660
3591670
3591680
3591700
3591720
3591770
3591870
3591890
3591920
3591940
3591950
3591970
3591990
3592000
3592020
3592060
3592070
3592090
3592140
3592170
3592190
3592200
3592210
3592220
3592240
3592290
3592300
3592310
3592340
3592350
3592390
3592410
3592420
3592430
3592440
3592450
3592460
3592490
3592510
3592520
3592530
3592540
3592570
3592710
3592760
3592770
3592780
3592790
3592800
3592820
3592860
3592920
3592940
3592960
3592990
3593000
3593020
3593040
3593060
3593130
3593180
3593190
3593250
3593260
3593290
3593330
3593360
3593370
3593380
3593400
3593410
3593430
3593470
3593490
3593500
3593510
3593520
3593540
3593580
3593600
3593610
3593620
3593660
3593760
3593770
3593780
3593850
3593860
3593870
3593910
3593920
3593940
3593990
3594000
3594040
3594050
3594090
3594100
3594120
3594170
3594190
3594210
3594280
3594320
3594430
3594450
3594470
3594500
3594530
3594550
3594560
3594590
3594610
3594680
3594690
3594720
3594740
3594750
3594780
3594790
3594970
3594980
3594990
3595000
3595010
3595020
3595050
3595060
3595130
3595140
3595180
3595210
3595220
3595230
3595270
3595280
3595320
3595350
3595390
3595410
3595430
3595440
3595450
3595460
3595480
3595490
3595560
3595590
3595600
3595630
3595640
3595680
3595710
3595730
3595740
3595760
3595790
3595800
3595810
3595820
3595850
3595890
3595900
3595940
3595960
3595980
3596000
3596030
3596040
3596060
3596100
3596130
3596230
3596240
3596280
3596320
3596330
3596370
3596380
3596410
3596470
3596510
3596520
3596580
3596610
3596650
3596670
3596680
3596700
3596720
3596730
3596750
3596760
3596780
3596820
3596910
3596980
3597000
3597020
3597060
3597070
3597150
3597180
3597200
3597260
3597310
3597340
3597390
3597430
3597480
3597500
3597510
3597530
3597580
3597590
3597610
3597630
3597650
3597660
3597670
3597690
3597700
3597710
3597720
3597750
3597770
3597790
3597840
3597880
3597890
3597900
3597930
3597950
3597980
3597990
3598020
3598040
3598050
3598060
3598070
3598090
3598130
3598140
3598180
3598190
3598210
3598240
3598250
3598260
3598270
3598280
3598290
3598340
3598390
3598410
3598420
3598430
3598450
3598470
3598500
3598550
3598560
3598570
3598580
3598600
3598620
3598680
3598690
3598720
3598760
3598790
3598830
3598860
3598880
3598920
3598950
3598980
3598990
3599000
3599020
3599040
3599050
3599070
3599130
3599150
3599160
3599220
3599330
3599340
3599350
3599390
3599440
3599460
3599470
3599480
3599490
3599510
3599640
3599660
3599670
3599680
3599690
3599700
3599710
3599740
3599800
3599820
3599830
3599840
3599860
3599890
3599900
3599920
