3599930
3599990
3600040
3600050
3600060
3600070
3600120
3600150
3600160
3600170
3600210
3600220
3600240
3600250
3600280
3600310
3600330
3600350
3600360
3600380
3600400
3600440
3600510
3600530
3600590
3600620
3600670
3600680
3600690
3600700
3600720
3600730
3600740
3600760
3600770
3600800
3600810
3600820
3600840
3600940
3600950
3600960
3600970
3600990
3601030
3601060
3601120
3601130
3601150
3601160
3601190
3601210
3601300
3601310
3601320
3601330
3601370
3601420
3601450
3601550
3601560
3601590
3601610
3601630
3601640
3601660
3601670
3601680
3601690
3601700
3601710
3601720
3601780
3601790
3601800
3601810
3601830
3601840
3601860
3601890
3601900
3601970
3601980
3602000
3602030
3602040
3602060
3602080
3602090
3602100
3602120
3602130
3602150
3602170
3602180
3602190
3602210
3602240
3602270
3602290
3602390
3602400
3602430
3602530
3602540
3602570
3602600
3602610
3602630
3602640
3602650
3602680
3602700
3602710
3602720
3602740
3602780
3602790
3602820
3602870
3602880
3602890
3602940
3602980
3602990
3603010
3603020
3603040
3603070
3603080
3603100
3603110
3603330
3603340
3603350
3603360
3603370
3603380
3603400
3603410
3603420
3603430
3603510
3603530
3603540
3603550
3603560
3603570
3603580
3603590
3603640
3603650
3603660
3603680
3603690
3603710
3603720
3603730
3603740
3603770
3603820
3603860
3603870
3603890
3603900
3603920
3603930
3603940
3603960
3604010
3604020
3604030
3604040
3604070
3604090
3604100
3604110
3604130
3604140
3604220
3604230
3604250
3604260
3604310
3604350
3604430
3604450
3604470
3604480
3604490
3604500
3604510
3604520
3604550
3604560
3604580
3604600
3604750
3604760
3604780
3604790
3604800
3604810
3604860
3604870
3604880
3604910
3604920
3604950
3604960
3604980
3605000
3605010
3605030
3605070
3605090
3605120
3605140
3605150
3605230
3605240
3605260
3605330
3605340
3605350
3605360
3605370
3605400
3605410
3605440
3605450
3605460
3605470
3605480
3605490
3605500
3605510
3605520
3605550
3605560
3605570
3605910
3605920
3605940
3605970
3606000
3606010
3606030
3606060
3606150
3606160
3606180
3606330
3606340
3606360
3606380
3606390
3606400
3606450
3606480
3606520
3606580
3606610
3606620
3606680
3606690
3606700
3606740
3606750
3606780
3606810
3606820
3606830
3606840
3606890
3606910
3606920
3606930
3606950
3606970
3606980
3607000
3607020
3607040
3607120
3607150
3607190
3607230
3607270
3607290
3607300
3607310
3607330
3607370
3607380
3607440
3607450
3607460
3607470
3607480
3607490
3607500
3607510
3607540
3607560
3607570
3607690
3607710
3607730
3607770
3607790
3607800
3607810
3607820
3607840
3607850
3607900
3607990
3608000
3608010
3608020
3608050
3608090
3608120
3608250
3608290
3608300
3608320
3608340
3608390
3608430
3608460
3608480
3608510
3608550
3608580
3608620
3608630
3608680
3608730
3608780
3608830
3608900
3609080
3609100
3609130
3609140
3609150
3609160
3609260
3609320
3609330
3609380
3609400
3609410
3609470
3609520
3609530
3609580
3609590
3609600
3609610
3609620
3609640
3609660
3609670
3609700
3609710
3609720
3609750
3609760
3609780
3609790
3609890
3609900
3609910
3609920
3609970
3609980
3609990
3610000
3610120
3610130
3610150
3610170
3610210
3610270
3610280
3610310
3610340
3610380
3610410
3610440
3610500
3610520
3610530
3610570
3610630
3610650
3610700
3610780
3610790
3610810
3610830
3610840
3610890
3610940
3611010
3611030
3611180
3611450
3611530
3611540
3611560
3611620
3611630
3611640
3611650
3611700
3611710
3611760
3611770
3611900
3611940
3611950
3612000
3612050
3612060
3612080
3612110
3612120
3612130
3612160
3612210
3612250
3612300
3612320
3612350
3612390
3612440
3612450
3612460
3612480
3612510
3612520
3612610
3612620
3612630
3612640
3612660
3612670
3612720
3612730
3612740
3612760
3612770
3612780
3612790
3612800
3612850
3612870
3612900
3612910
3612930
3612940
3612950
3612960
3612980
3613030
3613040
3613050
3613070
3613080
3613120
3613130
3613170
3613230
3613270
3613280
3613300
3613400
3613450
3613470
3613480
3613490
3613500
3613510
3613530
3613550
3613600
3613610
3613680
3613690
3613730
3613740
3613790
3613830
3613860
3613910
3613920
3613930
3613940
3613960
3613980
3614050
3614070
3614100
3614140
3614160
3614170
3614220
3614250
3614300
3614320
3614380
3614410
3614460
3614500
3614570
3614580
3614600
3614620
3614630
3614650
3614690
3614700
3614720
3614730
3614960
3614970
3614980
3615020
3615080
3615110
3615160
3615180
3615210
3615290
3615300
3615340
3615360
3615380
3615390
3615420
3615440
3615480
3615490
3615510
3615520
3615590
3615650
3615680
3615710
3615720
3615760
3615770
3615790
3615800
3615840
3615850
3615860
3615870
3615880
3615890
3615920
3615940
3615950
3615970
3616000
3616020
3616070
3616180
3616200
3616210
3616220
3616230
3616240
3616250
3616260
3616280
3616290
3616320
3616330
3616390
3616450
3616480
3616540
3616550
3616560
3616570
3616580
3616630
3616650
3616680
3616730
3616760
3616780
3616810
3616840
3616850
3616860
3616890
3616910
3616920
3616930
3616940
3616960
3616970
3616980
3616990
3617020
3617040
3617070
3617080
3617110
3617120
3617130
3617150
3617170
3617190
3617200
3617250
3617270
3617290
3617300
3617310
3617320
3617340
3617350
3617370
3617390
3617400
3617410
3617420
3617430
3617440
3617460
3617470
3617490
3617510
3617530
3617560
3617570
3617600
3617620
3617630
3617650
3617690
3617720
3617730
3617750
3617820
3617830
3617840
3617890
3617900
3617930
3617940
3617990
3618000
3618010
3618020
3618030
3618040
3618050
3618060
3618070
3618090
3618120
3618140
3618170
3618200
3618210
3618320
3618330
3618390
3618400
3618470
3618480
3618510
3618520
3618550
3618560
3618570
3618590
3618600
3618640
3618650
3618660
3618680
3618690
3618700
3618720
3618760
3618780
3618790
3618820
3618840
3618850
3618870
3618880
3618890
3618900
3618910
3618930
3618960
3618980
3619000
3619030
3619060
3619230
3619240
3619280
3619290
3619300
3619350
3619360
3619370
3619380
3619420
3619460
3619490
3619520
3619580
3619600
3619610
3619730
3619740
3619760
3619780
3619950
3620000
3620020
3620040
3620050
3620060
3620070
3620080
3620120
3620130
3620140
3620180
3620210
3620240
3620260
3620350
3620360
3620390
3620430
3620440
3620470
3620480
3620510
3620520
3620530
3620550
3620560
3620570
3620600
3620610
3620620
3620680
3620690
3620720
3620730
3620740
3620750
3620760
3620780
3620790
3620810
3620830
3620860
3620880
3620890
3620930
3620940
3620950
3621000
3621010
3621020
3621040
3621050
3621060
3621090
3621150
3621170
3621190
3621200
3621210
3621240
3621260
3621290
3621320
3621330
3621350
3621370
3621400
3621410
3621440
3621450
3621460
3621490
3621510
3621560
3621600
3621620
3621660
3621680
3621690
3621700
3621760
3621840
3621860
3621870
3621880
3621920
3621930
3621950
3621990
3622010
3622090
3622150
3622180
3622220
3622230
3622250
3622260
3622290
3622310
3622330
3622350
3622370
3622420
3622450
3622480
3622490
3622500
3622510
3622570
3622600
3622610
3622640
3622650
3622660
3622670
3622690
3622730
3622760
3622800
3622810
3622840
3622860
3622910
3622920
3622930
3622940
3622950
3622990
3623000
3623030
3623050
3623080
3623090
3623100
3623110
3623120
3623140
3623190
3623200
3623230
3623270
3623280
3623330
3623370
3623380
3623390
3623400
3623410
3623430
3623440
3623470
3623480
3623490
3623500
3623530
3623550
3623580
3623590
3623600
3623630
3623640
3623660
3623670
3623700
3623730
3623790
3623870
3623890
3623910
3624020
3624050
3624090
3624110
3624120
3624140
3624150
3624170
3624250
3624270
3624300
3624330
3624370
3624380
3624390
3624430
3624520
3624530
3624570
3624580
3624590
3624600
3624610
3624640
3624750
3624790
3624800
3624810
3624840
3624860
3624880
3624890
3624920
3625060
3625080
3625110
3625190
3625210
3625220
3625230
3625260
3625280
3625350
3625360
3625380
3625390
3625410
3625420
3625430
3625520
3625530
3625540
3625550
3625570
3625600
3625610
3625620
3625660
3625700
3625740
3625820
3625830
3625840
3625870
3625890
3625950
3625960
3625970
3625990
3626020
3626040
3626080
3626090
3626100
3626120
3626160
3626280
3626300
3626310
3626340
3626350
3626460
3626470
3626480
3626490
3626540
3626560
3626600
3626610
3626730
3626750
3626760
3626800
3626810
3626820
3626860
3626890
3626910
3626930
3626960
3627000
3627030
3627200
3627210
3627220
3627240
3627270
3627280
3627290
3627340
3627360
3627380
3627450
3627490
3627510
3627520
3627540
3627580
3627590
3627640
3627650
3627670
3627680
3627690
3627720
3627770
3627790
3627800
3627820
3627840
3627880
3627900
3627940
3627950
3628000
3628010
3628020
3628050
3628060
3628070
3628120
3628200
3628360
3628380
3628400
3628410
3628440
3628520
3628530
3628540
3628560
3628580
3628600
3628610
3628620
3628630
3628640
3628650
3628660
3628670
3628730
3628760
3628790
3628800
3628810
3628840
3628890
3628910
3628920
3628950
3628960
3629000
3629050
3629080
3629110
3629120
3629140
3629160
3629180
3629190
3629200
3629210
3629270
3629280
3629290
3629300
3629320
3629330
3629360
3629370
3629400
3629430
3629460
3629470
3629480
3629490
3629550
3629560
3629570
3629580
3629620
3629640
3629750
3629780
3629790
3629810
3629820
3629840
3629860
3629880
3629970
3629990
3630010
3630060
3630100
3630110
3630120
3630150
3630160
3630170
3630190
3630200
3630230
3630270
3630280
3630300
3630310
3630320
3630330
3630350
3630360
3630370
3630380
3630410
3630480
3630600
3630620
3630640
3630680
3630720
3630760
3630790
3630800
3630870
3630900
3630910
3630930
3630950
3630970
3630980
3631000
3631010
3631020
3631040
3631050
3631070
3631080
3631090
3631100
3631130
3631170
3631180
3631200
3631230
3631250
3631260
3631290
3631350
3631360
3631400
3631410
3631430
3631440
3631480
3631500
3631560
3631570
3631580
3631600
3631620
3631670
3631690
3631710
3631750
3631820
3631830
3631850
3631890
3631900
3631930
3631940
3631960
3631970
3632010
3632020
3632040
3632070
3632100
3632130
3632150
3632200
3632240
3632280
3632340
3632360
3632370
3632420
3632430
3632460
3632480
3632490
3632510
3632530
3632570
3632660
3632670
3632680
3632730
3632740
3632770
3632780
3632810
3632820
3632860
3632890
3632910
3632980
3633000
3633020
3633040
3633060
3633070
3633120
3633180
3633220
3633230
3633250
3633310
3633320
3633340
3633390
3633400
3633410
3633420
3633430
3633450
3633490
3633500
3633530
3633540
3633560
3633580
3633630
3633680
3633690
3633720
3633730
3633740
3633750
3633760
3633770
3633790
3633800
3633830
3633840
3633860
3633880
3633890
3633910
3633940
3633990
3634010
3634020
3634040
3634050
3634090
3634100
3634170
3634210
3634220
3634230
3634270
3634280
3634300
3634320
3634330
3634340
3634370
3634400
3634410
3634420
3634430
3634460
3634470
3634500
3634520
3634540
3634550
3634590
3634670
3634690
3634700
3634710
3634720
3634730
3634750
3634760
3634770
3634780
3634790
3634800
3634810
3634870
3634880
3634890
3634910
3634920
3634930
3634950
3634960
3635000
3635020
3635050
3635060
3635070
3635080
3635100
3635130
3635150
3635210
3635220
3635230
3635240
3635280
3635290
3635310
3635320
3635360
3635370
3635380
3635450
3635490
3635510
3635520
3635540
3635550
3635630
3635640
3635700
3635710
3635720
3635730
3635740
3635790
3635800
3635830
3635850
3635870
3635920
3635930
3635960
3635970
3635990
3636000
3636060
3636080
3636100
3636110
3636120
3636130
3636140
3636180
3636230
3636260
3636320
3636360
3636380
3636390
3636420
3636440
3636460
3636470
3636480
3636500
3636510
3636520
3636530
3636550
3636580
3636620
3636660
3636670
3636680
3636690
3636700
3636720
3636730
3636740
3636750
3636760
3636770
3636800
3636840
3636850
3636860
3636900
3636930
3636950
3636960
3637020
3637040
3637060
3637070
3637080
3637170
3637180
3637210
3637250
3637280
3637330
3637340
3637390
3637410
3637420
3637450
3637520
3637540
3637580
3637610
3637620
3637630
3637640
3637650
3637660
3637690
3637720
3637730
3637770
3637800
3637820
3637860
3637890
3637900
3637940
3637980
3638030
3638040
3638060
3638070
3638080
3638180
3638240
3638280
3638310
3638350
3638380
3638400
3638410
3638420
3638430
3638440
3638500
3638540
3638580
3638590
3638630
3638650
3638670
3638680
3638690
3638710
3638750
3638820
3638830
3638840
3638870
3638890
3638910
3638920
3638970
3638980
3639000
3639030
3639040
3639050
3639060
3639070
3639080
3639100
3639120
3639160
3639190
3639210
3639220
3639230
3639240
3639250
3639270
3639280
3639310
3639330
3639380
3639420
3639440
3639450
3639480
3639490
3639500
3639510
3639520
3639550
3639640
3639650
3639710
3639730
3639750
3639770
3639780
3639790
3639840
3639860
3639880
3639930
3639950
3639960
3639970
3640040
3640120
3640130
3640160
3640170
3640200
3640240
3640270
3640280
3640290
3640300
3640330
3640390
3640430
3640450
3640460
3640530
3640550
3640570
3640610
3640640
3640650
3640700
3640720
3640740
3640750
3640790
3640820
3640840
3640850
3640860
3640880
3640900
3640910
3640950
3640960
3640970
3640990
3641000
3641010
3641020
3641180
3641250
3641270
3641370
3641420
3641530
3641650
3641720
3641730
3641740
3641760
3641800
3641820
3641830
3641840
3641940
3641980
3641990
3642000
3642030
3642110
3642180
3642210
3642250
3642270
3642370
3642380
3642390
3642420
3642430
3642440
3642500
3642530
3642550
3642560
3642600
3642650
3642660
3642690
3642710
3642720
3642730
3642750
3642760
3642810
3642850
3642860
3642900
3642910
3642920
3642960
3642980
3642990
3643000
3643080
3643170
3643220
3643250
3643310
3643330
3643350
3643430
3643480
3643510
3643520
3643560
3643600
3643610
3643630
3643680
3643690
3643710
3643740
3643760
3643780
3643790
3643800
3643830
3643900
3643910
3643940
3643990
3644010
3644020
3644040
3644050
3644060
3644070
3644100
3644110
3644120
3644130
3644140
3644160
3644170
3644180
3644200
3644210
3644240
3644250
3644260
3644440
3644490
3644510
3644520
3644530
3644540
3644550
3644610
3644630
3644710
3644780
3644790
3644800
3644810
3644830
3644850
3644860
3644870
3644880
3644930
3644940
3644950
3644970
3644980
3645040
3645050
3645070
3645080
3645090
3645100
3645130
3645160
3645170
3645180
3645220
3645250
3645270
3645280
3645300
3645310
3645320
3645380
3645410
3645430
3645460
3645470
3645490
3645520
3645530
3645540
3645600
3645610
3645620
3645640
3645650
3645660
3645670
3645700
3645710
3645720
3645730
3645770
3645780
3645820
3645860
3645880
3645890
3645920
3645990
3646000
3646020
3646040
3646060
3646070
3646120
3646130
3646210
3646230
3646280
3646310
3646320
3646380
3646390
3646430
3646450
3646460
3646480
3646490
3646510
3646530
3646540
3646550
3646560
3646590
3646600
3646610
3646640
3646650
3646660
3646670
3646700
3646750
3646810
3646830
3646840
3646850
3646860
3646890
3646920
3646930
3646940
3646950
3646960
3646970
3647000
3647010
3647030
3647040
3647050
3647070
3647090
3647120
3647140
3647190
3647220
3647240
3647290
3647380
3647400
3647420
3647450
3647460
3647470
3647480
3647550
3647600
3647620
3647630
3647660
3647670
3647680
3647690
3647700
3647820
3647830
3647870
3647900
3647920
3647950
3647960
3648060
3648070
3648150
3648180
3648210
3648220
3648240
3648260
3648300
3648320
3648340
3648350
3648370
3648390
3648400
3648420
3648430
3648440
3648450
3648480
3648520
3648530
3648540
3648550
3648620
3648640
3648650
3648660
3648700
3648710
3648730
3648770
3648780
3648800
3648820
3648840
3648880
3648890
3648900
3648910
3648940
3648960
3649050
3649110
3649130
3649160
3649240
3649320
3649350
3649380
3649410
3649420
3649430
3649440
3649450
3649460
3649480
3649490
3649530
3649570
3649580
3649590
3649610
3649650
3649660
3649670
3649680
3649690
3649700
3649730
3649750
3649760
3649770
3649790
3649840
3649860
3649890
3649900
3649910
3649920
3649930
3649950
3649980
3649990
3650000
3650050
3650090
3650100
3650140
3650150
3650160
3650180
3650190
3650200
3650210
3650230
3650240
3650250
3650270
3650320
3650330
3650350
3650370
3650390
3650410
3650420
3650490
3650510
3650550
3650580
3650620
3650650
3650670
3650690
3650720
3650730
3650740
3650770
3650790
3650830
3650860
3650950
3651010
3651020
3651080
3651090
3651110
3651130
3651160
3651170
3651180
3651210
3651230
3651240
3651250
3651270
3651300
3651310
3651320
3651360
3651370
3651410
3651450
3651470
3651480
3651490
3651540
3651550
3651560
3651570
3651600
3651620
3651630
3651670
3651710
3651720
3651730
3651760
3651780
3651830
3651870
3651880
3651890
3651940
3651950
3651960
3651980
3651990
3652020
3652040
3652080
3652120
3652160
3652200
3652210
3652220
3652230
3652250
3652280
3652300
3652330
3652410
3652460
3652470
3652550
3652570
3652580
3652610
3652620
3652630
3652650
3652660
3652690
3652700
3652740
3652770
3652840
3652860
3652900
3652910
3652920
3652940
3652960
3652980
3653030
3653050
3653130
3653180
3653230
3653240
3653250
3653260
3653300
3653320
3653330
3653390
3653420
3653440
3653460
3653480
3653510
3653590
3653600
3653610
3653660
3653680
3653710
3653720
3653750
3653810
3653820
3653850
3653870
3653890
3653910
3653920
3653930
3653960
3653970
3653990
3654000
3654020
3654030
3654040
3654050
3654060
3654130
3654170
3654190
3654200
3654210
3654260
3654380
3654390
3654410
3654500
3654540
3654550
3654560
3654570
3654580
3654590
3654610
3654640
3654650
3654670
3654740
3654750
3654800
3654810
3654830
3654850
3654880
3654900
3654990
3655010
3655020
3655030
3655040
3655080
3655090
3655100
3655150
3655170
3655200
3655210
3655230
3655240
3655260
3655270
3655290
3655330
3655340
3655370
3655380
3655390
3655400
3655430
3655520
3655540
3655560
3655570
3655580
3655590
3655610
3655650
3655670
3655710
3655720
3655760
3655780
3655790
3655820
3655860
3655870
3655880
3655890
3655910
3655930
3655960
3655970
3655990
3656050
3656060
3656070
3656090
3656100
3656140
3656190
3656210
3656220
3656230
3656260
3656270
3656280
3656300
3656320
3656330
3656340
3656360
3656370
3656380
3656400
3656420
3656480
3656500
3656520
3656530
3656550
3656560
3656570
3656640
3656650
3656660
3656680
3656690
3656710
3656720
3656760
3656780
3656800
3656840
3656850
3656970
3656980
3656990
3657000
3657020
3657030
3657070
3657080
3657100
3657130
3657150
3657180
3657210
3657230
3657240
3657290
3657310
3657320
3657450
3657460
3657470
3657480
3657500
3657530
3657540
3658000
3658060
3658080
3658150
3658160
3658200
3658220
3658230
3658250
3658310
3658340
3658370
3658460
3658570
3658590
3658600
3658630
3658650
3658670
3658680
3658730
3658780
3658800
3658820
3658850
3658910
3658940
3658970
3659000
3659010
3659020
3659050
3659080
3659090
3659120
3659130
3659140
3659150
3659160
3659170
3659180
3659190
3659210
3659270
3659280
3659410
3659460
3659470
3659540
3659550
3659560
3659720
3659750
3659780
3659800
3659810
3659820
3659860
3659880
3659900
3659920
3659940
3659960
3659970
3659980
3659990
3660000
3660010
3660020
3660060
3660080
3660090
3660100
3660110
3660130
3660140
3660150
3660220
3660260
3660270
3660290
3660320
3660330
3660360
3660410
3660430
3660440
3660460
3660520
3660540
3660580
3660590
3660600
3660610
3660630
3660690
3660700
3660710
3660720
3660790
3660800
3660810
3660840
3660860
3660900
3660990
3661160
3661230
3661280
3661290
3661300
3661320
3661350
3661360
3661380
3661400
3661430
3661500
3661530
3661550
3661560
3661570
3661580
3661590
3661610
3661630
3661660
3661670
3661680
3661690
3661700
3661740
3661790
3661830
3661890
3661930
3661950
3661980
3662040
3662060
3662070
3662120
3662130
3662140
3662150
3662180
3662210
3662240
3662260
3662590
3662680
3662750
3662770
3663790
3663980
3664010
3664020
3664060
3664070
3664090
3664100
3664120
3664160
3664200
3664230
3664240
3664250
3664280
3664300
3664320
3664360
3664430
3664440
3664470
3664490
3664510
3664520
3664530
3664560
3664580
3664600
3664630
3664650
3664670
3664680
3664690
3664700
3664720
3664750
3664810
3664820
3664840
3664880
3664890
3664910
3664920
3664960
3664990
3665010
3665040
3665050
3665060
3665090
3665100
3665110
3665120
3665130
3667100
3665220
3665230
3665240
3665250
3665270
3665290
3665300
3665310
3665430
3665460
3665470
3665480
3665490
3665500
3665510
3665520
3665540
3665550
3665560
3665570
3665590
3665600
3665610
3665620
3665630
3665640
3665650
3665660
3665670
3665680
3665740
3665750
3665770
3665780
3665790
3665800
3665820
3665830
3665840
3665880
3665900
3665930
3665970
3666000
3666020
3666030
3666060
3666080
3666160
3666180
3666200
3666210
3666260
3666300
3666320
3666410
3666460
3666470
3666490
3666520
3666530
3666550
3666590
3666610
3666630
3666640
3666670
3666710
3666780
3666790
3666820
3666830
3666880
3666920
3666940
3666950
3666980
3666990
3667000
3667020
3667050
3667060
3667070
3667080
3667090
3667100
3667120
3667150
3667220
3667230
3667270
3667280
3667360
3667370
3667380
3667390
3667400
3667410
3667420
3667460
3667480
3667500
3667510
3667520
3667550
3667590
3667610
3667630
3667660
3667680
3667690
3667720
3667730
3667790
3667840
3667850
3667880
3667980
3668080
3668090
3668110
3668150
3668260
3668270
3668280
3668300
3668320
3668330
3668340
3668350
3668360
3668370
3668420
3668430
3668440
3668450
3668470
3668480
3668520
3668550
3668560
3668630
3668640
3668740
3668790
3668800
3668810
3668830
3668840
3668850
3668880
3668890
3668900
3668910
3668950
3668960
3668990
3669010
3669020
3669040
3669050
3669060
3669080
3669100
3669150
3669160
3669180
3669190
3669270
3669280
3669330
3669360
3669370
3669380
3669400
3669430
3669450
3669490
3669500
3669510
3669520
3669530
3669540
3669550
3669570
3669600
3669610
3669620
3669640
3669660
3669690
3669700
3669710
3669720
3669740
3669750
3669770
3669780
3669790
3669820
3669830
3669850
3669860
3669870
3669890
3669940
3669960
3669980
3669990
3670010
3670040
3670060
3670080
3670100
3670110
3670120
3670140
3670180
3670200
3670210
3670230
3670260
3670290
3670310
3670320
3670340
3670380
3670390
3670460
3670490
3670500
3670510
3670530
3670560
3670570
3670580
3670590
3670600
3670610
3670630
3670640
3670650
3670670
3670730
3670740
3670750
3670810
3670820
3670880
3670900
3670920
3670940
3670950
3670960
3670970
3671060
3671320
3671350
3671370
3671400
3671420
3671430
3671490
3671510
3671520
3671540
3671550
3671580
3671590
3671660
3671710
3671730
3671740
3671750
3671770
3671780
3671800
3671830
3671850
3671880
3671900
3671910
3671970
3671980
3671990
3672020
3672040
3672050
3672060
3672090
3672100
3672110
3672130
3672160
3672210
3672240
3672250
3672270
3672290
3672300
3672320
3672390
3672400
3672410
3672420
3672440
3672470
3672490
3672500
3672520
3672540
3672600
3672640
3672650
3672660
3672670
3672690
3672710
3672720
3672740
3672760
3672780
3672790
3672800
3672820
3672840
3672890
3672900
3672920
3672970
3672980
3672990
3673000
3673010
3673050
3673060
3673090
3673110
3673120
3673150
3673180
3673210
3673220
3673300
3673320
3673360
3673400
3673410
3673450
3673460
3673490
3673500
3673540
3673550
3673560
3673610
3673630
3673660
3673710
3673730
3673750
3673790
3673900
3673910
3673920
3673950
3673960
3673970
3673980
3674000
3674050
3674070
3674080
3674110
3674140
3674150
3674170
3674200
3674210
3674240
3674270
3674590
3674680
3674690
3674790
3674920
3674930
3674940
3674970
3674980
3675040
3675060
3675110
3675130
3675150
3675160
3675170
3675210
3675240
3675290
3675300
3675320
3675340
3675400
3675470
3675500
3675510
3675530
3675540
3675570
3675580
3675600
3675630
3675650
3675690
3675700
3675720
3675770
3675840
3675870
3675880
3675890
3675920
3675930
3675950
3676000
3676030
3676060
3676080
3676090
3676100
3676110
3676140
3676190
3676240
3676250
3676260
3676270
3676310
3676320
3676330
3676430
3676450
3676460
3676490
3676500
3676510
3676530
3676550
3676590
3676600
3676630
3676670
3676740
3676830
3676840
3676850
3676870
3676930
3676960
3677020
3677050
3677060
3677070
3677080
3677120
3677140
3677290
3677310
3677370
3677390
3677400
3677420
3677480
3677520
3677530
3677580
3677590
3677620
3677650
3677720
3677730
3677780
3677850
3677860
3677870
3678070
3678080
3678110
3678130
3678160
3678250
3678260
3678330
3678350
3678410
3678420
3678440
3678450
3678480
3678490
3678600
3678690
3678710
3678730
3678750
3678760
3678770
3678780
3678790
3678800
3678810
3678860
3678870
3678880
3678900
3678910
3678920
3678930
3678950
3678960
3678970
3678990
3679060
3679070
3679080
3679100
3679190
3679210
3679240
3679260
3679320
3679330
3679340
3679350
3679380
3679390
3679400
3679410
3679440
3679470
3679500
3679520
3679530
3679540
3679570
3679590
3679600
3679610
3679690
3679740
3679750
3679760
3679870
3679880
3679890
3679900
3679920
3679930
3679940
3680040
3680060
3680070
3680080
3680090
3680110
3680120
3680130
3680140
3680160
3680170
3680220
3680230
3680240
3680350
3680380
3680390
3680400
3680410
3680420
3680450
3680470
3680510
3680570
3680580
3680600
3680640
3680650
3680750
3680760
3680770
3680790
3680860
3680870
3680900
3680910
3680920
3680940
3680950
3680960
3681000
3681010
3681060
3681100
3681110
3681140
3681160
3681220
3681230
3681260
3681270
3681280
3681310
3681340
3681370
3681480
3681550
3681580
3681590
3681650
3681670
3681690
3681700
3681750
3681760
3681780
3681800
3681810
3681820
3681830
3681890
3681940
3681960
3682040
3682050
3682060
3682070
3682080
3682110
3682160
3682170
3682210
3682250
3682260
3682280
3682290
3682300
3682360
3682370
3682380
3682400
3682440
3682450
3682500
3682510
3682520
3682530
3682550
3682580
3682620
3682650
3682700
3682740
3682750
3682760
3682820
3682850
3682880
3682900
3682910
3682920
3682940
3682950
3683010
3683030
3683040
3683050
3683090
3683160
3683200
3683250
3683270
3683410
3683450
3683510
3683540
3683550
3683570
3683590
3683610
3683640
3683680
3683690
3683700
3683710
3683740
3683750
3683770
3683780
3683800
3683820
3683850
3683860
3683880
3683910
3683920
3683930
3683940
3683960
3683970
3683980
3684010
3684040
3684050
3684080
3684120
3684300
3684320
3684330
3684340
3684350
3684370
3684390
3684410
3684430
3684440
3684460
3684480
3684500
3684530
3684540
3684590
3684600
3684610
3684630
3684690
3684700
3684710
3684720
3684740
3684760
3684800
3684810
3684820
3684830
3684850
3684860
3684880
3684890
3684910
3684920
3684990
3685020
3685030
3685040
3685050
3685060
3685120
3685160
3685170
3685180
3685190
3685200
3685220
3685230
3685270
3685280
3685310
3685330
3685340
3685360
3685370
3685410
3685510
3685530
3685540
3685570
3685600
3685640
3685650
3685670
3685680
3685740
3685830
3685850
3685890
3685900
3685920
3685940
3685980
3686000
3686050
3686070
3686080
3686090
3686130
3686140
3686170
3686200
3686370
3686390
3686400
3686410
3686450
3686460
3686480
3686500
3686510
3686540
3686580
3686600
3686610
3686640
3686650
3686670
3686690
3686710
3686730
3686740
3686810
3686840
3686880
3686920
3686930
3686940
3686980
3686990
3687000
3687010
3687020
3687030
3687100
3687110
3687120
3687170
3687190
3687250
3687280
3687290
3687320
3687340
3687350
3687360
3687370
3687410
3687450
3687470
3687480
3687530
3687560
3687580
3687600
3687630
3687670
3687710
3687720
3687730
3687740
3687760
3687770
3687780
3687790
3687810
3687830
3687890
3687910
3687940
3687960
3687990
3688000
3688030
3688040
3688050
3688080
3688090
3688110
3688120
3688130
3688140
3688150
3688160
3688210
3688220
3688250
3688290
3688310
3688320
3688330
3688340
3688410
3688420
3688440
3688460
3688470
3688480
3688510
3688540
3688590
3688610
3688630
3688650
3688680
3688730
3688740
3688770
3688780
3688790
3688840
3688930
3688960
3688970
3689000
3689010
3689030
3689040
3689060
3689090
3689120
3689140
3689150
3689200
3689210
3689220
3689240
3689250
3689270
3689280
3689390
3689420
3689490
3689510
3689520
3689530
3689540
3689550
3689560
3689570
3689620
3689630
3689640
3689660
3689670
3689680
3689690
3689700
3689710
3689830
3689840
3689860
3689890
3689920
3689930
3689950
3690010
3690030
3690050
3690060
3690100
3690130
3690170
3690200
3690240
3690250
3690260
3690270
3690280
3690320
3690370
3690380
3690390
3690400
3690420
3690450
3690460
3690470
3690490
3690510
3690530
3690550
3690570
3690610
3690620
3690630
3690650
3690660
3690670
3690690
3690720
3690750
3690760
3690780
3690810
3690850
3690860
3690870
3690890
3690900
3690910
3690920
3690980
3691000
3691030
3691050
3691060
3691100
3691110
3691170
3691180
3691190
3691210
3691240
3691270
3691290
3691300
3691310
3691380
3691400
3691410
3691420
3691430
3691440
3691460
3691510
3691520
3691530
3691550
3691640
3691670
3691680
3691730
3691760
3691770
3691780
3691910
3691920
3691940
3691950
3692010
3692020
3692030
3692040
3692050
3692070
3692100
3692110
3692130
3692160
3692180
3692200
3692240
3692250
3692260
3692300
3692320
3692360
3692370
3692400
3692450
3692480
3692490
3692530
3692570
3692620
3692650
3692660
3692670
3692680
3692710
3692720
3692730
3692740
3692770
3692780
3692880
3692890
3692900
3692930
3692980
3693000
3693030
3693050
3693060
3693140
3693150
3693190
3693230
3693260
3693270
3693340
3693350
3693360
3693370
3693380
3693430
3693450
3693480
3693510
3693530
3693580
3693590
3693600
3693620
3693650
3693710
3693720
3693730
3693830
3693870
3693900
3693970
3694000
3694010
3694020
3694030
3694040
3694050
3694060
3694070
3694100
3694110
3694190
3694230
3694240
3694260
3694270
3694330
3694340
3694350
3694460
3694470
3694480
3694530
3694550
3694570
3694580
3694590
3694600
3694640
3694660
3694690
3694710
3694720
3694740
3694760
3694770
3694840
3694850
3694870
3694880
3694900
3694910
3694940
3694980
3694990
3695010
3695020
3695040
3695190
3695290
3695310
3695350
3695390
3695440
3695470
3695480
3695570
3695580
3695600
3695630
3695640
3695650
3695930
3695950
3695960
3695970
3695980
3695990
3696000
3696020
3696080
3696090
3696110
3696140
3696150
3696160
3696180
3696200
3696210
3696410
3696700
3696710
3696730
3697140
3697150
3697170
3697180
3697190
3697200
3697210
3697220
3697230
3697240
3697280
3697290
3697300
3697310
3697340
3697350
3697370
3697380
3697390
3697560
3697650
3697670
3697720
3697750
3697780
3697860
3697870
3697880
3697890
3697950
3698050
3698060
3698140
3698150
3698200
3698230
3698240
3698250
3698340
3698360
3698370
3698400
3698420
3698470
3698490
3698510
3698540
3698550
3698590
3698600
3698620
3698630
3698640
3698670
3698680
3698700
3698720
3698730
3698820
3698830
3698900
3699100
3699330
3699350
3699380
3699390
3699450
3699490
3699510
3699520
3699530
3699590
3699600
3699610
3699650
3699690
3699720
3699780
3699810
3699850
3699860
3699870
3699910
3699920
3699940
3699950
3699960
3699970
3699990
3700000
3700050
3700080
3700100
3700110
3700120
3700130
3700140
3700170
3700200
3700210
3700240
3700250
3700280
3700350
3700360
3700370
3700410
3700450
3700460
3700470
3700480
3700510
3700540
3700580
3700600
3700690
3700740
3700750
3700760
3700790
3700820
3700830
3700840
3700850
3700890
3700910
3700920
3700950
3700980
3701010
3701090
3701140
3701160
3701180
3701190
3701210
3701250
3701300
3701310
3701320
3701370
3701420
3701460
3701770
3701810
3701830
3701910
3701930
3701950
3701980
3701990
3702020
3702040
3702100
3702120
3702130
3702140
3702160
3702220
3702320
3702360
3702370
3702380
3702450
3702510
3702540
3702550
3702590
3702640
3702720
3702730
3702810
3702920
3702930
3702950
3702960
3703030
3703080
3703090
3703100
3703110
3703120
3703150
3703160
3703170
3703180
3703200
3703280
3703290
3703300
3703330
3703340
3703350
3703360
3703380
3703440
3703450
3703460
3703470
3703480
3703500
3703510
3703520
3703530
3703570
3703610
3703660
3703690
3703720
3703730
3703740
3703750
3703790
3703820
3703850
3703870
3703880
3703910
3703930
3703940
3703960
3703970
3704000
3704010
3704020
3704070
3704080
3704100
3704110
3704130
3704160
3704170
3704220
3704230
3704270
3704290
3704300
3704320
3704330
3704340
3704520
3704540
3704560
3704600
3704630
3704640
3704670
3704680
3704690
3704740
3704770
3704790
3704800
3704810
3704870
3704880
3704900
3704910
3704930
3704940
3704970
3705000
3705010
3705100
3705150
3705200
3705260
3705300
3705330
3705340
3705380
3705430
3705460
3705480
3705490
3705550
3705570
3705590
3705620
3705630
3705650
3705690
3705720
3705770
3705780
3705840
3705900
3705940
3705950
3705980
3706040
3706100
3706120
3706130
3706150
3706160
3706190
3706210
3706250
3706280
3706320
3706360
3706400
3706430
3706440
3706450
3706460
3706480
3706500
3706510
3706550
3706580
3706590
3706600
3706640
3706720
3706810
3706820
3706860
3706880
3706910
3706950
3706960
3706980
3707010
3707020
3707030
3707050
3707090
3707120
3707150
3707370
3707390
3707400
3707530
3707550
3707610
3707660
3707750
3707780
3707810
3708000
3708010
3708050
3708060
3708070
3708110
3708130
3708150
3708180
3708210
3708250
3708310
3708380
3708400
3708460
3708470
3708520
3708530
3708560
3708610
3708620
3708630
3708640
3708650
3708660
3708670
3708730
3708740
3708760
3708780
3708810
3708850
3708870
3709000
3709030
3709040
3709080
3709090
3709100
3709130
3709160
3709170
3709180
3709230
3709240
3709250
3709270
3709280
3709320
3709390
3709430
3709460
3709490
3709530
3709570
3709580
3709600
3709620
3709640
3709650
3709680
3709690
3709740
3709750
3709760
3709770
3709790
3709810
3709820
3709830
3709850
3709870
3709880
3709930
3709950
3709980
3709990
3710010
3710030
3710050
3710060
3710070
3710110
3710120
3710130
3710140
3710210
3710230
3710320
3710340
3710360
3710410
3710450
3710460
3710470
3710480
3710490
3710550
3710560
3710580
3710600
3710610
3710620
3710630
3710770
3710800
3710830
3710840
3710850
3710860
3710870
3710900
3710940
3710990
3711030
3711050
3711060
3711090
3711100
3711160
3711170
3711180
3711220
3711230
3711240
3711250
3711260
3711270
3711280
3711300
3711330
3711350
3711360
3711410
3711420
3711450
3711460
3711480
3711490
3711530
3711540
3711590
3711600
3711610
3711630
3711650
3711660
3711690
3711700
3711750
3711770
3711780
3711790
3711840
3711860
3711910
3711920
3711950
3711980
3712020
3712040
3712060
3712080
3712090
3712170
3712200
3712220
3712230
3712250
3712270
3712280
3712300
3712340
3712350
3712390
3712420
3712430
3712480
3712490
3712580
3712650
3712670
3712680
3712710
3712750
3712780
3712810
3712860
3712960
3713000
3713020
3713030
3713090
3713160
3713190
3713200
3713210
3713230
3713240
3713250
3713260
3713270
3713290
3713300
3713310
3713330
3713350
3713380
3713410
3713420
3713450
3713470
3713480
3713490
3713500
3713510
3713520
3713530
3713550
3713600
3713620
3713650
3713680
3713690
3713710
3713720
3713730
3713750
3713790
3713810
3713820
3713850
3713880
3713920
3713940
3713980
3714040
3714050
3714060
3714070
3714090
3714100
3714140
3714170
3714180
3714200
3714210
3714260
3714270
3714280
3714300
3714370
3714400
3714410
3714420
3714430
3714440
3714460
3714470
3714550
3714560
3714590
3714600
3714640
3714700
3714740
3714750
3714790
3714810
3714920
3714960
3715010
3715020
3715040
3715100
3715120
3715210
3715230
3715240
3715250
3715310
3715350
3715390
3715410
3715440
3715460
3715480
3715490
3715510
3715520
3715540
3715550
3715620
3715630
3715670
3715690
3715710
3715720
3715730
3715740
3715750
3715770
3715780
3715790
3715800
3715810
3715820
3715860
3715880
3715890
3715920
3715950
3715960
3715980
3716010
3716050
3716080
3716090
3716100
3716120
3716140
3716160
3716190
3716200
3716220
3716260
3716280
3716310
3716360
3716370
3716380
3716430
3716440
3716480
3716530
3716540
3716590
3716600
3716640
3716650
3716670
3716690
3716700
3716710
3716720
3716790
3716810
3716850
3716870
3716880
3716890
3716900
3716910
3716930
3716950
3716980
3717010
3717060
3717070
3717090
3717140
3717150
3717160
3717170
3717190
3717250
3717260
3717270
3717310
3717330
3717340
3717380
3717430
3717490
3717500
3717530
3717600
3717620
3717660
3717700
3717830
3717840
3717850
3717860
3717880
3717980
3718000
3718040
3718050
3718080
3718160
3718170
3718190
3718230
3718260
3718290
3718370
3718380
3718390
3718410
3718470
3718500
3718530
3718550
3718600
3718610
3718620
3718640
3718660
3718670
3718720
3718740
3718750
3718760
3718790
3718800
3718870
3718880
3718900
3718920
3718960
3718990
3719000
3719040
3719050
3719080
3719100
3719120
3719130
3719140
3719160
3719170
3719230
3719250
3719320
3719380
3719400
3719430
3719440
3719450
3719460
3719480
3719500
3719540
3719550
3719570
3719580
3719610
3719660
3719670
3719680
3719690
3719850
3719890
3719900
3719920
3719950
3719970
3719990
3720030
3720040
3720060
3720070
3720110
3720170
3720240
3720260
3720330
3720340
3720400
3720420
3720430
3720440
3720450
3720460
3720470
3720510
3720530
3720550
3720570
3720580
3720590
3720620
3720630
3720650
3720670
3720680
3720720
3720760
3720770
3720790
3720800
3720810
3720820
3720830
3720880
3720900
3720920
3720930
3720940
3720950
3720960
3720970
3720990
3721000
3721020
3721040
3721080
3721140
3721180
3721200
3721240
3721250
3721290
3721350
3721400
3721420
3721470
3721490
3721500
3721520
3721530
3721550
3721560
3721570
3721580
3721660
3721680
3721690
3721720
3721760
3721790
3721820
3721830
3721840
3721890
3721930
3721940
3721950
3721960
3721970
3722000
3722010
3722040
3722050
3722060
3722070
3722090
3722150
3722160
3722170
3722180
3722190
3722210
3722290
3722320
3722330
3722340
3722350
3722400
3722410
3722440
3722460
3722480
3722510
3722530
3722540
3722600
3722660
3722690
3722740
3722760
3722790
3722810
3722820
3722850
3722860
3722890
3722970
3722990
3723050
3723090
3723100
3723120
3723140
3723150
3723160
3723200
3723210
3723280
3723290
3723310
3723330
3723350
3723360
3723370
3723390
3723400
3723410
3723450
3723470
3723480
3723530
3723580
3723590
3723600
3723610
3723640
3723650
3723680
3723710
3723720
3723730
3723750
3723800
3723830
3723850
3723930
3723940
3723950
3723970
3723990
3724010
3724020
3724100
3724110
3724300
3724310
3724340
3724370
3724380
3724420
3724430
3724440
3724470
3724490
3724540
3724550
3724560
3724570
3724590
3724600
3724650
3724680
3724690
3724710
3724750
3724760
3724800
3724820
3724870
3724880
3724910
3724950
3725010
3725050
3725070
3725090
3725130
3725150
3725170
3725190
3725220
3725320
3725360
3725380
3725390
3725400
3725420
3725450
3725470
3725480
3725490
3725500
3725510
3725520
3725530
3725550
3725600
3725620
3725630
3725650
3725660
3725670
3725700
3725710
3725730
3725740
3725750
3725770
3725830
3725850
3725860
3725870
3725900
3725910
3725960
3726000
3726010
3726040
3726080
3726090
3726100
3726110
3726150
3726180
3726190
3726210
3726240
3726250
3726260
3726350
3726370
3726380
3726400
3726420
3726440
3726480
3726500
3726570
3726630
3726670
3726700
3726730
3726740
3726770
3726790
3726830
3726840
3726940
3726970
3727050
3727090
3727100
3727130
3727140
3727150
3727200
3727230
3727240
3727270
3727280
3727320
3727380
3727390
3727410
3727420
3727430
3727440
3727460
3727480
3727530
3727560
3727580
3727600
3727650
3727690
3727700
3727710
3727720
3727730
3727750
3727780
3727810
3727820
3727830
3727880
3727930
3728000
3728030
3728040
3728050
3728070
3728080
3728120
3728180
3728210
3728280
3728370
3728380
3728400
3728460
3728470
3728490
3728520
3728540
3728550
3728650
3728690
3728760
3728770
3728790
3728810
3728830
3728880
3728900
3728910
3728940
3728960
3729020
3729030
3729110
3729140
3729160
3729170
3729180
3729210
3729250
3729270
3729280
3729330
3729350
3729360
3729390
3729400
3729530
3729550
3729560
3729570
3729580
3729600
3729610
3729660
3729700
3729710
3729730
3729760
3729770
3729780
3729800
3729810
3729830
3729890
3729900
3729930
3729940
3729950
3730000
3730050
3730090
3730100
3730110
3730170
3730190
3730210
3730290
3730300
3730310
3730340
3730420
3730430
3730460
3730510
3730520
3730560
3730570
3730580
3730600
3730630
3730660
3730670
3730680
3730690
3730710
3730720
3730730
3730750
3730790
3730930
3730950
3730960
3730970
3731010
3731020
3731120
3731130
3731150
3731240
3731260
3731270
3731350
3731380
3731410
3731430
3731450
3731460
3731470
3731560
3731570
3731580
3731770
3731810
3731820
3731850
3731860
3731880
3731940
3731970
3731980
3732030
3732040
3732050
3732100
3732120
3732150
3732190
3732260
3732310
3732370
3732390
3732400
3732410
3732430
3732440
3732480
3732490
3732520
3732530
3732570
3732580
3732610
3732620
3732660
3732670
3732690
3732720
3732750
3732800
3732810
3732830
3732840
3732860
3732900
3732940
3732950
3732960
3733010
3733080
3733100
3733120
3733160
3733210
3733230
3733250
3733300
3733310
3733380
3733400
3733440
3733450
3733490
3733510
3733550
3733590
3733620
3733650
3733660
3733670
3733680
3733690
3733710
3733730
3733740
3733760
3733830
3733860
3733880
3733890
3733920
3733940
3733950
3733970
3733980
3733990
3734000
3734010
3734060
3734080
3734100
3734110
3734140
3734150
3734190
3734200
3734230
3734250
3734280
3734290
3734310
3734340
3734370
3734400
3734430
3734470
3734480
3734490
3734500
3734520
3734540
3734550
3734560
3734580
3734620
3734630
3734680
3734690
3734700
3734740
3734760
3734790
3734800
3734820
3734880
3734930
3734940
3734980
3734990
3735020
3735030
3735040
3735080
3735100
3735190
3735200
3735210
3735230
3735270
3735310
3735320
3735340
3735350
3735380
3735400
3735490
3735550
3735680
3735690
3735700
3735720
3735740
3735750
3735770
3735790
3735830
3735850
3735860
3735870
3735880
3735890
3736030
3736040
3736050
3736070
3736090
3736100
3736130
3736150
3736190
3736240
3736250
3736260
3736300
3736310
3736350
3736370
3736380
3736390
3736400
3736420
3736430
3736440
3736480
3736520
3736540
3736550
3736560
3736570
3736600
3736610
3736680
3736750
3736800
3736860
3736940
3736970
3736990
3737030
3737090
3737110
3737120
3737130
3737170
3737310
3737330
3737340
3737370
3737400
3737430
3737450
3737460
3737490
3737500
3737520
3737550
3737600
3737610
3737620
3737680
3737700
3737720
3737730
3737850
3737860
3737930
3737940
3737960
3737990
3738050
3738090
3738120
3738130
3738160
3738170
3738180
3738190
3738260
3738310
3738330
3738340
3738380
3738450
3738470
3738510
3738570
3738580
3738610
3738620
3738630
3738650
3738660
3738700
3738720
3738750
3738790
3738820
3738830
3738870
3738890
3738910
3738940
3738950
3738960
3739030
3739040
3739070
3739090
3739150
3739160
3739190
3739210
3739230
3739280
3739300
3739340
3739350
3739360
3739370
3739420
3739530
3739580
3739620
3739660
3739670
3739680
3739690
3739700
3739730
3739760
3739780
3739830
3739840
3739860
3739900
3739920
3739960
3740000
3740010
3740020
3740030
3740040
3740050
3740060
3740070
3740090
3740100
3740120
3740180
3740210
3740240
3740290
3740340
3740360
3740370
3740390
3740460
3740500
3740660
3740690
3740710
3740720
3740800
3740810
3740820
3740830
3740890
3740920
3740990
3741020
3741120
3741170
3741180
3741250
3741280
3741310
3741340
3741350
3741400
3741420
3741430
3741440
3741450
3741470
3741500
3741530
3741560
3741570
3741590
3741600
3741610
3741640
3741670
3741730
3741750
3741790
3741860
3741870
3741880
3741890
3741900
3741910
3741920
3741950
3742010
3742030
3742040
3742050
3742080
3742110
3742120
3742140
3742150
3742650
3742700
3742720
3742760
3742820
3742830
3742840
3742910
3742930
3742960
3742970
3742980
3742990
3743030
3743070
3743090
3743120
3743140
3743150
3743180
3743220
3743260
3743360
3743370
3743410
3743420
3743430
3743460
3743580
3743590
3743600
3743620
3743670
3743680
3743690
3743730
3743790
3743810
3743830
3743850
3743860
3743890
3743910
3743980
3744040
3744080
3744100
3744170
3744190
3744220
3744230
3744300
3744310
3744340
3744360
3744380
3744430
3744440
3744480
3744510
3744640
3744670
3744710
3744780
3744790
3744810
3744840
3744870
3744880
3744900
3744910
3744990
3745020
3745030
3745040
3745060
3745110
3745140
3745160
3745230
3745250
3745270
3745290
3745310
3745320
3745340
3745390
3745400
3745410
3745420
3745430
3745510
3745540
3745570
3745650
3745810
3745840
3745850
3745860
3745880
3745910
3745920
3745950
3745970
3745990
3746010
3746030
3746050
3746060
3746100
3746110
3746140
3746210
3746220
3746230
3746240
3746250
3746260
3746310
3746360
3746370
3746450
3746490
3746500
3746510
3746520
3746550
3746560
3746610
3746620
3746640
3746660
3746670
3746680
3746710
3746740
3746870
3746940
3746950
3746970
3746980
3746990
3747020
3747040
3747050
3747060
3747070
3747100
3747140
3747180
3747220
3747270
3747300
3747330
3747340
3747360
3747370
3747400
3747450
3747520
3747530
3747580
3747610
3747670
3747690
3747730
3747740
3747770
3747790
3747880
3747890
3747920
3747970
3748000
3748020
3748050
3748070
3748090
3748110
3748120
3748140
3748150
3748170
3748200
3748230
3748240
3748310
3748320
3748340
3748360
3748390
3748400
3748440
3748450
3748480
3748520
3748610
3748620
3748630
3748640
3748660
3748680
3748690
3748700
3748740
3748760
3748780
3748790
3748800
3748940
3748960
3749070
3749110
3749130
3749260
3749270
3749280
3749310
3749330
3749340
3749350
3749430
3749460
3749490
3749540
3749580
3749660
3749760
3749780
3749790
3749830
3749880
3749900
3749960
3749980
3750070
3750090
3750110
3750150
3750310
3750350
3750360
3750430
3750460
3750470
3750480
3750520
3750540
3750580
3750600
3750620
3750640
3750660
3750670
3750690
3750710
3750760
3750800
3750810
3750820
3750840
3750970
3750980
3751070
3751150
3751160
3751180
3751210
3751230
3751240
3751260
3751310
3751330
3751430
3751470
3751490
3751520
3751600
3751610
3751620
3751630
3751680
3751690
3751720
3751730
3751810
3751820
3751860
3751890
3751910
3751920
3751930
3751960
3751980
3752080
3752110
3752140
3752150
3752160
3752170
3752210
3752220
3752230
3752240
3752310
3752410
3752460
3752490
3752500
3752510
3752520
3752530
3752540
3752560
3752580
3752630
3752650
3752720
3752740
3752750
3752770
3752780
3752790
3752810
3752840
3752850
3752870
3752880
3752890
3752950
3752960
3752970
3752990
3753000
3753010
3753020
3753050
3753060
3753070
3753080
3753090
3753100
3753140
3753150
3753170
3753240
3753250
3753270
3753310
3753320
3753360
3753370
3753430
3753470
3753500
3753530
3753540
3753590
3753630
3753640
3753670
3753680
3753690
3753720
3753760
3753770
3753790
3753810
3753820
3753840
3753850
3753860
3753870
3753880
3753910
3753930
3754030
3754050
3754080
3754100
3754110
3754160
3754180
3754200
3754210
3754220
3754260
3754290
3754300
3754320
3754330
3754350
3754360
3754370
3754410
3754430
3754480
3754490
3754500
3754530
3754540
3754550
3754560
3754570
3754580
3754610
3754650
3754700
3754760
3754800
3754830
3754860
3754920
3754960
3754990
3755060
3755100
3755120
3755190
3755200
3755220
3755250
3755300
3755320
3755350
3755360
3755370
3755380
3755420
3755430
3755440
3755470
3755540
3755550
3755570
3755580
3755610
3755620
3755650
3755670
3755680
3755700
3755720
3755730
3755740
3755760
3755770
3755850
3755860
3755880
3755890
3755920
3755930
3756010
3756020
3756040
3756050
3756080
3756110
3756160
3756170
3756180
3756190
3756240
3756250
3756260
3756320
3756340
3756360
3756370
3756380
3756510
3756520
3756530
3756550
3756560
3756570
3756600
3756620
3756740
3756780
3756870
3756900
3756910
3756930
3756940
3756980
3757000
3757020
3757040
3757060
3757110
3757130
3757140
3757170
3757180
3757190
3757210
3757240
3757290
3757360
3757410
3757430
3757440
3757460
3757470
3757480
3757510
3757530
3757540
3757550
3757560
3757570
3757600
3757620
3757630
3757650
3757660
3757740
3757820
3757830
3757920
3757940
3757960
3757980
3758070
3758090
3758150
3758170
3758200
3758260
3758280
3758300
3758330
3758340
3758360
3758400
3758420
3758430
3758440
3758450
3758460
3758490
3758560
3758590
3758630
3758650
3758690
3758780
3758790
3758800
3758830
3758850
3758870
3758880
3758950
3758980
3758990
3759000
3759040
3759060
3759100
3759130
3759140
3759170
3759180
3759190
3759210
3759220
3759240
3759320
3759330
3759340
3759380
3759390
3759400
3759410
3759420
3759510
3759550
3759590
3759610
3759650
3759670
3759680
3759690
3759730
3759740
3759750
3759760
3759770
3759780
3759790
3759810
3759820
3759840
3759860
3759870
3759910
3760080
3760090
3760100
3760140
3760160
3760180
3760200
3760230
3760240
3760270
3760310
3760340
3760360
3760370
3760410
3760430
3760450
3760470
3760480
3760520
3760540
3760600
3760610
3760620
3760630
3760690
3760700
3760710
3760770
3760780
3760790
3760800
3760820
3760840
3760890
3760910
3760920
3760960
3760980
3761040
3761070
3761100
3761130
3761210
3761310
3761320
3761390
3761400
3761450
3761470
3761500
3761510
3761560
3761570
3761580
3761610
3761660
3761680
3761720
3761740
3761760
3761780
3761810
3761830
3761840
3761880
3761910
3761920
3761930
3761960
3761990
3762040
3762080
3762100
3762110
3762130
3762200
3762210
3762240
3762280
3762300
3762360
3762370
3762430
3762450
3762460
3762500
3762510
3762550
3762570
3762610
3762630
3762650
3762660
3762690
3762720
3762740
3762770
3762780
3762790
3762800
3762820
3762840
3762880
3762900
3762950
3762990
3763000
3763040
3763050
3763070
3763100
3763110
3763120
3763150
3763170
3763230
3763240
3763260
3763320
3763330
3763340
3763380
3763390
3763470
3763480
3763560
3763670
3763690
3763720
3763730
3763740
3763770
3763790
3763820
3763840
3763930
3764010
3764040
3764070
3764090
3764100
3764120
3764130
3764180
3764200
3764230
3764250
3764270
3764280
3764290
3764330
3764340
3764350
3764380
3764390
3764400
3764410
3764420
3764450
3764460
3764490
3764510
3764520
3764530
3764550
3764710
3764730
3764760
3764780
3764790
3764870
3764880
3764890
3764920
3764930
3764940
3764950
3764970
3765010
3765030
3765040
3765080
3765100
3765210
3765230
3765250
3765300
3765320
3765340
3765380
3765430
3765450
3765460
3765530
3765540
3765590
3765610
3765640
3765700
3765710
3765730
3765790
3765800
3765820
3765830
3765880
3765890
3765900
3765910
3765930
3765940
3766110
3766120
3766130
3766160
3766170
3766190
3766200
3766210
3766240
3766480
3766500
3766510
3766590
3766600
3766620
3766700
3766740
3766750
3766790
3766810
3766820
3766830
3766840
3766870
3766920
3766950
3767020
3767110
3767120
3767190
3767270
3767280
3767290
3767300
3767310
3767320
3767340
3767360
3767420
3767470
3767500
3767610
3767680
3767700
3767720
3767740
3767850
3767990
3768000
3768020
3768030
3768050
3768060
3768080
3768110
3768140
3768150
3768170
3768360
3768370
3768380
3768400
3768420
3768430
3768490
3768550
3768570
3768580
3768660
3768670
3768690
3768750
3768760
3768800
3768810
3768880
3768980
3769010
3769030
3769070
3769120
3769130
3769230
3769250
3769330
3769380
3769400
3769440
3769520
3769530
3769710
3769720
3769740
3769790
3769800
3769870
3769940
3769970
3769980
3770000
3770010
3770030
3770040
3770050
3770120
3770180
3770230
3770240
3770250
3770260
3770270
3770310
3770340
3770380
3770400
3770440
3770460
3770470
3770510
3770520
3770560
3770690
3770700
3770710
3770720
3770740
3770760
3770820
3770950
3770960
3770980
3771020
3771070
3771100
3771110
3771190
3771230
3771250
3771260
3771270
3771390
3771510
3771570
3771600
3771610
3771620
3771660
3771680
3771740
3771770
3771790
3771880
3771890
3771920
3771950
3771960
3771980
3772010
3772040
3772050
3772060
3772080
3772090
3772100
3772110
3772130
3772140
3772190
3772240
3772330
3772340
3772350
3772400
3772430
3772440
3772460
3772480
3772540
3772550
3772600
3772610
3772620
3772660
3772720
3772730
3772810
3772820
3772860
3772880
3772960
3772980
3772990
3773010
3773120
3773170
3773190
3773260
3773370
3773380
3773390
3773450
3773540
3773590
3773670
3773720
3773750
3773780
3773790
3773810
3773820
3773840
3773850
3773930
3773940
3773950
3773960
3773990
3774020
3774030
3774130
3774170
3774190
3774200
3774210
3774220
3774230
3774250
3774260
3774270
3774280
3774300
3774390
3774400
3774410
3774430
3774440
3774510
3774520
3774530
3774560
3774620
3774720
3774730
3774780
3774790
3774800
3774860
3774940
3774950
3775020
3775050
3775060
3775110
3775140
3775160
3775190
3775270
3775280
3775360
3775390
3775400
3775430
3775510
3775530
3775540
3775570
3775580
3775610
3775680
3775700
3775740
3775790
3775810
3775860
3775870
3775890
3775920
3775930
3775960
3775970
3775980
3776000
3776070
3776220
3776240
3776250
3776300
3776320
3776340
3776350
3776380
3776410
3776500
3776540
3776560
3776590
3776600
3776610
3776620
3776630
3776660
3776670
3776680
3776710
3776730
3776750
3776780
3776790
3776810
3776830
3776860
3776880
3776910
3776960
3776990
3777000
3777010
3777020
3777040
3777060
3777110
3777140
3777210
3777270
3777290
3777300
3777400
3777500
3777530
3777550
3777560
3777590
3777690
3777700
3777710
3777750
3777810
3777830
3777870
3777920
3777930
3778020
3778040
3778060
3778160
3778210
3778250
3778260
3778290
3778320
3778350
3778370
3778380
3778400
3778410
3778470
3778480
3778530
3778600
3778610
3778620
3778630
3778650
3778660
3778670
3778680
3778720
3778740
3778770
3778780
3778810
3778820
3778860
3778870
3778900
3778990
3779000
3779040
3779090
3779100
3779120
3779170
3779190
3779280
3779300
3779320
3779340
3779380
3779390
3779410
3779430
3779440
3779470
3779480
3779500
3779540
3779560
3779570
3779580
3779600
3779660
3779680
3779700
3779710
3779780
3779790
3779800
3779810
3779820
3779890
3779900
3779910
3779920
3779960
3779980
3780020
3780030
3780050
3780060
3780110
3780230
3780250
3780280
3780290
3780360
3780390
3780420
3780430
3780490
3780500
3780520
3780530
3780570
3780580
3780610
3780630
3780660
3780730
3780750
3780770
3780790
3780890
3780930
3780950
3780970
3781010
3781150
3781190
3781270
3781280
3781320
3781330
3781350
3781380
3781400
3781420
3781440
3781460
3781500
3781530
3781550
3781570
3781590
3781610
3781690
3781720
3781740
3781750
3781770
3781840
3781940
3781950
3781990
3782000
3782030
3782080
3782090
3782120
3782130
3782170
3782200
3782240
3782280
3782310
3782330
3782360
3782370
3782390
3782400
3782410
3782480
3782530
3782540
3782550
3782570
3782610
3782620
3782630
3782640
3782650
3782750
3782840
3782890
3782900
3782910
3782920
3782970
3783030
3783050
3783070
3783110
3783170
3783190
3783200
3783210
3783250
3783300
3783310
3783330
3783340
3783370
3783380
3783410
3783440
3783480
3783500
3783510
3783540
3783580
3783590
3783600
3783630
3783660
3783750
3783800
3783820
3783840
3783850
3783860
3783920
3783950
3783960
3783980
3784020
3784030
3784040
3784060
3784070
3784080
3784090
3784100
3784110
3784120
3784130
3784140
3784160
3784200
3784300
3784310
3784360
3784370
3784420
3784440
3784450
3784470
3784570
3784580
3784600
3784610
3784690
3784700
3784730
3784750
3784760
3784810
3784820
3784830
3784840
3784850
3784870
3784880
3784930
3784950
3784980
3785020
3785130
3785140
3785170
3785230
3785300
3785310
3785320
3785350
3785380
3785410
3785420
3785500
3785520
3785560
3785590
3785640
3785650
3785660
3785690
3785710
3785720
3785750
3785780
3785860
3785910
3785950
3785980
3786030
3786040
3786110
3786150
3786540
3786560
3786570
3786640
3786650
3786760
3786810
3786830
3786910
3786930
3786940
3786950
3786990
3787000
3787020
3787030
3787050
3787120
3787130
3787190
3787240
3787260
3787340
3787390
3787430
3787450
3787470
3787480
3787510
3787520
3787530
3787560
3787620
3787640
3787870
3787880
3787890
3787960
3787980
3788010
3788070
3788080
3788110
3788120
3788160
3788170
3788190
3788200
3788260
3788320
3788330
3788360
3788370
3788390
3788410
3788420
3788490
3788500
3788590
3788610
3788650
3788720
3788730
3788740
3788760
3788770
3788780
3788800
3788820
3788830
3788850
3788860
3788870
3788900
3788940
3788990
3789010
3789020
3789050
3789060
3789070
3789080
3789090
3789120
3789130
3789140
3789160
3789180
3789210
3789220
3789230
3789250
3789280
3789290
3789310
3789340
3789380
3789440
3789460
3789490
3789500
3789510
3789560
3789580
3789590
3789600
3789610
3789620
3789630
3789640
3789650
3789660
3789670
3789680
3789750
3789760
3789810
3789830
3789870
3789880
3789950
3789960
3790060
3790070
3790080
3790120
3790170
3790180
3790190
3790200
3790220
3790230
3790240
3790250
3790280
3790400
3790450
3790510
3790550
3790560
3790580
3790590
3790640
3790650
3790670
3790730
3790750
3790760
3790770
3790800
3790810
3790890
3790940
3790970
3790990
3791030
3791070
3791080
3791170
3791250
3791320
3791340
3791380
3791390
3791400
3791410
3791450
3791540
3791560
3791590
3791600
3791610
3791620
3791630
3791650
3791660
3791670
3791680
3791760
3791770
3791780
3791830
3791850
3791870
3791940
3792060
3792070
3792120
3792140
3792170
3792200
3792300
3792360
3792380
3792420
3792430
3792460
3792480
3792490
3792500
3792510
3792530
3792540
3792560
3792570
3792610
3792640
3792660
3792670
3792680
3792730
3792740
3792770
3792790
3792830
3792880
3792890
3792900
3792920
3792930
3792940
3792960
3792980
3793000
3793060
3793120
3793180
3793260
3793270
3793280
3793290
3793300
3793430
3793490
3793500
3793510
3793580
3793590
3793690
3793710
3793730
3793740
3793750
3793790
3793800
3793810
3793840
3793890
3793900
3793910
3793920
3793930
3793950
3793960
3793970
3793990
3794010
3794020
3794030
3794050
3794210
3794220
3794250
3794270
3794280
3794290
3794300
3794320
3794350
3794370
3794400
3794410
3794420
3794440
3794450
3794460
3794520
3794560
3794570
3794590
3794600
3794610
3794620
3794650
3794660
3794670
3794700
3794710
3794730
3794750
3794760
3794770
3794790
3794810
3794870
3794910
3794920
3794930
3794940
3794980
3795000
3795030
3795110
3795140
3795170
3795180
3795190
3795200
3795250
3795260
3795270
3795320
3795370
3795410
3795470
3795490
3795540
3795550
3795560
3795570
3795600
3795670
3795690
3795720
3795750
3795760
3795800
3795810
3795850
3795870
3795900
3795920
3795950
3795960
3795970
3796000
3796030
3796060
3796150
3796160
3796190
3796220
3796230
3796280
3796320
3796450
3796480
3796500
3796570
3796600
3796610
3796630
3796670
3796690
3796740
3796750
3796760
3796790
3796830
3796960
3796970
3797020
3797040
3797120
3797160
3797220
3797250
3797260
3797300
3797310
3797320
3797340
3797390
3797460
3797470
3797670
3797690
3797700
3797720
3797740
3797770
3797830
3797840
3797930
3797960
3797990
3798020
3798050
3798190
3798210
3798230
3798290
3798300
3798310
3798340
3798350
3798400
3798420
3798450
3798500
3798530
3798540
3798550
3798560
3798590
3798600
3798630
3798650
3798730
3798840
3798860
3798930
3798950
3798960
3798970
3799010
3799100
3799110
3799160
3799200
3799260
3799280
3799290
3799300
3799310
3799320
3799410
3799430
3799470
3799510
3799520
3799530
3799550
3799560
3799570
3799620
3799720
3799750
3799780
3799840
3799900
3799920
3799930
3800010
3800030
3800060
3800110
3800140
3800200
3800230
3800270
3800300
3800310
3800340
3800350
3800390
3800420
3800440
3800480
3800580
3800640
3800650
3800670
3800680
3800800
3800820
3800840
3800850
3800860
3800870
3800880
3800900
3800940
3801010
3801030
3801050
3801060
3801180
3801190
3801270
3801290
3801320
3801330
3801350
3801360
3801370
3801380
3801410
3801470
3801490
3801500
3801510
3801520
3801530
3801540
3801570
3801590
3801650
3801660
3801690
3801750
3801800
3801810
3801950
3801990
3802050
3802110
3802120
3802180
3802260
3802290
3802320
3802380
3802390
3802400
3802470
3802500
3802600
3802610
3802620
3802630
3802640
3802650
3802670
3802720
3802730
3802740
3802770
3802800
3802810
3802820
3802850
3802900
3802920
3802930
3802950
3802980
3802990
3803030
3803040
3803050
3803060
3803080
3803180
3803230
3803240
3803250
3803260
3803270
3803330
3803390
3803410
3803600
3803610
3803620
3803650
3803670
3803680
3803700
3803720
3803730
3803750
3803760
3803780
3803810
3803850
3803860
3803930
3803990
3804010
3804030
3804040
3804070
3804170
3804180
3804190
3804290
3804330
3804370
3804390
3804400
3804420
3804470
3804500
3804520
3804530
3804560
3804740
3804750
3804840
3804890
3804910
3804920
3804930
3804940
3804950
3804980
3804990
3805000
3805050
3805100
3805140
3805150
3805160
3805170
3805190
3805240
3805280
3805340
3805350
3805360
3805390
3805400
3805410
3805420
3805440
3805450
3805460
3805490
3805500
3805510
3805540
3805560
3805580
3805630
3805670
3805690
3805710
3805770
3805790
3805820
3805860
3805880
3805910
3805930
3805950
3805970
3806010
3806030
3806050
3806060
3806070
3806080
3806090
3806100
3806110
3806120
3806140
3806150
3806160
3806180
3806190
3806200
3806210
3806220
3806230
3806260
3806270
3806300
3806350
3806370
3806380
3806400
3806420
3806440
3806450
3806460
3806480
3806520
3806530
3806540
3806550
3806560
3806570
3806610
3806630
3806690
3806780
3806790
3806810
3806830
3806840
3806870
3806960
3807000
3807050
3807080
3807130
3807190
3807200
3807220
3807250
3807260
3807300
3807320
3807420
3807430
3807440
3807470
3807480
3807500
3807510
3807520
3807530
3807550
3807560
3807570
3807610
3807630
3807640
3807650
3807670
3807690
3807720
3807740
3807760
3807790
3807810
3807820
3807900
3807920
3807930
3807940
3807970
3808010
3808020
3808040
3808050
3808080
3808130
3808150
3808180
3808270
3808310
3808340
3808370
3808410
3808420
3808430
3808440
3808450
3808460
3808500
3808550
3808590
3808610
3808630
3808670
3808680
3808690
3808730
3808740
3808750
3808800
3808810
3808860
3808890
3808900
3808920
3808940
3808950
3808980
3809040
3809060
3809080
3809110
3809160
3809180
3809220
3809260
3809280
3809310
3809330
3809340
3809360
3809370
3809380
3809390
3809410
3809440
3809460
3809500
3809520
3809530
3809550
3809570
3809580
3809590
3809600
3809610
3809620
3809630
3809640
3809650
3809660
3809700
3809740
3809760
3809810
3809870
3809890
3809900
3809910
3809920
3809940
3809950
3809980
3810000
3810010
3810020
3810030
3810050
3810120
3810130
3810160
3810170
3810190
3810210
3810240
3810250
3810340
3810390
3810400
3810420
3810430
3810480
3810510
3810530
3810540
3810570
3810580
3810600
3810610
3810620
3810660
3810670
3810680
3810800
3810810
3810820
3810830
3810840
3810860
3810870
3810880
3810890
3810920
3810970
3810990
3811020
3811040
3811070
3811230
3811250
3811290
3811300
3811310
3811320
3811340
3811350
3811390
3811400
3811420
3811440
3811470
3811490
3811510
3811520
3811540
3811560
3811580
3811620
3811670
3811700
3811720
3811760
3811810
3811840
3811880
3811890
3811970
3811980
3811990
3812000
3812010
3812020
3812030
3812080
3812110
3812120
3812170
3812200
3812210
3812220
3812230
3812240
3812250
3812260
3812280
3812290
3812300
3812310
3812320
3812340
3812360
3812490
3812530
3812540
3812560
3812580
3812590
3812600
3812620
3812640
3812650
3812660
3812680
3812700
3812730
3812750
3812810
3812820
3812830
3812840
3812890
3812930
3812940
3812970
3812980
3812990
3813010
3813050
3813060
3813070
3813120
3813130
3813140
3813150
3813160
3813200
3813240
3813260
3813270
3813280
3813300
3813330
3813340
3813350
3813380
3813420
3813470
3813480
3813550
3813570
3813590
3813640
3813660
3813700
3813710
3813760
3813780
3813810
3813830
3813840
3813860
3813870
3813890
3813910
3813960
3813970
3813980
3813990
3814010
3814020
3814040
3814050
3814060
3814070
3814090
3814130
3814160
3814170
3814190
3814200
3814230
3814250
3814270
3814280
3814290
3814310
3814340
3814350
3814370
3814410
3814420
3814430
3814470
3814490
3814510
3814530
3814540
3814560
3814570
3814580
3814590
3814610
3814620
3814630
3814650
3814660
3814680
3814710
3814720
3814730
3814790
3814830
3814850
3814860
3814930
3814940
3814970
3815000
3815040
3815050
3815100
3815120
3815130
3815140
3815150
3815160
3815170
3815290
3815310
3815360
3815370
3815430
3815470
3815510
3815530
3815550
3815560
3815590
3815720
3815730
3815750
3815830
3815880
3815890
3815960
3815980
3815990
3816000
3816010
3816020
3816070
3816080
3816160
3816170
3816180
3816210
3816220
3816260
3816270
3816290
3816300
3816330
3816380
3816400
3816420
3816430
3816450
3816490
3816550
3816640
3816700
3816710
3816720
3816820
3816830
3816860
3816890
3816900
3816920
3816930
3816960
3816970
3816990
3817020
3817040
3817050
3817070
3817090
3817100
3817110
3817170
3817210
3817240
3817250
3817260
3817560
3817570
3817600
3817620
3817630
3817640
3817690
3817720
3817730
3817740
3817760
3817790
3817830
3817850
3817860
3817900
3817910
3817930
3817940
3817950
3817980
3818000
3818010
3818020
3818040
3818070
3818090
3818120
3818130
3818140
3818170
3818190
3818230
3818270
3818280
3818300
3818350
3818380
3818450
3818500
3818510
3818520
3818530
3818570
3818640
3818690
3818750
3818760
3818770
3818780
3818850
3818870
3818890
3818900
3818910
3818940
3818950
3818980
3819000
3819010
3819020
3819030
3819070
3819100
3819110
3819120
3819160
3819200
3819210
3819250
3819270
3819280
3819310
3819320
3819330
3819380
3819420
3819450
3819490
3819510
3819560
3819600
3819620
3819640
3819680
3819710
3819720
3819770
3819790
3819820
3819830
3819840
3819850
3819880
3819910
3819930
3820000
3820020
3820080
3820090
3820130
3820190
3820260
3820320
3820330
3820340
3820380
3820390
3820410
3820430
3820440
3820460
3820470
3820490
3820530
3820540
3820550
3820590
3820630
3820740
3820810
3820820
3820830
3820860
3820870
3820880
3820890
3820900
3820910
3820940
3820950
3820960
3821040
3821080
3821100
3821120
3821140
3821150
3821160
3821180
3821190
3821230
3821270
3821280
3821290
3821350
3821370
3821380
3821420
3821470
3821510
3821520
3821550
3821580
3821590
3821780
3821790
3821830
3821860
3821890
3821900
3821910
3821940
3821950
3821960
3821970
3822000
3822010
3822050
3822100
3822120
3822130
3822140
3822160
3822170
3822180
3822240
3822250
3822260
3822270
3822300
3822320
3822330
3822340
3822360
3822370
3822390
3822430
3822490
3822500
3822530
3822580
3822600
3822620
3822630
3822640
3822650
3822700
3822710
3822720
3822730
3822740
3822770
3822810
3822820
3822840
3822860
3822870
3822910
3822920
3822930
3822960
3822990
3823000
3823010
3823020
3823030
3823050
3823080
3823130
3823140
3823150
3823190
3823290
3823300
3823310
3823340
3823370
3823420
3823430
3823440
3823450
3823460
3823480
3823490
3823520
3823560
3823570
3823650
3823660
3823670
3823680
3823700
3823730
3823790
3823800
3823830
3823840
3823850
3823930
3823950
3824000
3824050
3824080
3824090
3824100
3824170
3824180
3824230
3824270
3824280
3824290
3824510
3824550
3824590
3824600
3824610
3824630
3824640
3824680
3824720
3824730
3824740
3824760
3824770
3824820
3824840
3824860
3824960
3824970
3824980
3825060
3825160
3825240
3825280
3825300
3825340
3825350
3825380
3825390
3825410
3825420
3825430
3825450
3825470
3825510
3825520
3825540
3825590
3825600
3825610
3825620
3825630
3825650
3825660
3825680
3825690
3825720
3825740
3825750
3825760
3825770
3825780
3825790
3825800
3825840
3825850
3825860
3825870
3825890
3825900
3825930
3825960
3825990
3826020
3826030
3826040
3826060
3826100
3826140
3826170
3826190
3826210
3826240
3826270
3826290
3826300
3826340
3826350
3826370
3826380
3826390
3826420
3826450
3826460
3826560
3826580
3826630
3826650
3826670
3826710
3826720
3826730
3826810
3826820
3826830
3826840
3826850
3826860
3826870
3826900
3826930
3826950
3826970
3826990
3827050
3827070
3827110
3827180
3827200
3827220
3827230
3827240
3827330
3827340
3827370
3827390
3827430
3827470
3827480
3827490
3827500
3827510
3827520
3827540
3827550
3827560
3827570
3827600
3827620
3827630
3827640
3827710
3827720
3827730
3827740
3827830
3827840
3827850
3828270
3828280
3828290
3828330
3828350
3828370
3828420
3828430
3828490
3828500
3828520
3828550
3828560
3828570
3828610
3828700
3828730
3828740
3828800
3828830
3828840
3828850
3828870
3828880
3828900
3828910
3828950
3828970
3828980
3829010
3829040
3829050
3829070
3829130
3829150
3829180
3829200
3829220
3829250
3829260
3829280
3829300
3829310
3829320
3829340
3829350
3829400
3829430
3829440
3829490
3829500
3829510
3829550
3829570
3829590
3829620
3829630
3829640
3829660
3829690
3829720
3829880
3829920
3829940
3830000
3830020
3830030
3830040
3830070
3830080
3830130
3830150
3830160
3830210
3830220
3830240
3830250
3830300
3830320
3830400
3830430
3830450
3830470
3830490
3830500
3830510
3830520
3830530
3830560
3830570
3830590
3830600
3830610
3830640
3830650
3830690
3830700
3830710
3830720
3830750
3830770
3830780
3830800
3830810
3830860
3830870
3830880
3830920
3830930
3830980
3831030
3831050
3831060
3831080
3831090
3831100
3831120
3831170
3831180
3831210
3831220
3831230
3831240
3831290
3831350
3831370
3831390
3831400
3831410
3831420
3831510
3831580
3831590
3831630
3831650
3831660
3831670
3831680
3831690
3831720
3831730
3831760
3831970
3831990
3832000
3832030
3832050
3832070
3832100
3832120
3832130
3832200
3832210
3832240
3832250
3832270
3832290
3832300
3832330
3832360
3832370
3832380
3832400
3832410
3832430
3832470
3832490
3832500
3832510
3832550
3832560
3832570
3832580
3832600
3832630
3832650
3832660
3832700
3832710
3832720
3832740
3832790
3832860
3832870
3832880
3832910
3832930
3832940
3832950
3833000
3833050
3833100
3833120
3833130
3833180
3833220
3833230
3833240
3833270
3833280
3833300
3833310
3833320
3833330
3833400
3833430
3833450
3833460
3833470
3833550
3833600
3833610
3833620
3833630
3833730
3833740
3833760
3833800
3833810
3833820
3833910
3833930
3834060
3834090
3834100
3834120
3834140
3834160
3834170
3834190
3834210
3834260
3834270
3834300
3834340
3834370
3834380
3834390
3834410
3834480
3834500
3834510
3834520
3834530
3834580
3834590
3834600
3834630
3834640
3834710
3834720
3834730
3834740
3834600
3834630
3834640
3834710
3834720
3834730
3834740
3834750
3834760
3834770
3834820
3834840
3834850
3834880
3834890
3834900
3834910
3834920
3834930
3834940
3834950
3834980
3835000
3835010
3835040
3835100
3835160
3835170
3835180
3835190
3835210
3835230
3835250
3835260
3835290
3835300
3835410
3835430
3835500
3835520
3835530
3835550
3835590
3835610
3835620
3835630
3835650
3835670
3835680
3835810
3835840
3835850
3835870
3835880
3835890
3835910
3835930
3835940
3835950
3835960
3835980
3836030
3836060
3836070
3836120
3836140
3836170
3836190
3836210
3836220
3836350
3836360
3836380
3836440
3836480
3836490
3836500
3836510
3836520
3836570
3836580
3836720
3836750
3836770
3836790
3836870
3836910
3836960
3836970
3836980
3836990
3837030
3837080
3837090
3837100
3837110
3837160
3837200
3837210
3837230
3837270
3837280
3837300
3837310
3837330
3837340
3837350
3837360
3837370
3837380
3837390
3837410
3837420
3837430
3837450
3837460
3837500
3837530
3837620
3837650
3837690
3837720
3837750
3837760
3837790
3837850
3837870
3837890
3837930
3837960
3837970
3837990
3838030
3838040
3838080
3838100
3838120
3838140
3838170
3838200
3838210
3838220
3838240
3838260
3838270
3838280
3838290
3838300
3838350
3838370
3838400
3838460
3838470
3838540
3838600
3838620
3838640
3838660
3838670
3838680
3838710
3838740
3838760
3838770
3838790
3838820
3838900
3838920
3839000
3839010
3839060
3839110
3839130
3839150
3839180
3839190
3839230
3839240
3839250
3839260
3839300
3839320
3839350
3839360
3839400
3839430
3839440
3839510
3839530
3839550
3839580
3839590
3839600
3839620
3839660
3839690
3839720
3839740
3839810
3839840
3839850
3839890
3839910
3839930
3839980
3840070
3840090
3840120
3840150
3840160
3840180
3840200
3840230
3840240
3840250
3840260
3840280
3840290
3840320
3840340
3840360
3840370
3840430
3840490
3840530
3840590
3840600
3840610
3840620
3840640
3840650
3840680
3840740
3840750
3840810
3840820
3840860
3840890
3840910
3840930
3840950
3840970
3841000
3841010
3841040
3841110
3841140
3841160
3841220
3841240
3841250
3841260
3841270
3841280
3841340
3841370
3841380
3841400
3841420
3841430
3841480
3841510
3841560
3841570
3841600
3841620
3841640
3841660
3841680
3841720
3841730
3841750
3841830
3841840
3841900
3841910
3841940
3841970
3841980
3841990
3842010
3842090
3842110
3842160
3842180
3842190
3842240
3842300
3842330
3842340
3842360
3842370
3842380
3842430
3842470
3842490
3842530
3842550
3842580
3842620
3842640
3842660
3842690
3842700
3842720
3842740
3842770
3842860
3842880
3842890
3842900
3842910
3842940
3842950
3842960
3842970
3842980
3843020
3843070
3843090
3843100
3843120
3843130
3843270
3843290
3843310
3843330
3843350
3843360
3843370
3843400
3843410
3843430
3843440
3843460
3843500
3843510
3843520
3843530
3843540
3843550
3843560
3843570
3843620
3843700
3843710
3843730
3843760
3843830
3843850
3843860
3843870
3843910
3843920
3843960
3843980
3844020
3844040
3844090
3844110
3844140
3844150
3844170
3844180
3844200
3844220
3844240
3844270
3844280
3844290
3844300
3844340
3844350
3844360
3844370
3844480
3844490
3844530
3844550
3844580
3844690
3844720
3844730
3844750
3844760
3844800
3844820
3844830
3844870
3844880
3844890
3844900
3844910
3844930
3844940
3844950
3844970
3844980
3845020
3845050
3845070
3845170
3845210
3845280
3845300
3845350
3845390
3845400
3845420
3845430
3845440
3845450
3845460
3845480
3845510
3845520
3845560
3845590
3845600
3845610
3845620
3845630
3845640
3845650
3845720
3845820
3845830
3845930
3845950
3846020
3846030
3846040
3846050
3846120
3846130
3846150
3846170
3846180
3846190
3846200
3846210
3846240
3846270
3846280
3846290
3846300
3846340
3846360
3846390
3846410
3846420
3846430
3846440
3846450
3846470
3846480
3846520
3846540
3846570
3846580
3846620
3846630
3846650
3846670
3846690
3846710
3846720
3846730
3846750
3846760
3846780
3846790
3846800
3846840
3846900
3846920
3846940
3846960
3846970
3847040
3847070
3847090
3847100
3847110
3847120
3847150
3847170
3847180
3847190
3847210
3847230
3847250
3847280
3847300
3847330
3847350
3847450
3847480
3847500
3847530
3847550
3847610
3847630
3847650
3847670
3847690
3847750
3847850
3847870
3847890
3847950
3847960
3847990
3848000
3848030
3848090
3848130
3848150
3848160
3848170
3848180
3848210
3848220
3848230
3848240
3848270
3848320
3848340
3848350
3848360
3848370
3848390
3848420
3848430
3848440
3848460
3848490
3848510
3848520
3848530
3848540
3848560
3848570
3848580
3848590
3848600
3848610
3848620
3848630
3848640
3848660
3848700
3848730
3848750
3848800
3848860
3848880
3848900
3848920
3848960
3848970
3848990
3849000
3849010
3849020
3849030
3849050
3849090
3849150
3849190
3849220
3849230
3849280
3849320
3849330
3849380
3849410
3849420
3849430
3849480
3849490
3849530
3849610
3849630
3849670
3849690
3849700
3849720
3849740
3849800
3849930
3849940
3849950
3849960
3850010
3850030
3850040
3850070
3850090
3850120
3850130
3850170
3850200
3850220
3850230
3850280
3850290
3850310
3850330
3850340
3850370
3850380
3850410
3850440
3850480
3850500
3850510
3850520
3850530
3850550
3850560
3850590
3850600
3850610
3850620
3850630
3850640
3850650
3850670
3850790
3850800
3850870
3850890
3850920
3850950
3850970
3850980
3851010
3851020
3851080
3851090
3851100
3851110
3851150
3851160
3851170
3851180
3851220
3851280
3851300
3851320
3851330
3851340
3851370
3851410
3851420
3851430
3851450
3851460
3851470
3851480
3851490
3851500
3851540
3851560
3851570
3851590
3851600
3851610
3851630
3851640
3851650
3851680
3851710
3851730
3851750
3851780
3851840
3851850
3851870
3851930
3851950
3851960
3851980
3851990
3852000
3852020
3852060
3852130
3852160
3852180
3852190
3852210
3852230
3852250
3852260
3852280
3852330
3852340
3852370
3852380
3852400
3852410
3852460
3852490
3852520
3852580
3852600
3852610
3852650
3852690
3852740
3852760
3852770
3852790
3852810
3852830
3852860
3852870
3852890
3852900
3852910
3852920
3852930
3852940
3853000
3853020
3853070
3853110
3853120
3853130
3853150
3853160
3853180
3853190
3853200
3853220
3853230
3853250
3853280
3853310
3853330
3853340
3853350
3853380
3853400
3853410
3853470
3853500
3853550
3853570
3853640
3853660
3853670
3853690
3853700
3853710
3853730
3853760
3853780
3853830
3853860
3853870
3853900
3853910
3853960
3853970
3853980
3854000
3854010
3854020
3854040
3854050
3854060
3854080
3854090
3854110
3854120
3854150
3854170
3854180
3854190
3854200
3854220
3854230
3854270
3854300
3854310
3854330
3854340
3854380
3854390
3854410
3854420
3854430
3854460
3854470
3854490
3854510
3854520
3854540
3854550
3854560
3854580
3854590
3854600
3854620
3854650
3854660
3854680
3854710
3854720
3854730
3854760
3854780
3854800
3854840
3854860
3854870
3854880
3854890
3854930
3854940
3854950
3854960
3854990
3855000
3855020
3855030
3855040
3855060
3855090
3855110
3855180
3855190
3855200
3855280
3855320
3855380
3855480
3855510
3855520
3855530
3855540
3855550
3855560
3855570
3855600
3855620
3855640
3855650
3855660
3855690
3855710
3855740
3855760
3855770
3855810
3855840
3855850
3855870
3855940
3855970
3855990
3856010
3856030
3856040
3856050
3856060
3856090
3856100
3856120
3856150
3856180
3856190
3856210
3856240
3856250
3856280
3856300
3856320
3856340
3856360
3856380
3856400
3856460
3856480
3856500
3856530
3856540
3856550
3856580
3856590
3856640
3856650
3856660
3856670
3856690
3856700
3856750
3856780
3856830
3856860
3856920
3856940
3856960
3856990
3857070
3857080
3857110
3857120
3857150
3857170
3857180
3857190
3857230
3857250
3857270
3857290
3857370
3857380
3857410
3857420
3857430
3857460
3857590
3857650
3857680
3857700
3857740
3857750
3857770
3857790
3857800
3857810
3857830
3857870
3857880
3857900
3857950
3857970
3857980
3858040
3858110
3858120
3858130
3858140
3858150
3858180
3858230
3858240
3858260
3858270
3858330
3858370
3858400
3858410
3858440
3858510
3858540
3858550
3858560
3858570
3858580
3858620
3858650
3858810
3858850
3858860
3858890
3858940
3858960
3858990
3859020
3859030
3859040
3859060
3859070
3859080
3859090
3859100
3859120
3859130
3859180
3859210
3859220
3859230
3859270
3859300
3859310
3859320
3859340
3859350
3859420
3859430
3859490
3859520
3859560
3859570
3859590
3859630
3859670
3859690
3859700
3859720
3859730
3859740
3859750
3859770
3859850
3859880
3859900
3859910
3859940
3859950
3860000
3860020
3860040
3860050
3860080
3860090
3860100
3860120
3860190
3860200
3860210
3860230
3860250
3860310
3860330
3860340
3860390
3860410
3860430
3860440
3860450
3860490
3860530
3860590
3860610
3860640
3860650
3860680
3860690
3860730
3860750
3860760
3860780
3860790
3860800
3860830
3860890
3860920
3860950
3860970
3861010
3861020
3861030
3861060
3861080
3861120
3861140
3861150
3861170
3861180
3861190
3861220
3861230
3861280
3861290
3861330
3861410
3861430
3861440
3861450
3861460
3861490
3861500
3861510
3861520
3861560
3861590
3861600
3861610
3861670
3861680
3861700
3861710
3861720
3861740
3861770
3861800
3861820
3861840
3861870
3861880
3861890
3861910
3861920
3861930
3861980
3862000
3862060
3862070
3862080
3862100
3862340
3862400
3862440
3862490
3862520
3862530
3862550
3862610
3862620
3862640
3862650
3862660
3862670
3862690
3862700
3862710
3862740
3862760
3862770
3862790
3862830
3862840
3862860
3862870
3862890
3862920
3862930
3862940
3862950
3862960
3862980
3863000
3863030
3863050
3863090
3863110
3863120
3863130
3863140
3863190
3863210
3863220
3863240
3863270
3863300
3863310
3863340
3863380
3863390
3863400
3863410
3863420
3863450
3863460
3863490
3863500
3863510
3863520
3863530
3863590
3863600
3863610
3863620
3863630
3863640
3863650
3863680
3863710
3863720
3863740
3863760
3863790
3863800
3863810
3863830
3863840
3863850
3863870
3863920
3863940
3863960
3863970
3863980
3863990
3864010
3864060
3864070
3864090
3864100
3864110
3864120
3864160
3864190
3864200
3864230
3864290
3864360
3864430
3864450
3864520
3864530
3864580
3864610
3864630
3864690
3864700
3864710
3864750
3864780
3864860
3864880
3864890
3864900
3864910
3864920
3864930
3864940
3864960
3864990
3865000
3865080
3865120
3865130
3865140
3865150
3865190
3865200
3865240
3865250
3865340
3865360
3865430
3865440
3865470
3865480
3865490
3865540
3865550
3865560
3865680
3865690
3865970
3865990
3866000
3866010
3866030
3866050
3866080
3866090
3866120
3866130
3866140
3866160
3866170
3866180
3866200
3866210
3866220
3866230
3866260
3866270
3866300
3866320
3866370
3866380
3866620
3866660
3866690
3866700
3866730
3866740
3866750
3866770
3866840
3866890
3866920
3867010
3867020
3867030
3867040
3867080
3867090
3867100
3867130
3867150
3867160
3867170
3867180
3867190
3867230
3867250
3867270
3867290
3867300
3867360
3867370
3867390
3867410
3867440
3867450
3867460
3867510
3867520
3867530
3867570
3867600
3867610
3867620
3867650
3867660
3867670
3867700
3867710
3867730
3867770
3867790
3867800
3867830
3867950
3867960
3868000
3868010
3868030
3868050
3868080
3868160
3868200
3868220
3868270
3868300
3868310
3868320
3868340
3868360
3868370
3868390
3868430
3868440
3868460
3868480
3868490
3868500
3868550
3868590
3868610
3868620
3868630
3868680
3868690
3868710
3868720
3868730
3868740
3868760
3868770
3868820
3868830
3868840
3868850
3868860
3868900
3868940
3868950
3868960
3869000
3869030
3869080
3869090
3869100
3869160
3869170
3869190
3869210
3869240
3869250
3869270
3869290
3869360
3869380
3869430
3869450
3869460
3869470
3869480
3869490
3869500
3869540
3869560
3869610
3869630
3869640
3869660
3869670
3869680
3869710
3869730
3869750
3869800
3869840
3869850
3869860
3869880
3869920
3869940
3869950
3869960
3869980
3870000
3870020
3870030
3870040
3870060
3870070
3870080
3870090
3870120
3870130
3870140
3870210
3870220
3870230
3870260
3870290
3870300
3870310
3870330
3870370
3870440
3870500
3870510
3870520
3870530
3870540
3870580
3870620
3870660
3870670
3870680
3870750
3870780
3870800
3870810
3870820
3870850
3870910
3870930
3870960
3870990
3871030
3871040
3871050
3871060
3871080
3871090
3871110
3871120
3871150
3871170
3871180
3871190
3871210
3871250
3871260
3871270
3871310
3871500
3871530
3871550
3871560
3871570
3871590
3871600
3871630
3871670
3871680
3871740
3871800
3871870
3871890
3871940
3871950
3871960
3871970
3871980
3872000
3872030
3872060
3872080
3872090
3872110
3872190
3872200
3872220
3872230
3872250
3872280
3872310
3872380
3872430
3872440
3872450
3872540
3872550
3872580
3872600
3872610
3872620
3872630
3872640
3872650
3872710
3872760
3872770
3872800
3872810
3872830
3872860
3872880
3872890
3872900
3872910
3872940
3873000
3873100
3873110
3873120
3873130
3873140
3873190
3873210
3873220
3873230
3873260
3873280
3873330
3873340
3873360
3873370
3873400
3873440
3873450
3873460
3873470
3873480
3873530
3873550
3873560
3873620
3873660
3873700
3873720
3873730
3873770
3873780
3873820
3873970
3873980
3874000
3874050
3874090
3874100
3874130
3874150
3874160
3874210
3874220
3874300
3874320
3874330
3874370
3874430
3874440
3874450
3874470
3874490
3874510
3874520
3874530
3874580
3874620
3874630
3874640
3874650
3874680
3874690
3874760
3874770
3874850
3874890
3874910
3874920
3874940
3874950
3874960
3874990
3875020
3875030
3875050
3875090
3875110
3875120
3875180
3875210
3875240
3875250
