1540700
1540720
1540730
1540740
1540760
1540780
1540790
1540830
1540840
1540890
1540900
1540910
1540920
1540960
1540990
1541020
1541030
1541040
1541100
1541110
1541150
1541160
1541200
1541210
1541220
1541240
1541250
1541280
1541340
1541370
1541400
1541410
1541420
1541520
1541530
1541590
1541650
1541670
1541690
1541710
1541720
1541730
1541750
1541790
1541830
1541850
1541860
1541890
1542000
1542010
1542060
1542080
1542110
1542120
1542140
1542160
1542170
1542280
1542290
1542330
1542350
1542370
1542390
1542430
1542440
1542450
1542460
1542490
1542510
1542530
1542550
1542580
1542610
1542630
1542640
1542670
1542710
1542760
1542770
1542790
1542810
1542820
1542840
1542850
1542860
1542870
1542910
1542930
1542970
1542980
1542990
1543000
1543020
1543030
1543040
1543090
1543100
1543150
1543210
1543240
1543270
1543280
1543290
1543320
1543330
1543340
1543380
1543430
1543460
1543470
1543520
1543530
1543550
1543590
1543610
1543620
1543630
1543650
1543690
1543710
1543720
1543730
1543750
1543760
1543790
1543800
1543810
1543890
1543930
1543940
1543960
1543970
1543980
1543990
1544000
1544020
1544040
1544090
1544110
1544120
1544140
1544150
1544220
1544240
1544250
1544300
1544360
1544370
1544380
1544390
1544420
1544430
1544450
1544460
1544470
1544480
1544500
1544510
1544530
1544540
1544560
1544570
1544580
1544630
1544640
1544700
1544720
1544730
1544740
1544810
1544820
1544850
1544860
1544890
1545000
1545010
1545020
1545040
1545050
1545080
1545240
1545250
1545260
1545270
1545280
1545290
1545340
1545350
1545360
1545370
1545380
1545430
1545450
1545500
1545510
1545520
1545560
1545570
1545590
1545600
1545610
1545620
1545690
1545700
1545710
1545780
1545810
1545820
1545830
1545850
1545880
1545970
1545990
1546000
1546010
1546060
1546070
1546080
1546090
1546100
1546120
1546140
1546160
1546190
1546210
1546240
1546270
1546280
1546310
1546320
1546340
1546350
1546360
1546370
1546380
1546400
1546440
1546450
1546500
1546520
1546550
1546570
1546600
1546620
1546630
1546640
1546690
1546710
1546750
1546760
1546770
1546790
1546820
1546830
1546860
1546870
1546880
1546890
1546900
1546910
1546920
1546930
1546940
1546950
1546960
1546970
1546990
1547000
1547010
1547030
1547040
1547060
1547070
1547090
1547110
1547130
1547150
1547160
1547170
1547220
1547230
1547280
1547290
1547300
1547310
1547320
1547330
1547340
1547350
1547360
1547370
1547380
1547410
1547420
1547430
1547440
1547470
1547480
1547490
1547500
1547540
1547580
1547590
1547620
1547630
1547670
1547730
1547780
1547790
1547820
1547860
1547870
1547880
1547890
1547900
1547910
1547930
1547970
1547980
1548010
1548020
1548030
1548050
1548060
1548110
1548130
1548180
1548190
1548240
1548270
1548280
1548300
1548320
1548340
1548350
1548400
1548430
1548520
1548540
1548590
1548600
1548620
1548630
1548640
1548660
1548680
1548750
1548780
1548800
1548810
1548820
1548830
1548850
1548860
1548870
1548880
1548890
1548910
1548920
1548930
1548940
1549030
1549060
1549070
1549120
1549130
1549140
1549160
1549200
1549210
1549220
1549240
1549250
1549270
1549280
1549370
1549420
1549440
1549520
1549540
1549550
1549570
1549580
1549600
1549620
1549630
1549640
1549690
1549700
1549710
1549720
1549750
1549760
1549780
1549830
1549850
1549860
1549870
1549950
1549970
1549980
1549990
1550000
1550010
1550020
1550030
1550050
1550080
1550100
1550110
1550130
1550150
1550180
1550190
1550230
1550260
1550270
1550280
1550330
1550340
1550380
1550400
1550430
1550450
1550460
1550480
1550510
1550520
1550560
1550600
1550630
1550650
1550660
1550680
1550710
1550730
1550740
1550750
1550760
1550780
1550800
1550810
1550820
1550830
1550840
1550850
1550870
1550890
1550920
1550950
1550990
1551000
1551010
1551020
1551030
1551050
1551080
1551110
1551120
1551150
1551160
1551190
1551200
1551220
1551230
1551260
1551270
1551290
1551330
1551340
1551360
1551370
1551460
1551470
1551480
1551510
1551520
1551530
1551540
1551550
1551560
1551570
1551590
1551600
1551620
1551630
1551640
1551650
1551660
1551670
1551680
1551700
1551720
1551730
1551750
1551760
1551770
1551820
1551830
1551890
1551910
1551920
1551980
1551990
1552020
1552040
1552050
1552060
1552080
1552090
1552130
1552140
1552160
1552210
1552220
1552240
1552250
1552270
1552300
1552310
1552350
1552430
1552460
1552490
1552500
1552510
1552520
1552530
1552550
1552600
1552620
1552650
1552680
1552730
1552740
1552760
1552790
1552810
1552830
1552840
1552890
1552930
1552940
1552950
1552960
1553000
1553080
1553110
1553120
1553130
1553150
1553160
1553170
1553180
1553190
1553200
1553210
1553230
1553260
1553320
1553360
1553390
1553400
1553420
1553460
1553480
1553500
1553520
1553530
1553540
1553560
1553570
1553580
1553590
1553640
1553650
1553690
1553710
1553740
1553800
1553810
1553840
1553850
1553870
1553880
1553890
1553910
1553940
1553950
1553960
1553970
1553980
1553990
1554010
1554020
1554030
1554050
1554070
1554080
1554110
1554130
1554140
1554160
1554170
1554220
1554260
1554270
1554280
1554320
1554380
1554400
1554440
1554460
1554470
1554500
1554510
1554520
1554530
1554550
1554590
1554600
1554610
1554640
1554650
1554660
1554670
1554680
1554700
1554760
1554770
1554780
1554790
1554840
1554850
1554860
1554920
1554970
1555070
1555080
1555110
1555140
1555150
1555160
1555230
1555290
1555300
1555310
1555330
1555380
1555400
1555410
1555420
1555470
1555500
1555540
1555570
1555580
1555590
1555640
1555650
1555660
1555710
1555770
1555780
1555790
1555800
1555900
1555910
1555920
1555930
1555940
1555950
1555960
1555980
1556010
1556040
1556070
1556100
1556120
1556150
1556160
1556170
1556180
1556190
1556200
1556230
1556250
1556270
1556290
1556340
1556350
1556360
1556370
1556400
1556420
1556430
1556480
1556490
1556540
1556550
1556560
1556610
1556650
1556660
1556670
1556680
1556770
1556790
1556850
1556860
1556870
1556920
1556930
1556960
1556980
1557040
1557050
1557060
1557070
1557100
1557140
1557180
1557190
1557200
1557220
1557230
1557240
1557300
1557340
1557350
1557360
1557400
1557410
1557420
1557430
1557460
1557470
1557480
1557510
1557540
1557550
1558180
1558200
1558210
1558360
1558380
1558420
1558430
1558440
1558480
1558490
1558510
1558530
1558570
1558600
1558630
1558650
1558670
1558710
1558720
1558730
1558740
1558750
1558760
1558790
1558800
1558830
1558850
1558900
1558920
1558930
1558970
1558980
1558990
1559040
1559060
1559070
1559100
1559160
1559180
1559190
1559260
1559270
1559300
1559330
1559340
1559370
1559390
1559410
1559430
1559450
1559460
1559500
1559570
1559580
1559590
1559600
1559620
1559650
1559660
1559680
1559700
1559720
1559740
1559750
1559760
1559770
1559790
1559810
1559840
1559850
1559870
1559900
1559910
1559920
1559930
1559960
1559970
1559980
1559990
1560010
1560050
1560060
1560100
1560110
1560130
1560140
1560150
1560160
1560170
1560200
1560250
1560260
1560320
1560330
1560390
1560400
1560450
1560480
1560510
1560520
1560530
1560540
1560560
1560580
1560590
1560640
1560730
1560770
1560790
1560830
1560840
1560850
1560860
1560870
1560880
1560890
1560940
1560970
1561000
1561010
1561020
1561030
1561040
1561060
1561080
1561090
1561100
1561340
1561350
1561370
1561380
1561390
1561430
1561470
1561480
1561500
1561510
1561520
1561530
1561540
1561560
1561570
1561590
1561600
1561610
1561660
1561670
1561720
1561740
1561780
1561800
1561850
1561870
1561880
1561890
1561910
1561920
1561960
1561970
1561980
1561990
1562020
1562030
1562060
1562100
1562120
1562140
1562150
1562180
1562230
1562240
1562260
1562270
1562340
1562380
1562400
1562410
1562420
1562430
1562440
1562470
1562510
1562550
1562620
1562690
1562700
1562740
1562760
1562780
1562800
1562830
1562860
1562870
1562880
1562910
1562920
1562930
1562940
1562970
1563010
1563030
1563070
1563100
1563110
1563130
1563150
1563160
1563170
1563180
1563210
1563240
1563250
1563300
1563310
1563320
1563340
1563360
1563370
1563380
1563410
1563420
1563460
1563490
1563500
1563520
1563530
1563550
1563670
1563700
1563710
1563720
1563730
1563760
1563770
1563780
1563820
1563830
1563840
1563850
1563860
1563870
1563880
1563940
1563950
1563970
1564010
1564020
1564030
1564060
1564080
1564090
1564100
1564110
1564130
1564140
1564150
1564190
1564210
1564220
1564230
1564240
1564280
1564350
1564400
1564430
1564450
1564520
1564540
1564550
1564560
1564580
1564590
1564600
1564620
1564630
1564660
1564670
1564690
1564700
1564720
1564760
1564790
1564830
1564840
1564870
1564900
1564920
1564930
1564940
1564950
1564970
1564980
1565020
1565030
1565060
1565070
1565080
1565090
1565110
1565130
1565140
1565150
1565180
1565200
1565210
1565220
1565240
1565250
1565320
1565420
1565430
1565440
1565450
1565500
1565530
1565560
1565580
1565610
1565630
1565650
1565660
1565670
1565680
1565710
1565720
1565740
1565760
1565770
1565780
1565790
1565800
1565830
1565840
1565850
1565860
1565870
1565880
1565890
1565900
1565910
1565940
1565960
1565970
1565990
1566040
1566050
1566060
1566070
1566090
1566120
1566150
1566200
1566220
1566230
1566250
1566340
1566350
1566360
1566370
1566390
1566410
1566430
1566440
1566450
1566460
1566490
1566500
1566510
1566540
1566550
1566560
1566570
1566580
1566610
1566620
1566670
1566680
1566690
1566700
1566710
1566740
1566810
1566820
1566830
1566840
1566870
1566880
1566910
1566920
1566990
1567000
1567020
1567050
1567060
1567080
1567100
1567190
1567200
1567260
1567270
1567310
1567370
1567380
1567400
1567410
1567420
1567440
1567450
1567480
1567490
1567520
1567530
1567550
1567570
1567580
1567650
1567670
1567680
1567690
1567720
1567740
1567770
1567800
1567840
1567850
1567860
1567870
1567880
1567890
1567910
1567920
1567930
1567950
1567980
1567990
1568010
1568030
1568040
1568060
1568070
1568130
1568190
1568210
1568240
1568260
1568310
1568320
1568330
1568400
1568420
1568430
1568440
1568450
1568460
1568470
1568490
1568500
1568520
1568530
1568540
1568550
1568560
1568570
1568580
1568590
1568600
1568620
1568650
1568720
1568730
1568790
1568880
1568890
1568900
1568920
1568940
1568970
1569090
1569100
1569130
1569140
1569150
1569170
1569180
1569200
1569210
1569220
1569240
1569290
1569340
1569350
1569380
1569420
1569470
1569520
1569540
1569550
1569560
1569580
1569590
1569620
1569650
1569660
1569690
1569700
1569720
1569730
1569750
1569760
1569780
1569790
1569810
1569820
1569880
1569890
1569900
1569920
1569930
1569970
1569990
1570000
1570010
1570020
1570050
1570070
1570080
1570100
1570120
1570150
1570160
1570200
1570220
1570240
1570260
1570290
1570310
1570320
1570330
1570340
1570350
1570360
1570420
1570450
1570480
1570490
1570500
1570510
1570600
1570610
1570620
1570630
1570650
1570660
1570680
1570700
1570720
1570730
1570740
1570750
1570760
1570790
1570800
1570830
1570840
1570850
1570860
1570940
1570960
1570980
1570990
1571000
1571010
1571020
1571030
1571040
1571070
1571090
1571100
1571120
1571130
1571140
1571160
1571170
1571180
1571190
1571200
1571210
1571220
1571230
1571260
1571280
1571330
1571340
1571360
1571380
1571430
1571440
1571450
1571460
1571480
1571540
1571560
1571570
1571600
1571640
1571660
1571690
1571700
1571730
1571750
1571770
1571780
1571790
1571820
1571840
1571860
1571880
1571890
1571910
1571930
1571940
1571950
1571960
1571990
1572000
1572020
1572040
1572050
1572080
1572100
1572120
1572140
1572150
1572170
1572180
1572190
1572220
1572230
1572260
1572270
1572320
1572330
1572340
1572380
1572420
1572450
1572460
1572470
1572790
1572800
1572810
1572830
1572850
1572880
1572910
1572920
1572930
1572950
1572960
1572970
1572990
1573070
1573080
1573090
1573100
1573110
1573130
1573160
1573170
1573180
1573190
1573220
1573240
1573250
1573280
1573290
1573300
1573330
1573350
1573360
1573370
1573390
1573410
1573420
1573430
1573460
1573500
1573540
1573560
1573580
1573620
1573630
1573700
1573710
1573720
1573730
1573750
1573760
1573770
1573790
1573800
1573860
1573890
1573950
1573970
1573980
1574000
1574010
1574020
1574030
1574060
1574110
1574130
1574200
1574240
1574250
1574260
1574270
1574290
1574310
1574320
1574330
1574360
1574370
1574390
1574400
1574420
1574450
1574470
1574480
1574500
1574510
1574530
1574540
1574570
1574580
1574590
1574610
1574620
1574670
1574690
1574700
1574720
1574750
1574770
1574780
1574800
1574820
1574830
1574850
1574870
1574900
1574910
1574990
1575030
1575040
1575060
1575070
1575100
1575160
1575230
1575240
1575260
1575290
1575300
1575320
1575330
1575380
1575430
1575450
1575470
1575480
1575510
1575520
1575540
1575580
1575590
1575640
1575650
1575670
1575680
1575690
1575710
1575730
1575750
1575790
1575810
1575830
1575860
1575870
1575900
1575920
1575940
1575950
1575960
1575980
1575990
1576000
1576020
1576050
1576080
1576110
1576130
1576140
1576150
1576190
1576210
1576220
1576230
1576240
1576280
1576300
1576350
1576370
1576400
1576420
1576470
1576480
1576490
1576500
1576530
1576540
1576560
1576570
1576590
1576600
1576620
1576640
1576660
1576680
1576720
1576740
1576750
1576770
1576780
1576790
1576840
1576850
1576860
1576880
1576900
1576910
1576920
1576930
1576950
1576960
1576970
1576980
1576990
1577050
1577080
1577120
1577140
1577150
1577160
1577180
1577230
1577240
1577250
1577260
1577280
1577320
1577350
1577380
1577410
1577420
1577450
1577460
1577470
1577510
1577530
1577560
1577570
1577590
1577610
1577620
1577630
1577660
1577680
1577690
1577700
1577730
1577750
1577810
1577860
1577880
1577900
1577910
1577940
1577950
1577990
1578020
1578050
1578060
1578070
1578080
1578100
1578110
1578150
1578160
1578170
1578220
1578240
1578250
1578270
1578280
1578290
1578300
1578330
1578340
1578380
1578390
1578410
1578430
1578440
1578450
1578470
1578500
1578520
1578540
1578550
1578570
1578650
1578660
1578700
1578710
1578720
1578730
1578750
1578760
1578860
1578870
1578880
1578890
1578900
1578920
1578940
1578950
1578960
1578970
1578990
1579000
1579010
1579020
1579030
1579100
1579120
1579140
1579170
1579190
1579200
1579210
1579250
1579260
1579270
1579280
1579300
1579310
1579320
1579330
1579340
1579380
1579390
1579420
1579450
1579490
1579530
1579550
1579570
1579610
1579650
1579660
1579680
1579690
1579710
1579720
1579780
1579800
1579850
1579880
1579890
1579920
1579950
1580010
1580020
1580030
1580040
1580090
1580140
1580150
1580180
1580210
1580240
1580250
1580260
1580290
1580300
1580330
1580340
1580380
1580420
1580430
1580440
1580460
1580480
1580500
1580510
1580520
1580560
1580570
1580600
1580640
1580740
1580750
1580770
1580780
1580790
1580800
1580820
1580830
1580850
1580860
1580870
1580890
1580950
1580960
1580970
1580980
1580990
1581010
1581040
1581050
1581060
1581070
1581080
1581100
1581150
1581170
1581180
1581200
1581210
1581220
1581240
1581250
1581280
1581300
1581310
1581320
1581370
1581380
1581410
1581420
1581440
1581470
1581480
1581490
1581500
1581580
1581590
1581600
1581640
1581660
1581670
1581680
1581700
1581720
1581740
1581760
1581770
1581790
1581800
1581830
1581850
1581860
1581880
1581890
1581950
1581990
1582070
1582090
1582120
1582130
1582160
1582180
1582200
1582210
1582260
1582280
1582290
1582300
1582310
1582320
1582380
1582410
1582510
1582600
1582610
1582630
1582650
1582680
1582700
1582720
1582730
1582740
1582760
1582780
1582800
1582810
1582850
1582870
1582890
1582900
1582950
1582960
1582980
1582990
1583000
1583020
1583060
1583070
1583080
1583090
1583130
1583140
1583170
1583180
1583190
1583210
1583230
1583240
1583280
1583290
1583300
1583320
1583330
1583360
1583370
1583390
1583410
1583450
1583500
1583520
1583530
1583540
1583570
1583590
1583600
1583610
1583630
1583650
1583660
1583670
1583690
1583710
1583730
1583770
1583780
1583820
1583830
1583840
1583850
1583870
1583880
1583900
1583910
1583950
1583960
1583990
1584040
1584050
1584060
1584070
1584080
1584090
1584140
1584150
1584170
1584190
1584200
1584210
1584240
1584280
1584300
1584320
1584330
1584340
1584350
1584360
1584410
1584420
1584430
1584440
1584450
1584460
1584500
1584530
1584540
1584630
1584660
1584680
1584690
1584720
1584750
1584770
1584800
1584810
1584820
1584830
1584840
1584860
1584900
1584920
1584940
1584950
1584970
1585020
1585030
1585040
1585050
1585100
1585120
1585130
1585160
1585180
1585200
1585220
1585230
1585240
1585250
1585310
1585330
1585340
1585360
1585370
1585390
1585400
1585410
1585430
1585440
1585450
1585460
1585500
1585530
1585540
1585570
1585590
1585640
1585650
1585660
1585680
1585700
1585720
1585730
1585750
1585830
1585910
1585920
1585930
1585990
1586010
1586040
1586050
1586070
1586090
1586110
1586120
1586150
1586220
1586230
1586240
1586260
1586270
1586290
1586300
1586330
1586340
1586350
1586370
1586470
1586510
1586530
1586540
1586570
1586620
1586660
1586680
1586700
1586710
1586740
1586750
1586800
1586820
1586830
1586840
1586850
1586860
1586880
1586890
1586920
1586930
1586960
1586970
1586980
1586990
1587020
1587070
1587090
1587130
1587170
1587180
1587190
1587200
1587210
1587220
1587240
1587260
1587290
1587300
1587350
1587360
1587380
1587390
1587410
1587430
1587440
1587460
1587490
1587500
1587530
1587540
1587560
1587570
1587600
1587610
1587630
1587660
1587680
1587700
1587710
1587770
1587790
1587800
1587810
1587820
1587830
1587860
1587870
1587880
1587910
1587920
1587930
1587940
1587950
1587970
1588000
1588040
1588090
1588120
1588130
1588140
1588160
1588180
1588190
1588200
1588250
1588300
1588340
1588380
1588400
1588410
1588460
1588500
1588510
1588520
1588530
1588540
1588550
1588560
1588570
1588580
1588590
1588600
1588610
1588620
1588670
1588680
1588700
1588730
1588760
1588780
1588790
1588860
1588870
1588880
1588910
1588940
1588950
1589010
1589020
1589040
1589060
1589070
1589080
1589120
1589240
1589260
1589270
1589300
1589330
1589340
1589360
1589370
1589380
1589400
1589410
1589420
1589430
1589440
1589450
1589460
1589470
1589480
1589490
1589500
1589520
1589540
1589560
1589570
1589580
1589590
1589610
1589660
1589670
1589680
1589700
1589710
1589720
1589730
1589760
1589770
1589790
1589820
1589830
1589860
1589880
1589890
1589920
1589940
1589970
1590000
1590020
1590030
1590070
1590080
1590100
1590130
1590150
1590160
1590180
1590190
1590230
1590250
1590260
1590270
1590320
1590330
1590360
1590380
1590390
1590420
1590430
1590450
1590500
1590570
1590600
1590640
1590660
1590670
1590680
1590700
1590720
1590730
1590750
1590760
1590770
1590840
1590850
1590870
1590910
1590920
1590950
1590970
1591020
1591050
1591130
1591140
1591150
1591160
1591180
1591200
1591220
1591250
1591260
1591280
1591290
1591300
1591310
1591340
1591360
1591380
1591410
1591420
1591440
1591450
1591470
1591480
1591490
1591500
1591520
1591530
1591540
1591560
1591570
1591590
1591630
1591650
1591660
1591670
1591680
1591690
1591730
1591760
1591820
1591840
1591850
1591870
1591900
1591910
1591950
1591960
1592020
1592100
1592110
1592120
1592160
1592170
1592180
1592190
1592200
1592230
1592240
1592260
1592270
1592280
1592290
1592320
1592340
1592360
1592370
1592390
1592420
1592450
1592480
1592490
1592520
1592530
1592540
1592580
1592590
1592600
1592610
1592640
1592650
1592670
1592680
1592710
1592720
1592740
1592750
1592780
1592810
1592840
1592860
1592880
1592900
1592920
1592950
1592970
1592980
1592990
1593010
1593030
1593040
1593060
1593080
1593100
1593160
1593170
1593180
1593190
1593210
1593220
1593230
1593280
1593310
1593320
1593350
1593370
1593390
1593410
1593420
1593440
1593490
1593500
1593510
1593570
1593590
1593620
1593650
1593660
1593690
1593700
1593730
1593750
1593760
1593780
1593880
1593930
1593950
1593970
1593980
1593990
1594010
1594040
1594060
1594090
1594100
1594110
1594120
1594130
1594150
1594170
1594190
1594200
1594210
1594220
1594280
1594290
1594310
1594320
1594340
1594360
1594370
1594390
1594400
1594410
1594420
1594440
1594460
1594480
1594490
1594560
1594570
1594610
1594660
1594690
1594720
1594760
1594790
1594800
1594810
1594830
1594850
1594860
1594880
1594890
1594910
1594940
1594950
1594960
1594970
1594980
1594990
1595000
1595010
1595020
1595030
1595050
1595090
1595100
1595110
1595120
1595160
1595170
1595180
1595190
1595230
1595250
1595270
1595280
1595290
1595300
1595310
1595320
1595340
1595350
1595390
1595400
1595410
1595440
1595460
1595470
1595480
1595490
1595510
1595540
1595600
1595620
1595630
1595640
1595710
1595740
1595760
1595780
1595790
1595810
1595850
1595890
1595900
1595930
1595950
1595970
1596010
1596030
1596060
1596070
1596080
1596090
1596110
1596130
1596170
1596180
1596190
1596220
1596230
1596240
1596250
1596270
1596290
1596310
1596330
1596350
1596360
1596370
1596380
1596400
1596430
1596440
1596450
1596540
1596580
1596610
1596640
1596730
1596750
1596810
1596820
1596850
1596890
1596920
1596940
1596950
1596980
1596990
1597020
1597040
1597060
1597070
1597080
1597090
1597110
1597160
1597170
1597200
1597210
1597220
1597240
1597250
1597260
1597270
1597280
1597290
1597310
1597330
1597400
1597430
1597440
1597460
1597470
1597480
1597510
1597520
1597530
1597550
1597560
1597580
1597600
1597610
1597640
1597650
1597670
1597710
1597720
1597730
1597750
1597770
1597780
1597790
1597800
1597820
1597870
1597900
1597910
1597930
1597950
1597960
1597970
1597980
1598010
1598020
1598030
1598090
1598130
1598150
1598160
1598180
1598190
1598210
1598220
1598230
1598270
1598300
1598360
1598370
1598470
1598490
1598540
1598560
1598580
1598590
1598600
1598630
1598650
1598660
1598710
1598730
1598750
1598780
1598810
1598880
1598910
1598930
1598960
1598970
1599000
1599020
1599070
1599080
1599110
1599130
1599150
1599160
1599170
1599210
1599220
1599250
1599270
1599330
1599340
1599390
1599410
1599420
1599450
1599470
1599490
1599510
1599520
1599530
1599540
1599560
1599600
1599610
1599630
1599660
1599670
1599680
1599690
1599700
1599710
1599780
1599830
1599850
1599860
1599880
1599910
1599920
1599930
1599940
1599980
1599990
1600020
1600030
1600070
1600080
1600090
1600100
1600130
1600140
1600160
1600170
1600180
1600190
1600200
1600210
1600230
1600240
1600250
1600260
1600280
1600320
1600370
1600440
1600450
1600460
1600470
1600500
1600530
1600550
1600570
1600580
1600600
1600620
1600640
1600670
1600690
1600700
1600720
1600750
1600760
1600780
1600810
1600820
1600830
1600840
1600870
1600880
1600890
1600900
1600910
1600930
1600950
1600960
1600970
1600980
1601000
1601020
1601040
1601100
1601130
1601170
1601190
1601220
1601280
1601320
1601330
1601340
1601360
1601380
1601410
1601520
1601540
1601570
1601580
1601590
1601600
1601630
1601670
1601680
1601700
1601740
1601750
1601770
1601790
1601800
1601840
1601850
1601860
1601870
1601890
1601900
1601910
1601930
1601950
1601970
1601990
1602000
1602010
1602030
1602080
1602090
1602100
1602110
1602140
1602150
1602160
1602170
1602180
1602190
1602260
1602280
1602300
1602330
1602340
1602350
1602370
1602380
1602390
1602420
1602440
1602460
1602490
1602510
1602520
1602540
1602550
1602560
1602570
1602590
1602600
1602620
1602700
1602740
1602750
1602760
1602770
1602810
1602840
1602880
1602900
1602920
1602930
1602970
1602980
1602990
1603170
1603180
1603200
1603210
1603220
1603260
1603270
1603280
1603290
1603300
1603310
1603410
1603420
1603460
1603470
1603480
1603500
1603520
1603590
1603600
1603630
1603640
1603650
1603720
1603750
1603780
1603800
1603860
1603870
1603900
1603920
1603930
1603940
1603950
1603960
1603970
1603980
1603990
1604000
1604020
1604030
1604050
1604060
1604100
1604110
1604160
1604180
1604210
1604240
1604250
1604270
1604280
1604300
1604320
1604350
1604370
1604380
1604390
1604400
1604420
1604440
1604450
1604540
1604610
1604630
1604640
1604690
1604700
1604710
1604730
1604750
1604780
1604790
1604800
1604820
1604840
1604930
1605030
1605040
1605050
1605120
1605130
1605140
1605150
1605190
1605220
1605230
1605250
1605270
1605290
1605300
1605310
1605320
1605340
1605430
1605440
1605460
1605480
1605500
1605520
1605530
1605580
1605640
1605680
1605690
1605700
1605710
1605720
1605760
1605850
1605910
1605930
1605950
1605960
1606000
1606030
1606140
1606180
1606210
1606270
1606280
1606300
1606340
1606370
1606450
1606460
1606510
1606520
1606580
1606590
1606610
1606620
1606630
1606640
1606670
1606680
1606730
1606760
1606770
1606790
1606800
1606870
1606890
1606910
1606920
1606940
1606950
1606970
1606980
1606990
1607000
1607040
1607100
1607110
1607130
1607140
1607170
1607180
1607190
1607200
1607240
1607250
1607300
1607310
1607370
1607400
1607430
1607450
1607460
1607470
1607480
1607500
1607530
1607560
1607580
1607620
1607630
1607640
1607670
1607680
1607720
1607740
1607760
1607770
1607780
1607800
1607820
1607850
1607860
1607870
1607930
1607970
1607980
1608010
1608040
1608070
1608090
1608110
1608130
1608180
1608200
1608210
1608220
1608230
1608250
1608270
1608290
1608310
1608330
1608370
1608400
1608410
1608450
1608460
1608470
1608530
1608550
1608560
1608590
1608620
1608640
1608660
1608670
1608680
1608700
1608710
1608720
1608730
1608770
1608780
1608810
1608820
1608860
1608920
1608940
1608980
1609010
1609020
1609030
1609040
1609050
1609070
1609080
1609090
1609130
1609160
1609170
1609190
1609220
1609230
1609270
1609300
1609310
1609370
1609390
1609440
1609460
1609470
1609540
1609570
1609580
1609590
1609600
1609640
1609660
1609680
1609690
1609710
1609730
1609760
1609780
1609800
1609830
1609860
1609870
1609950
1609990
1610000
1610020
1610060
1610070
1610110
1610120
1610130
1610150
1610180
1610190
1610230
1610290
1610310
1610320
1610330
1610350
1610360
1610370
1610410
1610430
1610440
1610450
1610460
1610470
1610500
1610520
1610530
1610560
1610610
1610650
1610660
1610670
1610700
1610730
1610790
1610820
1610840
1610850
1610860
1610870
1610890
1610900
1610910
1610960
1610990
1611020
1611060
1611070
1611100
1611110
1611120
1611130
1611140
1611150
1611280
1611290
1611300
1611320
1611350
1611410
1611420
1611430
1611440
1611490
1611540
1611550
1611580
1611590
1611600
1611640
1611650
1611660
1611690
1611710
1611760
1611800
1611830
1611840
1611850
1611860
1611870
1611890
1611900
1611910
1611930
1611950
1611960
1611970
1611990
1612000
1612020
1612030
1612100
1612140
1612150
1612160
1612180
1612190
1612200
1612220
1612240
1612270
1612330
1612360
1612380
1612400
1612420
1612430
1612470
1612480
1612500
1612520
1612540
1612550
1612560
1612570
1612580
1612590
1612620
1612730
1612750
1612770
1612780
1612810
1612820
1612870
1612900
1612910
1612920
1612950
1612960
1612980
1613050
1613080
1613090
1613100
1613150
1613190
1613210
1613220
1613230
1613300
1613330
1613450
1613470
1613490
1613530
1613580
1613630
1613670
1613680
1613760
1613770
1613950
1613960
1614010
1614020
1614030
1614040
1614250
1614270
1614330
1614340
1614360
1614380
1614440
1614500
1614550
1614620
1614680
1614730
1614740
1614840
1614850
1614870
1614880
1614890
1614900
1614940
1614960
1614990
1615000
1615020
1615060
1615100
1615290
1615370
1615380
1615470
1615560
1615740
1615750
1615760
1615820
1615870
1615890
1615920
1615930
1615950
1615980
1616030
1616050
1616070
1616110
1616190
1616200
1616210
1616230
1616240
1616260
1616280
1616510
1616520
1616540
1616550
1616580
1616690
1616720
1616740
1616870
1617010
1617020
1617030
1617080
1617090
1617120
1617160
1617190
1617200
1617220
1617230
1617270
1617280
1617360
1617370
1617390
1617400
1617420
1617430
1617450
1617480
1617510
1617560
1617570
1617580
1617600
1617710
1617760
1617780
1617800
1617880
1617890
1617900
1617920
1617950
1618000
1618020
1618030
1618050
1618070
1618090
1618140
1618160
1618180
1618210
1618220
1618230
1618240
1618280
1618290
1618310
1618320
1618330
1618340
1618380
1618390
1618450
1618510
1618540
1618580
1618740
1618800
1618910
1619060
1619080
1619110
1619150
1619220
1619230
1619260
1619310
1619330
1619340
1619350
1619390
1619420
1619450
1619520
1619540
1619550
1619560
1619570
1619580
1619590
1619660
1619720
1619750
1619770
1619780
1619790
1619810
1619820
1619830
1619870
1619890
1619900
1619920
1619940
1619970
1620020
1620030
1620040
1620050
1620060
1620070
1620100
1620110
1620130
1620160
1620240
1620290
1620300
1620330
1620340
1620360
1620390
1620410
1620420
1620520
1620540
1620580
1620600
1620640
1620700
1620720
1620730
1620750
1620800
1620820
1620850
1620860
1620870
1620890
1620920
1620970
1621000
1621050
1621070
1621100
1621130
1621140
1621170
1621200
1621210
1621220
1621240
1621310
1621320
1621350
1621380
1621390
1621420
1621450
1621480
1621490
1621540
1621560
1621600
1621680
1621690
1621750
1621760
1621870
1621880
1621890
1621900
1621910
1621920
1621930
1621950
1621980
1621990
1622000
1622010
1622030
1622040
1622050
1622080
1622090
1622110
1622130
1622140
1622180
1622230
1622250
1622270
1622310
1622340
1622350
1622360
1622410
1622420
1622450
1622470
1622510
1622560
1622570
1622590
1622600
1622610
1622630
1622640
1622660
1622680
1622690
1622710
1622720
1622740
1622770
1622780
1622800
1622810
1622840
1622900
1622910
1622920
1622970
1622980
1622990
1623000
1623060
1623070
1623080
1623090
1623120
1623130
1623210
1623220
1623240
1623260
1623300
1623310
1623320
1623340
1623350
1623370
1623380
1623390
1623410
1623420
1623440
1623520
1623530
1623550
1623560
1623580
1623620
1623640
1623650
1623660
1623690
1623700
1623720
1623730
1623770
1623790
1623850
1623870
1623880
1623930
1623940
1623960
1624000
1624020
1624050
1624060
1624130
1624150
1624160
1624170
1624180
1624190
1624210
1624220
1624320
1624350
1624380
1624430
1624460
1624470
1624490
1624540
1624550
1624560
1624570
1624600
1624610
1624620
1624640
1624760
1624780
1624830
1624840
1624850
1624860
1624870
1624880
1624890
1624900
1624910
1624920
1624930
1624940
1624950
1624960
1624970
1624980
1624990
1625020
1625060
1625080
1625090
1625100
1625110
1625130
1625150
1625170
1625190
1625230
1625260
1625270
1625280
1625340
1625370
1625420
1625440
1625450
1625460
1625510
1625550
1625610
1625630
1625650
1625670
1625690
1625700
1625710
1625720
1625760
1627250
1625790
1625800
1625810
1625820
1625830
1625840
1625880
1625900
1625930
1625950
1625960
1625990
1626010
1626040
1626060
1626080
1626100
1626110
1626120
1626130
1626140
1626150
1626160
1626170
1626180
1626190
1626280
1626350
1626370
1626410
1626420
1626450
1626460
1626480
1626490
1626510
1626520
1626530
1626560
1626570
1626600
1626610
1626620
1626630
1626640
1626680
1626710
1626740
1626840
1626850
1626890
1626900
1626930
1626950
1626980
1627030
1627040
1627060
1627120
1627130
1627140
1627180
1627210
1627240
1627250
1627270
1627280
1627290
1627310
1627320
1627330
1627350
1627360
1627410
1627420
1627450
1627470
1627480
1627510
1627520
1627560
1627570
1627590
1627610
1627660
1627680
1627710
1627720
1627730
1627740
1627750
1627760
1627770
1627820
1627840
1627850
1627870
1627890
1627920
1628000
1628010
1628060
1628120
1628130
1628140
1628170
1628240
1628260
1628270
1628300
1628370
1628400
1628430
1628440
1628470
1628480
1628490
1628510
1628550
1628610
1628640
1628650
1628670
1628760
1628790
1628820
1628850
1628890
1628930
1628940
1629040
1629060
1629100
1629130
1629150
1629160
1629190
1629200
1629210
1629220
1629230
1629250
1629300
1629320
1629350
1629380
1629480
1629520
1629530
1629550
1629570
1629600
1629650
1629660
1629680
1629690
1629710
1629770
1629780
1629830
1629900
1629910
1629940
1630000
1630010
1630080
1630110
1630130
1630160
1630180
1630270
1630290
1630360
1630370
1630420
1630430
1630440
1630450
1630460
1630490
1630500
1630520
1630530
1630570
1630590
1630630
1630640
1630650
1630690
1630740
1630760
1630780
1630800
1630810
1630820
1630880
1630890
1630910
1630920
1630940
1630960
1631000
1631010
1631040
1631080
1631090
1631100
1631120
1631140
1631160
1631170
1631190
1631200
1631210
1631230
1631240
1631270
1631290
1631330
1631350
1631360
1631400
1631430
1631440
1631470
1631500
1631530
1631540
1631580
1631600
1631630
1631640
1631670
1631700
1631750
1631770
1631780
1631790
1631830
1631850
1631860
1631900
1631920
1631930
1631960
1631980
1632000
1632010
1632020
1632030
1632040
1632060
1632100
1632140
1632160
1632170
1632210
1632220
1632230
1632260
1632280
1632300
1632310
1632330
1632360
1632420
1632450
1632480
1632490
1632500
1632530
1632590
1632610
1632630
1632640
1632650
1632670
1632690
1632710
1632750
1632770
1632810
1632820
1632870
1632930
1632960
1632990
1633000
1633010
1633020
1633050
1633060
1633070
1633080
1633090
1633100
1633110
1633140
1633160
1633170
1633200
1633210
1633230
1633260
1633300
1633350
1633370
1633390
1633400
1633410
1633430
1633460
1633470
1633490
1633550
1633580
1633640
1633740
1633770
1633780
1633830
1633850
1633860
1633930
1634070
1634080
1634090
1634100
1634110
1634130
1634150
1634190
1634210
1634220
1634270
1634280
1634290
1634300
1634330
1634340
1634360
1634380
1634390
1634410
1634430
1634450
1634540
1634600
1634740
1634830
1634860
1634870
1634900
1634940
1634950
1634970
1634980
1634990
1635020
1635030
1635120
1635150
1635210
1635220
1635250
1635290
1635320
1635350
1635410
1635440
1635450
1635460
1635480
1635490
1635500
1635520
1635580
1635590
1635600
1635620
1635630
1635640
1635650
1635660
1635670
1635700
1635710
1635720
1635750
1635770
1635780
1635790
1635800
1635810
1635830
1635890
1635920
1635950
1635980
1636000
1636030
1636050
1636060
1636070
1636150
1636170
1636190
1636200
1636250
1636260
1636270
1636300
1636350
1636360
1636370
1636380
1636410
1636420
1636440
1636460
1636490
1636550
1636560
1636570
1636620
1636660
1636680
1636690
1636700
1636710
1636730
1636850
1637670
1636900
1636910
1636930
1636970
1636980
1636990
1637000
1637030
1637070
1637100
1637110
1637120
1637140
1637160
1637180
1637230
1637300
1637320
1637370
1637400
1637460
1637490
1637510
1637520
1637540
1637550
1637560
1637570
1637580
1637610
1637630
1637670
1637680
1637700
1637720
1637730
1637740
1637820
1637830
1637920
1637930
1637950
1637970
1638000
1638030
1638070
1638120
1638130
1638140
1638160
1638210
1638220
1638230
1638270
1638290
1638300
1638330
1638340
1638390
1638430
1638440
1638450
1638470
1638500
1638510
1638520
1638660
1638670
1638680
1638690
1638710
1638730
1638760
1638860
1638870
1638880
1638910
1638920
1638930
1638950
1638970
1638990
1639040
1639080
1639090
1639120
1639130
1639140
1639180
1639190
1639200
1639210
1639230
1639250
1639300
1639340
1639390
1639400
1639420
1639430
1639440
1639480
1639490
1639510
1639520
1639530
1639580
1639590
1639610
1639630
1639650
1639690
1639700
1639710
1639760
1639780
1639790
1639830
1639850
1639860
1639890
1639900
1639920
1639930
1639990
1640000
1640080
1640090
1640100
1640120
1640130
1640150
1640160
1640180
1640220
1640230
1640260
1640300
1640320
1640350
1640360
1640370
1640400
1640410
1640450
1640540
1640630
1640640
1640660
1640670
1640700
1640710
1640720
1640760
1640780
1640790
1640810
1640820
1640830
1640880
1640890
1640920
1640930
1640990
1641010
1641020
1641040
1641060
1641080
1641100
1641120
1641190
1641210
1641220
1641230
1641240
1641250
1641270
1641300
1641330
1641370
1641410
1641450
1641470
1641500
1641510
1641520
1641560
1641570
1641580
1641600
1641650
1641660
1641670
1641700
1641730
1641770
1641780
1641790
1641820
1641830
1641840
1641860
1641870
1641880
1641890
1641930
1641960
1641990
1642010
1642040
1642060
1642110
1642130
1642160
1642170
1642190
1642220
1642230
1642250
1642260
1642330
1642400
1642420
1642430
1642440
1642460
1642480
1642540
1642560
1642580
1642590
1642600
1642610
1642620
1642630
1642640
1642690
1642730
1642790
1642820
1642840
1642870
1642890
1642940
1642970
1643000
1643010
1643030
1643040
1643100
1643170
1643180
1643190
1643220
1643280
1643310
1643320
1643440
1643450
1643460
1643470
1643490
1643520
1643530
1643550
1643560
1643590
1643660
1643670
1643700
1643710
1643800
1643820
1643840
1643850
1644000
1644010
1644020
1644030
1644050
1644080
1644140
1644150
1644190
1644200
1644220
1644230
1644280
1644310
1644320
1644330
1644390
1644430
1644490
1644500
1644510
1644560
1644580
1644600
1644640
1644650
1644670
1644700
1644720
1644750
1644770
1644810
1644820
1644830
1644840
1644910
1644920
1644930
1644940
1644950
1644970
1644990
1645050
1645060
1645070
1645110
1645120
1645140
1645150
1645180
1645270
1645300
1645560
1645570
1645620
1645630
1645640
1645670
1645680
1645700
1645720
1645730
1645770
1645780
1645820
1645870
1645880
1645910
1645920
1645940
1645950
1645970
1645980
1645990
1646000
1646030
1646050
1646070
1646090
1646120
1646140
1646180
1646200
1646230
1646240
1646280
1646290
1646300
1646340
1646350
1646380
1646390
1646410
1646440
1646470
1646480
1646520
1646560
1646570
1646580
1646600
1646610
1646650
1646660
1646710
1646730
1646750
1646770
1646790
1646800
1646810
1646820
1646830
1646850
1646870
1646880
1646910
1646930
1647000
1647010
1647020
1647050
1647060
1647070
1647110
1647160
1647190
1647200
1647220
1647240
1647250
1647280
1647300
1647310
1647360
1647390
1647420
1647430
1647440
1647460
1647490
1647550
1647640
1647660
1647670
1647720
1647730
1647740
1647770
1647780
1647860
1647920
1647940
1647990
1648000
1648040
1648050
1648080
1648100
1648160
1648190
1648200
1648230
1648250
1648300
1648310
1648340
1648360
1648390
1648450
1648460
1648560
1648580
1648590
1648610
1648660
1648700
1648720
1648760
1648800
1648840
1648900
1648990
1649010
1649030
1649080
1649130
1649240
1649270
1649280
1649290
1649340
1649420
1649440
1649480
1649500
1649540
1649570
1649630
1649670
1649730
1649740
1649790
1649800
1649820
1649830
1649860
1649870
1649900
1649920
1649950
1649960
1650010
1650020
1650040
1650110
1650130
1650150
1650180
1650200
1650210
1650250
1650290
1650300
1650320
1650360
1650370
1650390
1650400
1650410
1650430
1650450
1650550
1650570
1650590
1650600
1650610
1650670
1650680
1650740
1650790
1650820
1650830
1650860
1650890
1650910
1650920
1650970
1651000
1651020
1651030
1651090
1651230
1651260
1651280
1651300
1651360
1651390
1651400
1651410
1651430
1651450
1651490
1651500
1651520
1651540
1651560
1651580
1651600
1651610
1651620
1651680
1651730
1651750
1651760
1651780
1651850
1651860
1651880
1651890
1651930
1651940
1651950
1651960
1651980
1651990
1652000
1652030
1652040
1652050
1652080
1652090
1652120
1652170
1652220
1652250
1652260
1652290
1652300
1652320
1652330
1652400
1652460
1652480
1652490
1652510
1652520
1652560
1652580
1652600
1652650
1652660
1652670
1652680
1652700
1652710
1652720
1652730
1652740
1652780
1652800
1652840
1652940
1652960
1652970
1652990
1653020
1653030
1653040
1653050
1653060
1653070
1653080
1653100
1653120
1653160
1653170
1653180
1653190
1653200
1653230
1653250
1653260
1653270
1653300
1653310
1653320
1653330
1653360
1653400
1653420
1653460
1653480
1653510
1653520
1653640
1653650
1653660
1653700
1653740
1653770
1653790
1653800
1653850
1653860
1653870
1653880
1653890
1653910
1653930
1653970
1653980
1653990
1654040
1654050
1654070
1654120
1654130
1654150
1654160
1654170
1654190
1654200
1654230
1654280
1654290
1654350
1654360
1654440
1654510
1654520
1654530
1654560
1654620
1654660
1654680
1654700
1654710
1654730
1654800
1654810
1654830
1654860
1654890
1654900
1654910
1654920
1654970
1655010
1655020
1655030
1655050
1655060
1655090
1655140
1655170
1655190
1655210
1655220
1655250
1655290
1655410
1655420
1655430
1655440
1655480
1655490
1655520
1655540
1655550
1655560
1655580
1655600
1655670
1655700
1655740
1655750
1655800
1655840
1655850
1655880
1655890
1655910
1655920
1655930
1655940
1655960
1655970
1655990
1656050
1656080
1656200
1656210
1656230
1656240
1656280
1656300
1656310
1656600
1656640
1656650
1656680
1656740
1656780
1656790
1656820
1656840
1656850
1656860
1656870
1656880
1656900
1656930
1656950
1657020
1657050
1657080
1657090
1657100
1657150
1657170
1657200
1657210
1657240
1657280
1657290
1657320
1657350
1657540
1657550
1657570
1657600
1657620
1657630
1657740
1657760
1657770
1657780
1657810
1657880
1657910
1657950
1657960
1658010
1658040
1658050
1658080
1658090
1658150
1658180
1658210
1658280
1658290
1658310
1658370
1658390
1658400
1658440
1658450
1658480
1658490
1658530
1658540
1658620
1658650
1658700
1658750
1658770
1658830
1658880
1658910
1658920
1658930
1658960
1658970
1659040
1659050
1659080
1659090
1659120
1659150
1659170
1659180
1659190
1659200
1659210
1659250
1659270
1659300
1659320
1659340
1659360
1659380
1659400
1659410
1659420
1659470
1659490
1659500
1659520
1659530
1659560
1659590
1659600
1659610
1659650
1659670
1659710
1659760
1659800
1659810
1659910
1659920
1659950
1660040
1660080
1660090
1660110
1660150
1660200
1660220
1660230
1660240
1660270
1660280
1660290
1660300
1660310
1660330
1660340
1660360
1660370
1660430
1660440
1660460
1660480
1660500
1660510
1660520
1660560
1660580
1660590
1660660
1660680
1660750
1660840
1660850
1660860
1660890
1660910
1660960
1660970
1660980
1661020
1661100
1661130
1661180
1661210
1661240
1661260
1661270
1661280
1661330
1661360
1661380
1661390
1661450
1661480
1661500
1661560
1661570
1661580
1661600
1661610
1661630
1661640
1661690
1661700
1661750
1661760
1661800
1661810
1661840
1661880
1661900
1661910
1661920
1661930
1661940
1661950
1662000
1662010
1662030
1662040
1662050
1662080
1662090
1662110
1662140
1662150
1662160
1662210
1662220
1662260
1662270
1662310
1662340
1662350
1662410
1662450
1662480
1662510
1662540
1662570
1662580
1662670
1662680
1662690
1662700
1662710
1662750
1662770
1662790
1662800
1662820
1662840
1662850
1662860
1662920
1662940
1662970
1662980
1662990
1663000
1663010
1663030
1663040
1663140
1663170
1663200
1663210
1663220
1663250
1663260
1663270
1663320
1663330
1663370
1663380
1663390
1663400
1663410
1663430
1663450
1663560
1663580
1663640
1663650
1663710
1663730
1663850
1663860
1663870
1663910
1663920
1663930
1663940
1663950
1663970
1663990
1664010
1664050
1664090
1664100
1664110
1664120
1664130
1664200
1664220
1664240
1664350
1664360
1664370
1664390
1664410
1664430
1664450
1664520
1664580
1664610
1664660
1664670
1664720
1664750
1664770
1664810
1664910
1664980
1664990
1665000
1665010
1665020
1665040
1665050
1665060
1665070
1665130
1665170
1665180
1665190
1665200
1665210
1665250
1665260
1665280
1665300
1665460
1665490
1665500
1665520
1665540
1665570
1665580
1665590
1665600
1665610
1665650
1665670
1665780
1665790
1665810
1665820
1665900
1665910
1665990
1666030
1666070
1666090
1666110
1666150
1666170
1666190
1666240
1666250
1666260
1666310
1666320
1666430
1666470
1666480
1666500
1666510
1666520
1666600
1666640
1666660
1666720
1666770
1666800
1666810
1666820
1666830
1666850
1666970
1667010
1667040
1667080
1667100
1667110
1667120
1667130
1667160
1667170
1667180
1667190
1667210
1667240
1667270
1667280
1667290
1667320
1667360
1667390
1667400
1667420
1667440
1667480
1667490
1667530
1667540
1667550
1667590
1667680
1667700
1667720
1667730
1667750
1667770
1667800
1667840
1667920
1668010
1668020
1668080
1668130
1668150
1668190
1668210
1668280
1668290
1668310
1668340
1668350
1668380
1668410
1668420
1668460
1668470
1668480
1668510
1668520
1668530
1668540
1668580
1668590
1668610
1668620
1668630
1668640
1668650
1668670
1668690
1668710
1668720
1668780
1668800
1668820
1668830
1668840
1668850
1668870
1668880
1668890
1668930
1668950
1668960
1668970
1668990
1669000
1669030
1669050
1669110
1669120
1669130
1669160
1669170
1669180
1669320
1669330
1669340
1669350
1669360
1669380
1669390
1669420
1669430
1669480
1669490
1669500
1669530
1669560
1669580
1669590
1669600
1669620
1669690
1669750
1669790
1669820
1669850
1669870
1669880
1669890
1669930
1669940
1669970
1669980
1670010
1670050
1670060
1670070
1670080
1670120
1670160
1670200
1670210
1670240
1670250
1670310
1670530
1670610
1670620
1670650
1670690
1670700
1670780
1670810
1670830
1670860
1670870
1670880
1670890
1670900
1670920
1670930
1670980
1671060
1671070
1671090
1671140
1671180
1671200
1671210
1671220
1671240
1671250
1671280
1671300
1671310
1671330
1671340
1671350
1671360
1671390
1671400
1671410
1671420
1671440
1671480
1671490
1671510
1671550
1671570
1671580
1671590
1671600
1671610
1671630
1671640
1671670
1671710
1671720
1671740
1671760
1671770
1671810
1672110
1672140
1672170
1672200
1672230
1672240
1672250
1672280
1672310
1672320
1672340
1672350
1672360
1672380
1672400
1672420
1672460
1672470
1672480
1672490
1672500
1672610
1672630
1672670
1672680
1672690
1672700
1672780
1672790
1672810
1672830
1672840
1672880
1672920
1672930
1672950
1672960
1672970
1673000
1673020
1673040
1673070
1673090
1673130
1673140
1673180
1673190
1673210
1673220
1673230
1673300
1673310
1673320
1673360
1673370
1673460
1673470
1673490
1673520
1673540
1673550
1673560
1673570
1673580
1673600
1673620
1673630
1673650
1673670
1673690
1673710
1673720
1673740
1673780
1673800
1673830
1673840
1673850
1673880
1673920
1673940
1674010
1674020
1674030
1674060
1674100
1674120
1674150
1674160
1674170
1674180
1674200
1674240
1674260
1674270
1674300
1674320
1674330
1674340
1674370
1674420
1674490
1674510
1674530
1674620
1674640
1674660
1674670
1674710
1674720
1674770
1674780
1674810
1674820
1674830
1674840
1674880
1674890
1674900
1674920
1674960
1674980
1675000
1675020
1675030
1675040
1675050
1675070
1675080
1675090
1675100
1675110
1675130
1675140
1675150
1675170
1675260
1675270
1675300
1675310
1675320
1675330
1675410
1675430
1675440
1675480
1675500
1675510
1675520
1675530
1675600
1675610
1675620
1675640
1675670
1675680
1675690
1675760
1675830
1675860
1675880
1675920
1675940
1676050
1676060
1676090
1676130
1676150
1676180
1676200
1676260
1676280
1676320
1676330
1676340
1676350
1676360
1676380
1676390
1676420
1676440
1676450
1676520
1676530
1676550
1676560
1676570
1676580
1676590
1676600
1676610
1676620
1676660
1676670
1676700
1676710
1676720
1676740
1676770
1676840
1676860
1676870
1676880
1676910
1676920
1676950
1676970
1676990
1677010
1677020
1677080
1677090
1677100
1677110
1677130
1677140
1677180
1677190
1677220
1677240
1677250
1677260
1677280
1677300
1677310
1677350
1677360
1677380
1677400
1677410
1677430
1677450
1677480
1677490
1677500
1677510
1677520
1677570
1677580
1677590
1677620
1677630
1677650
1677690
1677720
1677730
1677740
1677770
1677800
1677840
1677870
1677890
1677900
1677920
1677960
1677970
1677980
1678020
1678030
1678040
1678050
1678060
1678090
1678100
1678140
1678150
1678250
1678280
1678320
1678340
1678350
1678360
1678410
1678420
1678430
1678440
1678450
1678510
1678520
1678550
1678570
1678590
1678630
1678650
1678700
1678710
1678740
1678750
1678760
1678770
1678780
1678790
1678810
1678830
1678860
1678880
1678910
1678930
1678940
1678950
1678960
1678980
1679000
1679010
1679060
1679070
1679090
1679120
1679130
1679170
1679180
1679200
1679210
1679220
1679270
1679290
1679320
1679330
1679340
1679360
1679410
1679470
1679480
1679490
1679510
1679530
1679540
1679590
1679680
1679690
1679700
1679720
1679730
1679740
1679770
1679790
1679800
1679820
1679830
1679840
1679870
1679880
1679890
1679910
1679930
1679960
1679990
1680000
1680010
1680020
1680050
1680070
1680250
1680270
1680290
1680300
1680310
1680340
1680370
1680380
1680390
1680400
1680440
1680500
1680530
1680540
1680550
1680560
1680580
1680620
1680630
1680650
1680660
1680670
1680680
1680690
1680700
1680770
1680780
1680790
1680800
1680810
1680870
1680880
1680890
1680900
1680910
1680980
1680990
1681010
1681020
1681040
1681060
1681080
1681110
1681120
1681140
1681160
1681290
1681310
1681320
1681330
1681350
1681360
1681380
1681400
1681430
1681480
1681490
1681510
1681520
1681540
1681550
1681560
1681590
1681600
1681620
1681640
1681670
1681720
1681730
1681760
1681810
1681830
1681840
1681870
1681880
1681890
1681900
1681920
1681970
1681990
1682000
1682020
1682030
1682040
1682050
1682060
1682070
1682120
1682150
1682200
1682210
1682260
1682290
1682300
1682320
1682330
1682340
1682350
1682380
1682400
1682410
1682420
1682450
1682470
1682490
1682520
1682530
1682550
1682580
1682600
1682610
1682620
1682670
1682690
1682750
1682790
1682820
1682840
1682870
1682920
1682950
1682960
1682970
1682980
1682990
1683000
1683010
1683020
1683050
1683060
1683070
1683100
1683140
1683150
1683170
1683200
1683240
1683270
1683300
1683310
1683320
1683340
1683370
1683380
1683390
1683400
1683410
1683420
1683430
1683450
1683500
1683510
1683560
1683570
1683580
1683590
1683600
1683610
1683620
1683630
1683640
1683650
1683670
1683680
1683690
1683710
1683720
1683730
1683750
1683790
1683800
1683820
1683860
1683870
1683890
1683900
1683910
1683950
1683960
1683970
1683990
1684010
1684040
1684050
1684080
1684100
1684110
1684130
1684170
1684210
1684220
1684230
1684240
1684250
1684270
1684290
1684330
1684350
1684370
1684400
1684410
1684420
1684440
1684460
1684480
1684510
1684520
1684530
1684560
1684610
1684650
1684660
1684670
1684710
1684720
1684750
1684760
1684780
1684820
1684830
1684840
1684860
1684870
1684880
1684930
1684990
1685000
1685010
1685260
1685270
1685310
1685460
1685500
1685510
1685520
1685550
1685590
1685610
1685620
1685630
1685660
1685730
1685740
1685750
1685770
1685790
1685840
1685850
1685870
1685880
1685920
1685930
1685940
1685950
1685960
1686010
1686050
1686060
1686070
1686090
1686130
1686150
1686160
1686170
1686230
1686240
1686260
1686280
1686290
1686340
1686350
1686370
1686380
1686390
1686430
1686440
1686470
1686490
1686520
1686530
1686560
1686570
1686600
1686610
1686620
1686640
1686670
1686680
1686690
1686710
1686720
1686770
1686780
1686790
1686800
1686810
1686820
1686840
1686850
1686860
1686870
1686880
1686940
1686950
1686960
1686970
1686980
1687000
1687010
1687020
1687040
1687050
1687060
1687070
1687080
1687090
1687100
1687120
1687130
1687150
1687170
1687190
1687200
1687210
1687250
1687280
1687300
1687350
1687390
1687400
1687430
1687460
1687470
1687480
1687530
1687540
1687550
1687560
1687570
1687590
1687700
1687710
1687730
1687740
1687780
1687840
1687940
1687950
1687960
1687980
1687990
1688010
1688080
1688100
1688130
1688140
1688150
1688160
1688200
1688210
1688220
1688240
1688250
1688270
1688290
1688310
1688320
1688340
1688350
1688390
1688400
1688440
1688460
1688470
1688490
1688520
1688530
1688570
1688580
1688590
1688600
1688640
1688670
1688690
1688710
1688730
1688780
1688800
1688810
1688850
1688970
1688980
1689000
1689010
1689020
1689030
1689060
1689070
1689080
1689090
1689120
1689130
1689140
1689150
1689180
1689190
1689220
1689240
1689250
1689270
1689280
1689310
1689340
1689350
1689360
1689370
1689390
1689410
1689420
1689430
1689480
1689500
1689510
1689520
1689530
1689540
1689550
1689570
1689620
1689640
1689650
1689680
1689730
1689750
1689780
1689870
1689880
1689890
1689910
1689930
1689940
1689980
1690000
1690030
1690040
1690050
1690060
1690100
1690150
1690180
1690190
1690200
1690210
1690240
1690250
1690270
1690290
1690320
1690340
1690350
1690360
1690380
1690390
1690440
1690480
1690500
1690530
1690560
1690620
1690640
1690650
1690660
1690690
1690710
1690730
1690740
1690760
1690820
1690830
1690860
1690880
1690930
1690980
1690990
1691010
1691020
1691130
1691170
1691180
1691190
1691230
1691270
1691280
1691290
1691300
1691320
1691370
1691380
1691400
1691420
1691480
1691490
1691500
1691510
1691550
1691560
1691600
1691620
1691630
1691700
1691750
1691780
1691790
1691820
1691830
1691860
1691890
1691970
1692000
1692010
1692030
1692060
1692120
1692130
1692140
1692150
1692170
1692210
1692220
1692230
1692240
1692270
1692280
1692290
1692340
1692360
1692390
1692400
1692430
1692480
1692510
1692520
1692550
1692560
1692570
1692580
1692590
1692620
1692630
1692700
1692870
1692890
1692900
1692940
1692950
1692980
1693000
1693010
1693040
1693050
1693060
1693070
1693090
1693100
1693130
1693140
1693150
1693160
1693180
1693190
1693200
1693210
1693230
1693250
1693260
1693280
1693300
1693310
1693340
1693350
1693360
1693380
1693390
1693410
1693420
1693430
1693460
1693480
1693530
1693540
1693570
1693580
1693600
1693610
1693620
1693640
1693650
1693660
1693680
1693710
1693750
1693760
1693770
1693780
1693800
1693820
1693850
1693890
1693900
1693930
1693950
1693960
1693970
1693980
1693990
1694000
1694010
1694020
1694100
1694110
1694120
1694150
1694160
1694170
1694200
1694230
1694260
1694270
1694290
1694300
1694310
1694320
1694360
1694370
1694380
1694420
1694430
1694450
1694470
1694500
1694510
1694530
1694550
1694560
1694600
1694610
1694620
1694640
1694670
1694720
1694740
1694810
1694820
1694830
1694840
1694860
1694880
1694890
1694920
1694960
1694970
1695000
1695040
1695080
1695150
1695260
1695280
1695310
1695330
1695400
1695450
1695480
1695500
1695510
1695530
1695600
1695610
1695620
1695670
1695680
1695790
1695791
1695792
1695793
1695794
1695795
1695800
1695810
1695830
1695840
1695870
1695890
1695970
1696020
1696030
1696040
1696050
1696080
1696090
1696110
1696130
1696150
1696200
1696220
1696230
1696240
1696260
1696290
1696300
1696310
1696370
1696380
1696440
1696450
1696550
1696610
1696620
1696630
1696670
1696710
1696720
1696740
1696770
1696810
1696820
1696900
1696910
1696930
1696950
1696960
1697010
1697020
1697030
1697040
1697050
1697060
1697070
1697080
1697110
1697160
1697170
1697180
1697190
1697200
1697250
1697310
1697420
1697460
1697470
1697500
1697520
1697540
1697550
1697560
1697590
1697600
1697620
1697630
1697680
1697700
1697720
1697730
1697770
1697780
1697790
1697810
1697850
1697870
1697880
1697940
1698000
1698020
1698030
1698040
1698060
1698080
1698110
1698120
1698140
1698200
1698210
1698220
1698280
1698290
1698350
1698390
1698400
1698440
1698470
1698480
1698520
1698530
1698550
1698570
1698600
1698630
1698640
1698670
1698690
1698740
1698750
1698800
1698810
1698820
1698850
1698870
1698910
1698920
1698930
1698960
1698990
1699030
1699050
1699120
1699130
1699140
1699170
1699180
1699200
1699230
1699260
1699280
1699290
1699320
1699380
1699390
1699450
1699460
1699480
1699490
1699500
1699510
1699660
1699690
1699710
1699720
1699740
1699770
1699780
1699790
1699820
1699830
1699860
1699870
1699880
1699890
1699900
1699930
1699950
1699960
1699970
1699980
1699990
1700010
1700040
1700050
1700080
1700110
1700130
1700140
1700210
1700220
1700240
1700250
1700270
1700300
1700330
1700380
1700400
1700410
1700420
1700440
1700550
1700600
1700630
1700680
1700690
1700780
1700800
1700840
1700850
1700860
1700870
1700890
1700900
1700920
1700930
1700940
1700960
1701040
1701080
1701090
1701130
1701140
1701150
1701160
1701190
1701300
1701320
1701330
1701340
1701370
1701380
1701400
1701450
1701460
1701470
1701520
1701560
1701580
1701590
1701650
1701660
1701670
1701690
1701740
1701760
1701800
1701820
1701830
1701840
1701850
1701870
1701890
1701900
1701930
1701940
1701950
1702010
1702100
1702130
1702140
1702170
1702180
1702190
1702220
1702230
1702260
1702300
1702330
1702350
1702370
1702380
1702390
1702400
1702430
1702450
1702480
1702490
1702540
1702550
1702590
1702620
1702630
1702670
1702680
1702740
1702760
1702770
1702780
1702830
1702850
1702880
1702890
1702910
1702960
1702970
1702980
1702990
1703010
1703020
1703030
1703040
1703060
1703070
1703090
1703100
1703120
1703140
1703180
1703190
1703210
1703220
1703230
1703280
1703340
1703450
1703460
1703470
1703480
1703500
1703540
1703550
1703600
1703610
1703620
1703640
1703650
1703740
1703930
1703950
1704060
1704070
1704080
1704120
1704130
1704160
1704170
1704180
1704210
1704240
1704250
1704260
1704310
1704490
1704530
1704540
1704550
1704590
1704620
1704630
1704640
1704670
1704700
1704730
1704740
1704760
1704770
1704780
1704820
1704830
1704840
1704920
1704940
1704950
1704980
1705020
1705030
1705130
1705140
1705150
1705180
1705220
1705350
1705380
1705390
1705400
1705410
1705420
1705470
1705480
1705500
1705510
1705520
1705540
1705560
1705580
1705590
1705610
1705620
1705650
1705720
1705730
1705760
1705780
1705860
1705870
1705880
1705890
1705920
1705930
1705970
1706060
1706090
1706100
1706120
1706130
1706150
1706170
1706190
1706210
1706220
1706240
1706260
1706270
1706280
1706310
1706340
1706360
1706390
1706420
1706450
1706470
1706480
1706510
1706540
1706550
1706570
1706590
1706640
1706650
1706670
1706710
1706720
1706740
1706770
1706800
1706810
1706820
1706850
1706870
1706890
1706920
1706930
1706940
1706950
1706960
1706970
1706980
1707030
1707040
1707050
1707070
1707090
1707100
1707120
1707150
1707170
1707260
1707270
1707280
1707310
1707320
1707330
1707380
1707400
1707410
1707450
1707470
1707490
1707510
1707540
1707550
1707560
1707570
1707580
1707590
1707610
1707620
1707630
1707640
1707650
1707670
1707680
1707690
1707700
1707710
1707720
1707740
1707770
1707780
1707790
1707830
1707840
1707850
1707870
1707880
1707890
1707950
1707970
1707990
1708010
1708030
1708050
1708070
1708110
1708150
1708180
1708190
1708200
1708250
1708270
1708290
1708300
1708320
1708340
1708350
1708390
1708400
1708460
1708470
1708490
1708510
1708540
1708550
1708560
1708570
1708610
1708690
1708710
1708730
1708750
1708770
1708800
1708810
1708820
1708850
1708870
1708880
1708950
1708970
1708990
1709000
1709040
1709050
1709060
1709070
1709080
1709090
1709150
1709170
1709180
1709190
1709210
1709240
1709250
1709260
1709280
1709290
1709320
1709330
1709350
1709440
1709450
1709510
1709520
1709540
1709550
1709570
1709580
1709590
1709630
1709640
1709650
1709660
1709700
1709710
1709730
1709740
1709760
1709780
1709820
1709830
1709870
1709880
1709900
1709920
1709950
1710000
1710040
1710100
1710110
1710120
1710140
1710160
1710170
1710180
1710200
1710220
1710250
1710260
1710290
1710310
1710340
1710390
1710400
1710460
1710480
1710490
1710500
1710520
1710530
1710540
1710550
1710570
1710580
1710590
1710600
1710620
1710670
1710690
1710710
1710720
1710730
1710740
1710750
1710760
1710810
1710820
1710830
1710840
1710870
1710880
1710890
1710910
1710920
1710930
1710950
1710960
1710970
1710990
1711070
1711080
1711110
1711120
1711160
1711190
1711230
1711280
1711290
1711300
1711310
1711400
1711420
1711460
1711470
1711490
1711520
1711530
1711540
1711560
1711600
1711610
1711620
1711680
1711690
1711700
1711740
1711790
1711840
1711910
1711930
1711940
1711950
1711980
1711990
1712020
1712030
1712050
1712100
1712110
1712120
1712150
1712170
1712270
1712290
1712300
1712310
1712320
1712340
1712350
1712360
1712370
1712390
1712420
1712430
1712490
1712510
1712530
1712570
1712580
1712590
1712640
1712670
1712680
1712690
1712700
1712720
1712730
1712750
1712810
1712820
1712830
1712840
1712880
1712890
1712900
1712950
1713050
1713060
1713070
1713080
1713100
1713130
1713140
1713160
1713170
1713190
1713200
1713210
1713220
1713260
1713290
1713310
1713340
1713350
1713400
1713410
1713470
1713530
1713550
1713590
1713610
1713620
1713640
1713660
1713680
1713710
1713720
1713730
1713750
1713770
1713790
1713810
1713820
1713830
1713880
1713910
1713980
1713990
1714010
1714020
1714040
1714050
1714070
1714080
1714090
1714100
1714130
1714180
1714190
1714200
1714210
1714240
1714250
1714270
1714280
1714300
1714310
1714320
1714350
1714360
1714370
1714380
1714390
1714400
1714410
1714430
1714440
1714460
1714470
1714480
1714500
1714510
1714530
1714550
1714580
1714590
1714640
1714650
1714660
1714680
1714710
1714730
1714760
1714770
1714830
1714860
1714900
1714910
1714920
1714960
1714970
1714980
1715000
1715030
1715040
1715130
1715160
1715190
1715220
1715250
1715260
1715280
1715290
1715330
1715350
1715370
1715380
1715390
1715460
1715470
1715490
1715500
1715510
1715530
1715550
1715560
1715580
1715590
1715660
1715670
1715690
1715710
1715720
1715730
1715750
1715780
1715800
1715830
1715840
1715850
1715860
1715950
1715960
1715970
1715980
1716050
1716120
1716140
1716150
1716160
1716170
1716180
1716190
1716200
1716210
1716220
1716230
1716240
1716250
1716260
1716270
1716310
1716330
1716360
1716370
1716390
1716400
1716440
1716450
1716470
1716480
1716500
1716530
1716570
1716600
1716660
1716710
1716720
1716740
1716760
1716770
1716790
1716810
1716820
1716830
1716860
1716870
1716890
1716910
1716940
1716950
1717020
1717050
1717070
1717080
1717090
1717120
1717130
1717160
1717170
1717180
1717190
1717250
1717260
1717270
1717280
1717290
1717310
1717330
1717370
1717400
1717410
1717420
1717510
1717570
1717580
1717610
1717640
1717670
1717730
1717770
1717800
1717810
1717850
1717880
1717920
1717940
1718000
1718020
1718040
1718070
1718080
1720160
1718160
1718220
1718240
1718290
1718300
1718340
1718380
1718400
1718430
1718450
1718460
1718560
1718570
1718650
1718660
1718680
1718700
1718740
1718860
1718870
1718900
1718910
1719000
1719030
1719040
1719080
1719100
1719130
1719140
1719150
1719160
1719180
1719200
1719210
1719220
1719230
1719240
1719250
1719310
1719350
1719390
1719420
1719450
1719460
1719470
1719480
1719490
1719510
1719530
1719540
1719550
1719600
1719510
1719530
1719540
1719550
1719600
1719610
1719630
1719660
1719670
1719680
1719690
1719700
1719710
1719730
1719770
1719790
1719830
1719880
1719890
1719930
1719960
1719970
1719980
1719990
1720020
1720050
1720060
1720070
1720090
1720120
1720140
1720160
1720180
1720200
1720210
1720220
1720240
1720270
1720370
1720390
1720470
1720520
1720540
1720560
1720580
1720600
1720620
1720650
1720700
1720740
1720750
1720760
1720770
1720780
1720790
1720800
1720810
1720830
1720850
1720860
1720930
1720940
1720960
1720980
1721000
1721010
1721020
1721060
1721070
1721090
1721100
1721110
1721130
1721170
1721180
1721230
1721240
1721250
1721270
1721300
1721330
1721350
1721360
1721410
1721440
1721460
1721470
1721480
1721490
1721510
1721520
1721530
1721550
1721570
1721590
1721620
1721680
1721690
1721720
1721790
1721800
1721820
1721840
1721870
1721890
1721910
1721930
1721960
1721980
1721990
1722020
1722040
1722050
1722090
1722100
1722110
1722120
1722140
1722300
1722310
1722370
1722390
1722410
1722420
1722440
1722520
1722570
1722580
1722590
1722610
1722620
1722660
1722670
1722700
1722740
1722750
1722760
1722770
1722780
1722790
1722800
1722820
1722830
1722840
1722860
1722870
1722890
1723030
1723050
1723100
1723170
1723190
1723260
1723320
1723390
1723400
1723420
1723440
1723450
1723460
1723490
1723530
1723540
1723570
1723610
1723680
1723700
1723720
1723730
1723740
1723750
1723760
1723770
1723780
1723790
1723920
1723930
1723960
1724000
1724010
1724030
1724040
1724050
1724060
1724070
1724080
1724100
1724120
1724130
1724140
1724150
1724160
1724170
1724180
1724190
1724280
1724290
1724300
1724310
1724320
1724360
1724390
1724410
1724420
1724440
1724460
1724470
1724490
1724510
1724530
1724540
1724570
1724580
1724600
1724630
1724670
1724700
1724770
1724810
1724860
1724890
1724910
1724950
1724980
1724990
1725130
1725170
1725220
1725270
1725290
1725330
1725340
1725350
1725360
1725370
1725380
1725410
1725430
1725440
1725470
1725480
1725560
1725620
1725640
1725660
1725680
1725710
1725810
1725840
1725850
1725860
1725880
1725910
1725950
1725980
1725990
1726020
1726050
1726100
1726120
1726130
1726160
1726180
1726190
1726210
1726280
1726290
1726330
1726340
1726360
1726370
1726390
1726400
1726410
1726450
1726530
1726550
1726560
1726590
1726610
1726650
1726660
1726690
1726700
1726720
1726730
1726750
1726760
1726790
1726850
1726860
1726870
1726890
1726930
1726970
1727000
1727020
1727030
1727040
1727090
1727100
1727130
1727140
1727180
1727200
1727210
1727220
1727250
1727270
1727310
1727350
1727400
1727430
1727440
1727450
1727490
1727520
1727540
1727550
1727590
1727600
1727620
1727650
1727660
1727740
1727750
1727760
1727780
1727790
1727800
1727810
1727860
1727880
1727900
1727910
1727930
1727990
1728080
1728090
1728130
1728150
1728160
1728170
1728180
1728260
1728280
1728290
1728300
1728310
1728320
1728380
1728390
1728410
1728430
1728450
1728460
1728490
1728500
1728520
1728550
1728560
1728590
1728610
1728620
1728640
1728660
1728670
1728680
1728690
1728700
1728740
1728830
1728840
1728880
1728960
1728980
1729050
1729060
1729070
1729080
1729090
1729100
1729120
1729140
1729150
1729160
1729170
1729180
1729190
1729210
1729250
1729260
1729280
1729290
1729300
1729340
1729370
1729380
1729410
1729420
1729570
1729580
1729590
1729600
1729640
1729660
1729710
1729730
1729740
1729770
1729780
1729790
1729810
1729820
1729830
1729840
1729900
1729940
1729950
1730000
1730010
1730020
1730050
1730060
1730080
1730090
1730100
1730110
1730130
1730140
1730150
1730160
1730170
1730190
1730220
1730240
1730250
1730260
1730270
1730280
1730290
1730310
1730340
1730360
1730380
1730390
1730450
1730460
1730470
1730500
1730520
1730540
1730550
1730580
1730590
1730630
1730650
1730670
1730680
1730690
1730700
1730720
1730750
1730760
1730790
1730800
1730820
1730830
1730840
1730850
1730910
1730920
1730930
1730970
1730980
1731000
1731010
1731040
1731070
1731090
1731120
1731130
1731170
1731190
1731200
1731230
1731240
1731260
1731270
1731290
1731340
1731360
1731370
1731390
1731410
1731450
1731460
1731470
1731510
1731520
1731560
1731630
1731690
1731700
1731720
1731730
1731820
1731830
1731850
1731860
1731870
1731880
1731930
1731940
1732050
1732060
1732070
1732090
1732110
1732120
1732130
1732140
1732170
1732180
1732190
1732210
1732220
1732240
1732260
1732270
1732310
1732330
1732340
1732390
1732420
1732430
1732480
1732500
1732560
1732590
1732650
1732660
1732720
1732730
1732740
1732750
1732760
1732800
1732920
1732930
1732980
1733020
1733030
1733050
1733060
1733080
1733090
1733110
1733140
1733170
1733220
1733230
1733240
1733250
1733270
1733280
1733300
1733310
1733400
1733440
1733460
1733480
1733500
1733540
1733610
1733620
1733660
1733690
1733830
1733840
1733860
1733880
1733890
1733940
1733950
1734000
1734040
1734070
1734110
1734130
1734160
1734230
1734250
1734270
1734280
1734310
1734320
1734330
1734350
1734370
1734390
1734400
1734470
1734500
1734560
1734600
1734610
1734640
1734680
1734700
1734790
1734810
1734830
1734850
1734860
1734870
1734890
1734900
1734960
1734970
1734980
1734990
1735010
1735030
1735040
1735060
1735080
1735090
1735110
1735140
1735150
1735160
1735170
1735230
1735350
1735370
1735400
1735410
1735420
1735490
1735570
1735600
1735610
1735640
1735660
1735670
1735700
1735790
1735850
1735880
1735930
1735950
1735970
1735980
1736000
1736010
1736090
1736120
1736140
1736200
1736220
1736240
1736250
1736260
1736270
1736290
1736300
1736310
1736360
1736400
1736450
1736460
1736480
1736490
1736510
1736530
1736550
1736560
1736590
1736620
1736630
1736670
1736680
1736710
1736730
1736740
1736760
1736830
1736840
1736850
1736900
1736910
1736970
1736980
1737010
1737050
1737070
1737100
1737110
1737130
1737150
1737170
1737200
1737220
1737240
1737280
1737330
1737340
1737370
1737380
1737400
1737440
1737450
1737460
1737470
1737480
1737510
1737520
1737530
1737550
1737600
1737620
1737640
1737690
1737730
1737740
1737750
1737760
1737830
1737840
1737870
1737890
1737910
1737920
1737960
1737980
1738100
1738140
1738150
1738160
1738420
1738480
1738490
1738500
1738520
1738540
1738550
1738570
1738610
1738620
1738630
1738640
1738670
1738680
1738710
1738740
1738830
1738850
1738880
1738890
1738990
1739000
1739030
1739060
1739070
1739080
1739100
1739130
1739150
1739160
1739200
1739260
1739280
1739300
1739340
1739360
1739400
1739420
1739480
1739500
1739520
1739530
1739560
1739580
1739620
1739640
1739650
1739680
1739710
1739770
1739800
1739850
1739880
1739900
1739910
1739930
1739940
1739960
1740010
1740050
1740070
1740080
1740100
1740120
1740130
1740140
1740150
1740170
1740180
1740220
1740230
1740240
1740250
1740270
1740300
1740310
1740320
1740380
1740420
1740470
1740490
1740530
1740540
1740550
1740570
1740600
1740610
1740630
1740660
1740680
1740710
1740720
1740730
1740760
1740850
1740870
1740890
1740920
1740930
1740950
1740990
1741030
1741040
1741080
1741120
1741130
1741140
1741150
1741160
1741170
1741200
1741220
1741260
1741270
1741300
1741420
1741430
1741440
1741450
1741480
1741490
1741510
1741520
1741550
1741620
1741640
1741640
1741650
1741670
1741730
1741870
1741900
1741940
1742010
1742020
1742040
1742060
1742080
1742110
1742120
1742170
1742230
1742240
1742250
1742290
1742310
1742330
1742340
1742350
1742360
1742370
1742390
1742410
1742440
1742450
1742470
1742480
1742500
1742510
1742530
1742540
1742590
1742600
1742610
1742620
1742690
1742730
1742740
1742750
1742770
1742800
1742820
1742850
1742860
1742870
1742880
1742900
1742910
1742930
1742940
1742950
1742970
1743000
1743010
1743050
1743070
1743080
1743110
1743120
1743140
1743150
1743180
1743220
1743230
1743260
1743280
1743350
1743380
1743390
1743410
1743430
1743450
1743470
1743570
1743580
1743610
1743650
1743660
1743670
1743710
1743720
1743780
1743790
1743810
1743820
1743830
1743850
1743880
1743930
1743940
1744020
1744050
1744060
1744070
1744120
1744130
1744140
1744200
1744270
1744280
1744290
1744330
1744350
1744380
1744400
1744420
1744430
1744450
1744460
1744510
1744570
1744580
1744590
1744610
1744620
1744630
1744640
1744650
1744670
1744740
1744750
1744760
1744770
1744790
1744820
1744850
1744880
1744910
1744930
1744970
1745000
1745020
1745030
1745040
1745050
1745140
1745160
1745170
1745190
1745200
1745210
1745220
1745240
1745260
1745280
1745310
1745340
1745350
1745360
1745370
1745380
1745390
1745410
1745430
1745480
1745510
1745520
1745530
1745550
1745560
1745620
1745640
1745650
1745680
1745690
1745700
1745710
1745740
1745750
1745760
1745790
1745800
1745810
1745820
1745840
1745860
1745880
1745920
1745960
1745980
1745990
1746030
1746040
1746080
1746120
1746130
1746140
1746150
1746210
1746230
1746280
1746340
1746370
1746400
1746420
1746500
1746520
1746530
1746540
1746560
1746590
1746620
1746630
1746640
1746650
1746660
1746700
1746710
1746730
1746760
1746770
1746780
1746820
1746830
1746870
1746890
1746930
1746970
1746980
1747000
1747030
1747050
1747080
1747110
1747150
1747160
1747190
1747210
1747220
1747300
1747310
1747330
1747340
1747370
1747430
1747440
1747450
1747470
1747490
1747500
1747510
1747520
1747560
1747570
1747580
1747590
1747630
1747650
1747670
1747680
1747690
1747750
1747760
1747790
1747800
1747830
1747850
1747860
1747890
1747900
1747940
1747980
1748020
1748050
1748060
1748070
1748090
1748100
1748110
1748160
1748170
1748210
1748230
1748240
1748250
1748260
1748280
1748290
1748300
1748310
1748330
1748340
1748370
1748380
1748390
1748400
1748490
1748570
1748600
1748610
1748620
1748640
1748650
1748660
1748700
1748740
1748750
1748760
1748890
1748900
1748910
1748930
1748970
1748980
1749010
1749020
1749030
1749050
1749090
1749120
1749140
1749170
1749200
1749210
1749240
1749260
1749300
1749310
1749340
1749350
1749360
1749380
1749390
1749400
1749410
1749420
1749430
1749440
1749460
1749480
1749510
1749580
1749630
1749640
1749700
1749710
1749720
1749750
1749770
1749800
1749810
1749840
1749860
1749900
1749940
1749980
1750000
1750010
1750030
1750050
1750070
1750080
1750110
1750170
1750200
1750240
1750260
1750280
1750290
1750320
1750330
1750350
1750370
1750410
1750440
1750450
1750470
1750490
1750530
1750540
1750570
1750580
1750600
1750620
1750640
1750690
1750710
1750740
1750770
1750810
1750900
1750910
1750940
1750960
1750980
1750990
1751070
1751100
1751110
1751160
1751190
1751230
1751270
1751310
1751320
1751330
1751350
1751400
1751470
1751480
1751500
1751560
1751610
1751630
1751680
1751700
1751710
1751720
1751730
1751780
1751800
1751820
1751850
1751860
1751890
1751950
1751970
1751980
1751990
1752030
1752050
1752060
1752080
1752090
1752150
1752190
1752210
1752220
1752240
1752250
1752400
1752410
1752420
1752430
1752500
1752530
1752540
1752600
1752610
1752660
1752690
1752730
1752740
1752760
1752780
1752810
1752820
1752830
1752840
1752850
1752890
1752990
1753010
1753020
1753030
1753050
1753090
1753100
1753110
1753130
1753140
1753160
1753170
1753220
1753250
1753280
1753340
1753370
1753380
1753400
1753410
1753420
1753440
1753450
1753490
1753500
1753510
1753530
1753660
1753670
1753690
1753730
1753760
1753790
1753800
1753810
1753860
1753870
1753890
1753900
1754020
1754150
1754170
1754200
1754250
1754260
1754300
1754350
1754380
1754390
1754430
1754440
1754450
1754460
1754480
1754490
1754500
1754510
1754520
1754550
1754580
1754650
1754720
1754740
1754750
1754760
1754770
1754790
1754840
1754860
1754870
1754880
1754910
1754940
1754950
1754960
1755030
1755060
1755080
1755090
1755100
1755110
1755130
1755170
1755180
1755210
1755240
1755250
1755280
1755290
1755300
1755340
1755350
1755390
1755420
1755460
1755520
1755530
1755550
1755570
1755580
1755600
1755620
1755650
1755660
1755670
1755680
1755690
1755740
1755750
1755760
1755790
1755810
1755830
1755870
1755880
1755890
1755910
1755920
1755950
1755970
1755980
1755990
1756020
1756060
1756070
1756080
1756090
1756100
1756120
1756140
1756150
1756160
1756180
1756210
1756220
1756230
1756280
1756310
1756320
1756330
1756340
1756390
1756410
1756430
1756440
1756450
1756480
1756490
1756500
1756510
1756550
1756600
1756630
1756650
1756710
1756730
1756740
1756750
1756760
1756770
1756790
1756800
1756810
1756840
1756900
1756920
1756930
1756960
1757000
1757010
1757030
1757060
1757090
1757100
1757110
1757130
1757170
1757240
1757250
1757260
1757300
1757350
1757360
1757400
1757430
1757440
1757450
1757470
1757490
1757510
1757560
1757570
1757580
1757680
1757690
1757700
1757720
1757750
1757760
1757790
1757820
1757830
1757890
1757920
1757950
1757960
1757970
1757990
1758030
1758050
1758060
1758070
1758080
1758120
1758180
1758200
1758220
1758250
1758260
1758320
1758340
1758350
1758360
1758370
1758390
1758410
1758440
1758450
1758460
1758470
1758520
1758530
1758540
1758600
1758640
1758650
1758760
1758770
1758810
1758870
1758910
1758920
1758930
1758950
1758990
1759010
1759070
1759130
1759150
1759160
1759260
1759340
1759350
1759380
1759400
1759430
1759440
1759460
1759480
1759510
1759550
1759590
1759630
1759700
1759720
1759780
1759820
1759840
1759870
1759880
1759910
1759920
1759930
1759980
1759990
1760020
1760040
1760090
1760140
1760150
1760160
1760180
1760220
1760240
1760270
1760300
1760310
1760320
1760330
1760340
1760420
1760510
1760580
1760590
1760640
1760660
1760670
1760690
1760700
1760710
1760980
1760990
1761000
1761010
1761030
1761040
1761130
1761190
1761210
1761220
1761250
1761260
1761290
1761310
1761320
1761340
1761380
1761390
1761420
1761440
1761450
1761480
1761520
1761530
1761560
1761600
1761620
1761630
1761660
1761670
1761680
1761690
1761730
1761740
1761750
1761770
1761780
1761790
1761810
1761820
1761860
1761870
1761900
1761910
1761980
1762010
1762100
1762120
1762130
1762230
1762240
1762250
1762270
1762300
1762370
1762390
1762400
1762410
1762450
1762480
1762490
1762510
1762520
1762560
1762570
1762690
1762720
1762760
1762830
1762840
1762850
1762910
1762920
1762930
1762950
1763030
1763040
1763050
1763060
1763090
1763100
1763110
1763120
1763150
1763160
1763170
1763180
1763190
1763210
1763220
1763230
1763250
1763260
1763270
1763290
1763330
1763350
1763380
1763510
1763520
1763540
1763550
1763570
1763590
1763600
1763610
1763620
1763660
1763740
1763830
1763860
1763890
1763990
1764000
1764010
1764070
1764220
1764230
1764240
1764270
1764280
1764390
1764400
1764410
1764530
1764540
1764550
1764570
1764650
1764660
1764700
1764710
1764730
1764740
1764790
1764810
1764840
1764870
1764890
1764910
1764940
1764950
1764960
1764970
1765000
1765010
1765020
1765040
1765060
1765090
1765130
1765150
1765160
1765180
1765220
1765240
1765250
1765260
1765280
1765300
1765310
1765320
1765350
1765370
1765410
1765470
1765480
1765500
1765510
1765520
1765540
1765560
1765600
1765620
1765630
1765670
1765690
1765700
1765730
1765760
1765770
1765780
1765800
1765810
1765820
1765850
1765860
1765920
1765960
1765980
1765990
1766000
1766010
1766060
1766080
1766100
1766140
1766150
1766160
1766180
1766200
1766210
1766230
1766240
1766270
1766300
1766310
1766340
1766350
1766380
1766390
1766400
1766420
1766440
1766450
1766500
1766540
1766550
1766580
1766720
1766740
1766750
1766760
1766790
1766810
1766830
1766840
1766920
1766940
1767010
1767140
1767150
1767160
1767170
1767180
1767190
1767220
1767230
1767250
1767270
1767310
1767320
1767350
1767450
1767480
1767490
1767550
1767560
1767570
1767580
1767590
1767610
1767620
1767700
1767710
1767730
1767740
1767760
1767780
1767840
1767860
1767890
1767910
1767930
1767940
1767950
1767960
1767990
1768000
1768010
1768030
1768040
1768090
1768100
1768200
1768210
1768240
1768260
1768270
1768280
1768300
1768340
1768350
1768400
1768470
1768480
1768520
1768530
1768540
1768550
1768590
1768640
1768650
1768660
1768730
1768780
1768790
1768800
1768810
1768830
1768860
1768880
1768920
1768940
1768970
1768980
1768990
1769010
1769030
1769060
1769100
1769130
1769140
1769150
1769160
1769170
1769200
1769220
1769270
1769280
1769320
1769360
1769380
1769390
1769420
1769430
1769470
1769510
1769570
1769630
1769640
1769720
1769730
1769740
1769750
1769760
1769770
1769780
1769830
1769870
1769960
1769980
1770000
1770010
1770040
1770050
1770070
1770100
1770120
1770140
1770160
1770180
1770190
1770200
1770210
1770230
1770270
1770280
1770350
1770360
1770380
1770390
1770400
1770440
1770460
1770470
1770490
1770500
1770540
1770550
1770570
1770600
1770630
1770660
1770670
1770760
1770810
1770820
1770830
1770840
1770850
1770880
1770920
1771040
1771070
1771110
1771120
1771130
1771170
1771180
1771200
1771210
1771230
1771240
1771260
1771300
1771310
1771320
1771340
1771360
1771380
1771400
1771420
1771430
1771440
1771520
1771550
1771600
1771610
1771620
1771640
1771650
1771700
1771730
1771780
1771830
1771880
1771930
1771960
1771980
1771990
1772050
1772060
1772070
1772130
1772180
1772220
1772230
1772270
1772280
1772310
1772340
1772350
1772370
1772410
1772490
1772530
1772620
1772650
1772710
1772720
1772730
1772750
1772780
1772790
1772800
1772810
1772820
1772830
1772840
1772910
1772920
1772930
1772950
1773060
1773110
1773150
1773160
1773180
1773200
1773220
1773320
1773330
1773360
1773390
1773410
1773440
1773460
1773470
1773480
1773490
1773540
1773560
1773570
1773620
1773630
1773700
1773710
1773740
1773830
1773840
1773890
1773990
1774030
1774060
1774080
1774090
1774100
1774110
1774130
1774160
1774190
1774200
1774220
1774380
1774390
1774410
1774420
1774450
1774560
1774580
1774600
1774630
1774650
1774700
1774770
1774810
1774860
1774880
1774890
1774910
1774940
1774960
1774970
1775000
1775020
1775080
1775100
1775110
1775150
1775160
1775170
1775220
1775300
1775320
1775350
1775360
1775410
1775430
1775460
1775470
1775490
1775500
1775510
1775520
1775530
1775550
1775620
1775640
1775700
1775720
1775730
1775740
1775750
1775770
1775790
1775840
1775850
1775860
1775960
1775980
1775990
1776000
1776080
1776120
1776160
1776170
1776200
1776220
1776250
1776260
1776270
1776290
1776350
1776380
1776400
1776490
1776500
1776540
1776560
1776590
1776600
1776610
1776640
1776650
1776700
1776730
1776790
1776820
1776840
1776860
1776900
1776920
1776930
1776940
1776970
1777000
1777010
1777020
1777060
1777090
1777110
1777130
1777160
1777200
1777210
1777280
1777320
1777350
1777380
1777390
1777430
1777440
1777480
1777560
1777600
1777620
1777630
1777650
1777730
1777750
1777790
1777800
1777820
1777830
1777840
1777910
1777940
1777950
1777960
1777980
1777990
1778020
1778030
1778040
1778050
1778060
1778090
1778140
1778150
1778190
1778200
1778210
1778270
1778280
1778290
1778300
1778310
1778330
1778380
1778430
1778460
1778470
1778490
1778500
1778520
1778560
1778590
1778610
1778620
1778630
1778690
1778720
1778760
1778770
1778820
1778830
1778840
1778850
1778860
1778870
1778880
1778890
1778910
1778950
1778970
1779020
1779030
1779040
1779060
1779070
1779080
1779090
1779110
1779120
1779130
1779180
1779190
1779200
1779220
1779240
1779270
1779280
1779310
1779450
1779460
1779500
1779530
1779550
1779560
1779590
1779610
1779630
1779650
1779660
1779670
1779680
1779690
1779710
1779720
1779730
1779750
1779760
1779770
1779790
1779810
1779840
1779890
1779910
1779940
1779950
1779960
1779970
1779990
1780000
1780010
1780060
1780070
1780090
1780100
1780110
1780130
1780150
1780220
1780230
1780250
1780260
1780270
1780280
1780290
1780300
1780310
1780340
1780370
1780380
1780410
1780420
1780430
1780450
1780470
1780480
1780490
1780520
1780530
1780550
1780570
1780600
1780610
1780620
1780680
1780690
1780720
1780730
1780780
1780840
1780850
1780880
1780900
1780940
1780950
1780960
1780990
1781010
1781030
1781040
1781050
1781060
1781110
1781140
1781160
1781170
1781190
1781230
1781250
1781260
1781270
1781290
1781330
1781350
1781380
1781450
1781500
1781520
1781550
1781560
1781580
1781590
1781640
1781710
1781720
1781730
1781740
1781750
1781760
1781780
1781840
1781870
1781880
1781890
1781920
1781960
1781980
1782000
1782010
1782030
1782050
1782070
1782080
1782120
1782130
1782150
1782180
1782190
1782210
1782230
1782260
1782270
1782320
1782330
1782380
1782390
1782420
1782460
1782480
1782510
1782520
1782560
1782570
1782590
1782600
1782610
1782620
1782640
1782670
1782700
1782710
1782740
1782760
1782780
1782790
1782810
1782820
1782860
1782880
1782890
1782940
1782950
1782960
1782970
1782980
1783050
1783060
1783080
1783090
1783100
1783110
1783130
1783150
1783180
1783190
1783280
1783350
1783360
1783370
1783380
1783470
1783490
1783510
1783560
1783620
1783680
1783700
1783740
1783750
1783770
1783780
1783800
1783810
1783900
1783910
1783930
1783960
1784000
1784020
1784100
1784130
1784160
1784180
1784220
1784230
1784310
1784320
1784410
1784470
1784550
1784570
1784580
1784600
1784630
1784650
1784730
1784780
1784820
1784840
1784860
1784940
1784950
1784970
1784980
1784990
1785000
1785020
1785080
1785100
1785120
1785150
1785160
1785190
1785200
1785220
1785230
1785270
1785280
1785300
1785320
1785370
1785400
1785420
1785430
1785440
1785450
1785460
1785470
1785510
1785520
1785530
1785560
1785580
1785600
1785630
1785650
1785680
1785700
1785750
1785770
1785800
1785820
1785910
1785930
1785940
1785950
1785980
1786010
1786030
1786080
1786100
1786110
1786130
1786150
1786200
1786230
1786250
1786260
1786270
1786280
1786290
1786300
1786320
1786330
1786350
1786470
1786480
1786490
1786500
1786540
1786570
1786580
1786590
1786620
1786630
1786640
1786660
1786670
1786680
1786690
1786710
1786720
1786730
1786740
1786750
1786760
1786770
1786780
1786790
1786800
1786810
1786820
1786830
1786860
1786900
1786910
