3069310
3069320
3069360
3069370
3069390
3069410
3069430
3069460
3069470
3069490
3069500
3069520
3069530
3069550
3069620
3069630
3069690
3069800
3069810
3069820
3069840
3069860
3069870
3069880
3069890
3069900
3069930
3069980
3069990
3070000
3070010
3070020
3070030
3070040
3070070
3070080
3070090
3070150
3070180
3070190
3070210
3070240
3070260
3070320
3070330
3070340
3070350
3070370
3070380
3070390
3070400
3070410
3070420
3070430
3070450
3070460
3070490
3070500
3070510
3070520
3070530
3070560
3070570
3070580
3070590
3070600
3070610
3070620
3070650
3070690
3070700
3070720
3070830
3070850
3070860
3070880
3070890
3070920
3071000
3071010
3071030
3071050
3071060
3071070
3071080
3071100
3071120
3071150
3071170
3071210
3071240
3071270
3071280
3071290
3071340
3071380
3071440
3071470
3071490
3071500
3071520
3071610
3071620
3071630
3071640
3071660
3071670
3071720
3071740
3071750
3071770
3071810
3071820
3071830
3071840
3071860
3071880
3071950
3071970
3072000
3072050
3072060
3072070
3072100
3072120
3072130
3072150
3072160
3072180
3072190
3072220
3072240
3072270
3072280
3072300
3072310
3072350
3072370
3072380
3072400
3072410
3072440
3072450
3072470
3072480
3072490
3072500
3072510
3072520
3072530
3072540
3072560
3072570
3072620
3072630
3072640
3072660
3072680
3072690
3072710
3072760
3072780
3072790
3072800
3072850
3072860
3072870
3072880
3072970
3072980
3072990
3073040
3073070
3073110
3073120
3073180
3073220
3073240
3073290
3073310
3073320
3073340
3073350
3073370
3073430
3073440
3073450
3073460
3073470
3073480
3073510
3073580
3073600
3073680
3073700
3073710
3073720
3073740
3073750
3073760
3073790
3073800
3073810
3073820
3073830
3073860
3073870
3073900
3073910
3073930
3073940
3073990
3074020
3074050
3074070
3074090
3074110
3074160
3074190
3074200
3074210
3074230
3074240
3074260
3074280
3074330
3074340
3074380
3074390
3074410
3074420
3074440
3074510
3074560
3074570
3074590
3074610
3074630
3074660
3074700
3074730
3074770
3074800
3074830
3074840
3074850
3074860
3074910
3074930
3074970
3074980
3074990
3075000
3075020
3075040
3075050
3075060
3075070
3075080
3075140
3075150
3075170
3075240
3075250
3075270
3075360
3075370
3075390
3075410
3075430
3075460
3075490
3075510
3075590
3075610
3075660
3075670
3075690
3075700
3075710
3075720
3075730
3075740
3075760
3075790
3075800
3075810
3075890
3076100
3076110
3076120
3076200
3076210
3076220
3076240
3076280
3076320
3076330
3076350
3076400
3076410
3076420
3076430
3076490
3076520
3076530
3076620
3076680
3076710
3076740
3076750
3076770
3076790
3076850
3076910
3076930
3076960
3077010
3077020
3077030
3077060
3077090
3077120
3077130
3077140
3077150
3077180
3077190
3077200
3077210
3077240
3077260
3077280
3077340
3077360
3077390
3077400
3077410
3077440
3077480
3077520
3077530
3077540
3077560
3077570
3077580
3077640
3077650
3077660
3077670
3077690
3077710
3077720
3077760
3077780
3077790
3077800
3077850
3077910
3077930
3077950
3077970
3077990
3078000
3078010
3078030
3078110
3078120
3078140
3078150
3078190
3078230
3078290
3078330
3078390
3078430
3078460
3078500
3078530
3078540
3078550
3078570
3078580
3078590
3078600
3078650
3078670
3078690
3078730
3078740
3078760
3078820
3078830
3078840
3078850
3078920
3078950
3078960
3079020
3079100
3079110
3079130
3079140
3079150
3079160
3079170
3079180
3079190
3079210
3079230
3079270
3079280
3079400
3079410
3079420
3079430
3079440
3079460
3079500
3079590
3079600
3079670
3079680
3079720
3079730
3079750
3079770
3079820
3079840
3079870
3079970
3080020
3080030
3080050
3080070
3080170
3080180
3080210
3080240
3080270
3080290
3080310
3080380
3080410
3080420
3080430
3080510
3080530
3080540
3080560
3080590
3080720
3080730
3080790
3080810
3080820
3080880
3080890
3080910
3080920
3080930
3080940
3080950
3080960
3081000
3081020
3081030
3081060
3081070
3081110
3081120
3081160
3081170
3081180
3081210
3081240
3081260
3081270
3081280
3081300
3081310
3081320
3081330
3081420
3081490
3081510
3081520
3081540
3081640
3081670
3081690
3081710
3081740
3081760
3081790
3081800
3081810
3081830
3081840
3081870
3081930
3081940
3081980
3082000
3082030
3082040
3082060
3082070
3082080
3082090
3082100
3082110
3082140
3082150
3082160
3082170
3082200
3082220
3082290
3082310
3082330
3082340
3082350
3082360
3082410
3082430
3082440
3082460
3082490
3082510
3082530
3082580
3082610
3082620
3082630
3082660
3082690
3082700
3082710
3082720
3082730
3082750
3082770
3082820
3082840
3082850
3082870
3082890
3082910
3082930
3082940
3082950
3082960
3082970
3082980
3082990
3083010
3083020
3083050
3083070
3083090
3083120
3083160
3083190
3083200
3083210
3083220
3083230
3083260
3083270
3083290
3083300
3083340
3083360
3083380
3083510
3083520
3083600
3083620
3083630
3083650
3083660
3083670
3083730
3083740
3083760
3083800
3083880
3083890
3083900
3083910
3083920
3083950
3083960
3083980
3083990
3084000
3084040
3084080
3084090
3084100
3084130
3084150
3084180
3084200
3084220
3084260
3084270
3084280
3084290
3084310
3084330
3084360
3084370
3084390
3084400
3084410
3084430
3084450
3084490
3084500
3084510
3084530
3084540
3084560
3084570
3084580
3084590
3084620
3084630
3084640
3084670
3084690
3084700
3084720
3084740
3084750
3084790
3084800
3084810
3084840
3084870
3084900
3084910
3084990
3085010
3085020
3085040
3085060
3085070
3085160
3085180
3085200
3085220
3085230
3085280
3085300
3085620
3085660
3085680
3085700
3085710
3085730
3085740
3085770
3085780
3085800
3085810
3085860
3085890
3085900
3085910
3085920
3085950
3085960
3086010
3086020
3086030
3086050
3086060
3086070
3086120
3086170
3086440
3086500
3086520
3086550
3086560
3086580
3086590
3086600
3086630
3086660
3086670
3086680
3086700
3086720
3086740
3086760
3086850
3086860
3086890
3086910
3086940
3086950
3086990
3087000
3087020
3087040
3087090
3087110
3087140
3087180
3087200
3087230
3087340
3087470
3087480
3087490
3087550
3087560
3087580
3087590
3087600
3087650
3087670
3087680
3087730
3087780
3087790
3087810
3087820
3087860
3087870
3087900
3087910
3087930
3087960
3087970
3087990
3088000
3088010
3088040
3088050
3088070
3088080
3088120
3088140
3088160
3088180
3088190
3088200
3088210
3088250
3088260
3088280
3088350
3088370
3088400
3088410
3088420
3088430
3088440
3088460
3088510
3088530
3088540
3088560
3088600
3088670
3088680
3088700
3088730
3088740
3088750
3088760
3088770
3088790
3088820
3088870
3088890
3088900
3088960
3088990
3089030
3089040
3089100
3089130
3089150
3089260
3089270
3089280
3089290
3089340
3089390
3089410
3089420
3089430
3089450
3089460
3089480
3089510
3089570
3089580
3089600
3089610
3089640
3089680
3089700
3089710
3089740
3089760
3089820
3089830
3089850
3089860
3089870
3089960
3090010
3090050
3090070
3090080
3090100
3090270
3090490
3090510
3090570
3090600
3090610
3090620
3090630
3090670
3090680
3090790
3090800
3090810
3090820
3090830
3090840
3090860
3090870
3090890
3090910
3090920
3090930
3090940
3090950
3090980
3090990
3091000
3091010
3091030
3091110
3091120
3091140
3091150
3091160
3091200
3091230
3091240
3091260
3091270
3091300
3091310
3091330
3091340
3091360
3091390
3091400
3091410
3091420
3091470
3091480
3091520
3091530
3091540
3091610
3091660
3091760
3091770
3091780
3091830
3091860
3091880
3091930
3091940
3091990
3092000
3092040
3092050
3092060
3092080
3092090
3092100
3092110
3092150
3092190
3092200
3092240
3092250
3092260
3092280
3092360
3092430
3092440
3092500
3092510
3092530
3092540
3092560
3092580
3092600
3092640
3092660
3092680
3092700
3092710
3092750
3092760
3092850
3092870
3092900
3092960
3092980
3093020
3093030
3093040
3093050
3093070
3093090
3093150
3093160
3093180
3093220
3093230
3093250
3093290
3093300
3093310
3093320
3093330
3093360
3093370
3093390
3093400
3093410
3093420
3093470
3093490
3093500
3093510
3093540
3093570
3093580
3093590
3093600
3093640
3093670
3093690
3093700
3093750
3093770
3093840
3093850
3093860
3093870
3093880
3093890
3093900
3093910
3093960
3093990
3094010
3094040
3094050
3094140
3094150
3094180
3094190
3094210
3094220
3094230
3094250
3094260
3094270
3094280
3094340
3094350
3094390
3094400
3094440
3094450
3094480
3094490
3094520
3094540
3094550
3094560
3094590
3094600
3094610
3094620
3094630
3094650
3094660
3094680
3094690
3094710
3094740
3094750
3094760
3094770
3094780
3094800
3094820
3094830
3094840
3094870
3094880
3094920
3094970
3094990
3095010
3095020
3095030
3095100
3095110
3095120
3095130
3095160
3095170
3095180
3095190
3095260
3095270
3095280
3095300
3095320
3095380
3095410
3095450
3095500
3095540
3095550
3095560
3095570
3095590
3095600
3095630
3095640
3095660
3095680
3095720
3095770
3095780
3095790
3095800
3095820
3095830
3095840
3095870
3095890
3095900
3095910
3095920
3095960
3095980
3096000
3096010
3096020
3096040
3096050
3096100
3096140
3096150
3096160
3096190
3096200
3096210
3096220
3096230
3096260
3096270
3096310
3096320
3096330
3096340
3096350
3096370
3096390
3096400
3096410
3096420
3096430
3096440
3096450
3096470
3096520
3096550
3096560
3096570
3096600
3096620
3096650
3096700
3096710
3096720
3096730
3096740
3096760
3096780
3096800
3096820
3096840
3096870
3096890
3096940
3096950
3096960
3097010
3097030
3097040
3097060
3097090
3097170
3097200
3097220
3097240
3097280
3097290
3097300
3097310
3097320
3097330
3097340
3097350
3097370
3097380
3097410
3097420
3097440
3097450
3097480
3097510
3097550
3097560
3097630
3097640
3097650
3097660
3097670
3097680
3097690
3097720
3097730
3097740
3097750
3097760
3097770
3097780
3097860
3098020
3098030
3098040
3098050
3098060
3098070
3098140
3098150
3098160
3098170
3098200
3098250
3098310
3098320
3098340
3098370
3098380
3098390
3098410
3098420
3098430
3098460
3098470
3098480
3098490
3098500
3098580
3098630
3098660
3098690
3098700
3098710
3098730
3098750
3098770
3098780
3098820
3098830
3098850
3098880
3098890
3098910
3098920
3098960
3098970
3099000
3099010
3099030
3099090
3099190
3099330
3099350
3099360
3099370
3099380
3099410
3099430
3099490
3099520
3099540
3099550
3099580
3099620
3099630
3099640
3099660
3099670
3099680
3099690
3099730
3099750
3099770
3099780
3099790
3099830
3099840
3099870
3099880
3100010
3100100
3100130
3100170
3100180
3100190
3100210
3100310
3100330
3100350
3100370
3100420
3100500
3100520
3100540
3100580
3100610
3100640
3100650
3100660
3100680
3100690
3100700
3100710
3100730
3100740
3100780
3100790
3100810
3100820
3100860
3100900
3100910
3100940
3100950
3100970
3100990
3101010
3101040
3101050
3101110
3101140
3101160
3101180
3101190
3101230
3101240
3101330
3101340
3101350
3101380
3101400
3101430
3101450
3101480
3101500
3101510
3101580
3101600
3101620
3101630
3101640
3101670
3101680
3101690
3101700
3101710
3101720
3101740
3101770
3101780
3101800
3101810
3101910
3101920
3101960
3101980
3102000
3102010
3102030
3102100
3102130
3102180
3102210
3102220
3102240
3102250
3102270
3102290
3102310
3102330
3102340
3102370
3102380
3102410
3102440
3102450
3102460
3102520
3102530
3102540
3102550
3102650
3102660
3102670
3102680
3102730
3102740
3102750
3102780
3102800
3102810
3102820
3102870
3102890
3102900
3102950
3103000
3103040
3103070
3103170
3103190
3103210
3103230
3103240
3103280
3103290
3103320
3103330
3103340
3103370
3103380
3103390
3103400
3103420
3103460
3103470
3103480
3103490
3103510
3103560
3103580
3103590
3103620
3103630
3103640
3103650
3103660
3103690
3103720
3103730
3103750
3103760
3103780
3103800
3103820
3103830
3103840
3103850
3103910
3103930
3103940
3103950
3103960
3103970
3104000
3104020
3104030
3104050
3104070
3104100
3104110
3104120
3104220
3104230
3104240
3104250
3104270
3104290
3104300
3104370
3104380
3104410
3104420
3104430
3104490
3104510
3104540
3104550
3104570
3104580
3104590
3104600
3104610
3104620
3104660
3104670
3104680
3104780
3104790
3104810
3104840
3104850
3104860
3104880
3104900
3104920
3104930
3104970
3104980
3105020
3105040
3105050
3105060
3105100
3105130
3105140
3105150
3105180
3105190
3105290
3105410
3105430
3105440
3105450
3105490
3105560
3105590
3105600
3105620
3105640
3105650
3105670
3105680
3105690
3105720
3105730
3105760
3105770
3105780
3105890
3105900
3105910
3105920
3105940
3105950
3105960
3105980
3106000
3106010
3106050
3106060
3106070
3106080
3106110
3106140
3106150
3106160
3106200
3106210
3106220
3106240
3106260
3106270
3106280
3106310
3106320
3106330
3106340
3106350
3106470
3106490
3106510
3106520
3106530
3106540
3106560
3106580
3106590
3106600
3106620
3106650
3106660
3106670
3106680
3106690
3106730
3106750
3106780
3106810
3106830
3106860
3106870
3106880
3106930
3106990
3107020
3107030
3107040
3107050
3107090
3107130
3107140
3107150
3107210
3107230
3107250
3107270
3107290
3107310
3107320
3107330
3107350
3107360
3107440
3107450
3107480
3107490
3107520
3107530
3107550
3107590
3107620
3107670
3107680
3107690
3107710
3107730
3107740
3107770
3107790
3107800
3107810
3107820
3107840
3107850
3107860
3107870
3107880
3107890
3107900
3107930
3107940
3107950
3107960
3107970
3107980
3107990
3108000
3108010
3108040
3108050
3108060
3108110
3108120
3108130
3108140
3108180
3108190
3108210
3108230
3108240
3108260
3108340
3108380
3108410
3108470
3108490
3108510
3108560
3108570
3108580
3108610
3108640
3108650
3108660
3108670
3108700
3108710
3108720
3108730
3108760
3108770
3108780
3108790
3108820
3108880
3108900
3108960
3108980
3108990
3109000
3109010
3109030
3109040
3109050
3109070
3109080
3109110
3109150
3109160
3109170
3109180
3109210
3109240
3109270
3109280
3109290
3109310
3109340
3109350
3109370
3109410
3109430
3109440
3109450
3109460
3109470
3109480
3109490
3109500
3109510
3109540
3109550
3109560
3109580
3109590
3109610
3109640
3109650
3109670
3109700
3109740
3109800
3109810
3109830
3109840
3109880
3109960
3109980
3109990
3110000
3110010
3110070
3110080
3110120
3110130
3110150
3110200
3110220
3110230
3110240
3110250
3110260
3110270
3110290
3110310
3110370
3110410
3110420
3110430
3110450
3110490
3110500
3110510
3110520
3110540
3110580
3110600
3110610
3110690
3110700
3110710
3110740
3110750
3110760
3110800
3110820
3110840
3110930
3110960
3110970
3110980
3111010
3111020
3111030
3111050
3111070
3111080
3111130
3111140
3111150
3111230
3111240
3111290
3111310
3111330
3111380
3111430
3111510
3111550
3111570
3111580
3111600
3111620
3111630
3111650
3111670
3111680
3111710
3111720
3111730
3111740
3111770
3111780
3111800
3111830
3111850
3111860
3111900
3111920
3111930
3111960
3111970
3111980
3112000
3112010
3112030
3112050
3112100
3112170
3112200
3112210
3112220
3112260
3112280
3112290
3112340
3112380
3112410
3112420
3112450
3112470
3112500
3112520
3112540
3112620
3112630
3112640
3112650
3112660
3112730
3112740
3113010
3113020
3113030
3113060
3113080
3113140
3113230
3113260
3113330
3113340
3113350
3113360
3113390
3113400
3113420
3113430
3113480
3113490
3113500
3113510
3113530
3113550
3113580
3113590
3113600
3113640
3113650
3113670
3113680
3113690
3113710
3113730
3113740
3113750
3113780
3113810
3113850
3113870
3113890
3113920
3113940
3113950
3113980
3113990
3114010
3114040
3114070
3114080
3114090
3114100
3114140
3114150
3114160
3114230
3114250
3114280
3114290
3114300
3114310
3114320
3114360
3114370
3114390
3114410
3114420
3114440
3114470
3114480
3114500
3114510
3114570
3114600
3114610
3114620
3114650
3114680
3114690
3114700
3114760
3114780
3114850
3114860
3114890
3114900
3114990
3115010
3115020
3115030
3115040
3115060
3115130
3115150
3115160
3115190
3115220
3115230
3115240
3115250
3115290
3115310
3115320
3115340
3115350
3115360
3115370
3115410
3115420
3115440
3115480
3115490
3115500
3115510
3115520
3115530
3115650
3115660
3115840
3115850
3115860
3115870
3115880
3115890
3115900
3116080
3116100
3116120
3116160
3116180
3116190
3116200
3116220
3116230
3116240
3116260
3116300
3116330
3116350
3116360
3116370
3116400
3116440
3116450
3116470
3116480
3116500
3116530
3116540
3116600
3116640
3116700
3116720
3116730
3116740
3116790
3116810
3116860
3116870
3116880
3116890
3116920
3116930
3117160
3117600
3117620
3117630
3117660
3117670
3117680
3117710
3117720
3117730
3117740
3117780
3117800
3117810
3117820
3117950
3117990
3118010
3118040
3118050
3118060
3118070
3118140
3118160
3118200
3118250
3118260
3118270
3118290
3118310
3118330
3118340
3118380
3118420
3118450
3118490
3118520
3118570
3118580
3118600
3118620
3118630
3118650
3118690
3118700
3118730
3118740
3118840
3118850
3118870
3118880
3118900
3118910
3118960
3119010
3119020
3119040
3119050
3119140
3119150
3119170
3119180
3119190
3119200
3119210
3119220
3119240
3119250
3119260
3119380
3119390
3119410
3119430
3119450
3119460
3119470
3119480
3119520
3119540
3119550
3119610
3119640
3119660
3119670
3119690
3119700
3119710
3119720
3119730
3119780
3119820
3119830
3119850
3119930
3119950
3119960
3119980
3119990
3120000
3120020
3120030
3120040
3120050
3120070
3120140
3120160
3120190
3120200
3120210
3120250
3120270
3120290
3120300
3120310
3120320
3120370
3120380
3120410
3120430
3120460
3120490
3120500
3120510
3120560
3120600
3120630
3120700
3120720
3120730
3120740
3120750
3120760
3120790
3120810
3120860
3120880
3120890
3120910
3120980
3120990
3121010
3121070
3121090
3121110
3121160
3121190
3121210
3121220
3121230
3121260
3121320
3121330
3121340
3121410
3121430
3121440
3121470
3121490
3121530
3121570
3121580
3121600
3121610
3121620
3121630
3121640
3121650
3121680
3121710
3121720
3121780
3121800
3121810
3121840
3121850
3121860
3121890
3121910
3121930
3121960
3121970
3121980
3121990
3122000
3122050
3122100
3122120
3122150
3122170
3122220
3122240
3122270
3122290
3122340
3122360
3122370
3122380
3122430
3122450
3122460
3122470
3122490
3122500
3122530
3122540
3122570
3122580
3122590
3122600
3122670
3122690
3122700
3122710
3122720
3122740
3122750
3122790
3122820
3122860
3122900
3122910
3122920
3122930
3122940
3122950
3122970
3122980
3122990
3123000
3123030
3123060
3123070
3123090
3123100
3123120
3123130
3123170
3123230
3123250
3123290
3123310
3123320
3123410
3123420
3123450
3123460
3123520
3123540
3123580
3123610
3123630
3123650
3123670
3123700
3123770
3123780
3123790
3123800
3123830
3123880
3123920
3123980
3123990
3124000
3124020
3124030
3124050
3124080
3124100
3124130
3124190
3124200
3124210
3124230
3124310
3124320
3124330
3124340
3124370
3124380
3124390
3124460
3124470
3124480
3124540
3124550
3124670
3124710
3124740
3124760
3124770
3124780
3124790
3124810
3124820
3124840
3124850
3124860
3124870
3124910
3124920
3124970
3125030
3125050
3125070
3125080
3125090
3125120
3125140
3125150
3125230
3125250
3125260
3125270
3125300
3125310
3125320
3125350
3125370
3125400
3125410
3125430
3125460
3125500
3125530
3125540
3125550
3125560
3125570
3125590
3125600
3125620
3125640
3125650
3125690
3125700
3125710
3125730
3125750
3125760
3125820
3125830
3125850
3125860
3125880
3125890
3125910
3125920
3125930
3125970
3126050
3126090
3126110
3126140
3126150
3126160
3126170
3126200
3126210
3126220
3126230
3126240
3126270
3126280
3126290
3126300
3126320
3126330
3126340
3126380
3126410
3126420
3126440
3126470
3126480
3126490
3126500
3126520
3126530
3126560
3126590
3126620
3126650
3126660
3126790
3126820
3126860
3126880
3126890
3126900
3126980
3126990
3127000
3127030
3127100
3127110
3127230
3127240
3127270
3127280
3127290
3127320
3127350
3127360
3127380
3127440
3127480
3127520
3127540
3127570
3127600
3127610
3127620
3127630
3127640
3127650
3127670
3127690
3127710
3127740
3127750
3127760
3127770
3127780
3127870
3127880
3127910
3128000
3128010
3128040
3128060
3128080
3128150
3128190
3128220
3128240
3128270
3128280
3128310
3128360
3128440
3128470
3128520
3128530
3128560
3128570
3128580
3128590
3128610
3128680
3128730
3128740
3128770
3128780
3128830
3128840
3128940
3128950
3128980
3129000
3129010
3129020
3129080
3129110
3129150
3129170
3129180
3129220
3129280
3129310
3129330
3129350
3129360
3129370
3129400
3129420
3129570
3129590
3129650
3129720
3129760
3129770
3129780
3129790
3129820
3129900
3129910
3129920
3129930
3129950
3129970
3129980
3130080
3130110
3130120
3130160
3130170
3130220
3130340
3130390
3130400
3130420
3130430
3130440
3130660
3130670
3130690
3130720
3130730
3130760
3130780
3130800
3130830
3130860
3130880
3130890
3130920
3130940
3130950
3130960
3130980
3131240
3131250
3131260
3131280
3131290
3131310
3131340
3131400
3131510
3131560
3131610
3131620
3131640
3131680
3131690
3131700
3131770
3131780
3131800
3131880
3131910
3131930
3131970
3131980
3132000
3132010
3132090
3132110
3132160
3132170
3132180
3132210
3132240
3132250
3132270
3132310
3132330
3132340
3132440
3132460
3132570
3132580
3132610
3132630
3132640
3132670
3132700
3132770
3132780
3132830
3132860
3132870
3132910
3132930
3132950
3132970
3133020
3133060
3133110
3133120
3133130
3133140
3133150
3133180
3133210
3133220
3133250
3133270
3133300
3133320
3133340
3133380
3133390
3133400
3133410
3133420
3133440
3133480
3133500
3133530
3133560
3133570
3133580
3133590
3133600
3133610
3133640
3133650
3133670
3133710
3133740
3133760
3133790
3133870
3133930
3133950
3134010
3134030
3134050
3134120
3134130
3134140
3134280
3134380
3134390
3134480
3134490
3134530
3134540
3134550
3134560
3134570
3134580
3134590
3134670
3134690
3134710
3134730
3134740
3134750
3134760
3134780
3134790
3134810
3134820
3134830
3134840
3134870
3134880
3134910
3134920
3134940
3134990
3135010
3135030
3135050
3135070
3135090
3135110
3135150
3135160
3135170
3135200
3135220
3135240
3135250
3135260
3135270
3135350
3135380
3135400
3135410
3135450
3135490
3135500
3135530
3135540
3135550
3135570
3135580
3135600
3135610
3135620
3135630
3135640
3135690
3135800
3135830
3135840
3135850
3135870
3135880
3135890
3135900
3135910
3135920
3135930
3135970
3135980
3135990
3136000
3136020
3136030
3136040
3136070
3136090
3136130
3136140
3136150
3136160
3136170
3136180
3136190
3136220
3136230
3136250
3136260
3136270
3136300
3136310
3136320
3136330
3136340
3136350
3136380
3136400
3136420
3136450
3136460
3136490
3136510
3136530
3136540
3136550
3136560
3136570
3136590
3136690
3136740
3136850
3136880
3136890
3136930
3137000
3137010
3137040
3137050
3137070
3137100
3137110
3137130
3137150
3137160
3137190
3137220
3137240
3137290
3137300
3137310
3137320
3137340
3137350
3137370
3137450
3137460
3137500
3137510
3137520
3137530
3137550
3137560
3137640
3137670
3137690
3137740
3137780
3137800
3137820
3137840
3137880
3137910
3137930
3137960
3138010
3138020
3138060
3138090
3138100
3138120
3138140
3138170
3138210
3138220
3138230
3138270
3138280
3138350
3138360
3138370
3138380
3138400
3138410
3138420
3138430
3138440
3138460
3138480
3138500
3138510
3138520
3138560
3138570
3138580
3138610
3138640
3138660
3138680
3138690
3138760
3138780
3138790
3138800
3138840
3138890
3138910
3138940
3138970
3138980
3139060
3139070
3139120
3139140
3139160
3139180
3139190
3139250
3139260
3139270
3139280
3139290
3139370
3139380
3139390
3139430
3139440
3139470
3139480
3139500
3139510
3139530
3139540
3139550
3139560
3139570
3139580
3139610
3139620
3139640
3139670
3139680
3139690
3139720
3139730
3139760
3139930
3140050
3140060
3140100
3140110
3140120
3140130
3140160
3140170
3140180
3140190
3140230
3140250
3140290
3140330
3140340
3140360
3140410
3140420
3140430
3140540
3140550
3140620
3140660
3140710
3140720
3140740
3140750
3140780
3140800
3140810
3140860
3140900
3140910
3140920
3140980
3140990
3141000
3141020
3141070
3141080
3141090
3141120
3141130
3141140
3141170
3141220
3141240
3141250
3141270
3141280
3141300
3141310
3141330
3141340
3141360
3141380
3141390
3141420
3141480
3141500
3141520
3141530
3141540
3141580
3141630
3141720
3141750
3141840
3141860
3141870
3141890
3141900
3141910
3141960
3141990
3142050
3142060
3142130
3142140
3142170
3142230
3142280
3142290
3142400
3142470
3142500
3142570
3142580
3142590
3142630
3142760
3142780
3142790
3142800
3142820
3142840
3142860
3142890
3142900
3142910
3142930
3142940
3142980
3143000
3143080
3143090
3143100
3143110
3143130
3143190
3143200
3143290
3143300
3143310
3143470
3143490
3143510
3143520
3143530
3143540
3143550
3143560
3143570
3143580
3143620
3143660
3143700
3143730
3143740
3143750
3143760
3143780
3143790
3143800
3143810
3143830
3143840
3143850
3143860
3143880
3143910
3143920
3143930
3143970
3143980
3143990
3144000
3144010
3144030
3144050
3144060
3144070
3144080
3144090
3144110
3144120
3144130
3144140
3144160
3144180
3144190
3144230
3144240
3144340
3144370
3144380
3144400
3144410
3144430
3144440
3144450
3144460
3144490
3144500
3144510
3144520
3144530
3144540
3144640
3144660
3144680
3144700
3144710
3144720
3144740
3144750
3144760
3144770
3144860
3144910
3144950
3145050
3145060
3145070
3145100
3145190
3145230
3145260
3145320
3145340
3145350
3145370
3145440
3145480
3145510
3145520
3145540
3145560
3145570
3145580
3145600
3145620
3145630
3145650
3145670
3145680
3145740
3145750
3145780
3145790
3145800
3145810
3145830
3145850
3145860
3145930
3145940
3145960
3146010
3146050
3146060
3146100
3146120
3146140
3146250
3146270
3146280
3146320
3146340
3146390
3146400
3146440
3146450
3146490
3146500
3146510
3146520
3146540
3146550
3146560
3146580
3146590
3146610
3146620
3146630
3146640
3146670
3146680
3146690
3146700
3146710
3146730
3146740
3146770
3146780
3146840
3146880
3146900
3146930
3146980
3147040
3147090
3147100
3147130
3147140
3147150
3147170
3147190
3147200
3147220
3147230
3147240
3147250
3147260
3147300
3147350
3147370
3147380
3147390
3147430
3147470
3147480
3147510
3147520
3147540
3147550
3147560
3147600
3147610
3147620
3147650
3147660
3147690
3147700
3147710
3147720
3147730
3147770
3147780
3147820
3147830
3147840
3147850
3147870
3147890
3147900
3147920
3147930
3147940
3147950
3147960
3147970
3147980
3148010
3148050
3148060
3148080
3148090
3148100
3148110
3148130
3148160
3148170
3148200
3148210
3148240
3148270
3148300
3148360
3148390
3148400
3148420
3148430
3148470
3148480
3148490
3148500
3148510
3148550
3148560
3148590
3148600
3148650
3148660
3148670
3148770
3148790
3148800
3148810
3148840
3148860
3148880
3148890
3148900
3148930
3148940
3148950
3149010
3149050
3149100
3149120
3149150
3149170
3149180
3149200
3149250
3149260
3149270
3149310
3149330
3149340
3149360
3149370
3149430
3149440
3149460
3149490
3149500
3149510
3149520
3149530
3149550
3149560
3149600
3149660
3149680
3149720
3149730
3149750
3149800
3149810
3149820
3149830
3149840
3149850
3149860
3149870
3149910
3149940
3149950
3149960
3149970
3149980
3150000
3150020
3150030
3150040
3150050
3150060
3150090
3150150
3150160
3150170
3150210
3150240
3150260
3150300
3150310
3150320
3150390
3150410
3150420
3150440
3150450
3150460
3150480
3150490
3150510
3150530
3150540
3150600
3150610
3150620
3150650
3150660
3150690
3150710
3150720
3150730
3150770
3150780
3150790
3150960
3150970
3151000
3151010
3151020
3151030
3151040
3151100
3151110
3151130
3151140
3151160
3151220
3151230
3151240
3151250
3151270
3151290
3151300
3151330
3151340
3151350
3151360
3151380
3151400
3151420
3151450
3151500
3151510
3151530
3151560
3151570
3151600
3151660
3151670
3151680
3151690
3151700
3151710
3151760
3151800
3151820
3151830
3151840
3151850
3151860
3151870
3151880
3151900
3151920
3151930
3151940
3151980
3152020
3152060
3152090
3152110
3152120
3152150
3152170
3152200
3152220
3152230
3152280
3152290
3152310
3152320
3152330
3152370
3152380
3152390
3152430
3152440
3152460
3152500
3152530
3152540
3152590
3152600
3152630
3152650
3152660
3152690
3152700
3152710
3152720
3152740
3152750
3152830
3152880
3152900
3152940
3152960
3152970
3153020
3153030
3153080
3153090
3153100
3153130
3153140
3153170
3153190
3153200
3153240
3153250
3153280
3153360
3153450
3153550
3153610
3153620
3153640
3153690
3153760
3153770
3153790
3153870
3153890
3153900
3153910
3153920
3153940
3153950
3153960
3154130
3154150
3154190
3154210
3154240
3154270
3154330
3154340
3154360
3154390
3154450
3154460
3154470
3154490
3154510
3154520
3154550
3154590
3154600
3154610
3154620
3154640
3154650
3154660
3154670
3154690
3154800
3154840
3154850
3154870
3154890
3154910
3154940
3154950
3155010
3155030
3155080
3155100
3155170
3155180
3155270
3155290
3155300
3155310
3155320
3155390
3155430
3155540
3155560
3155570
3155580
3155590
3155610
3155630
3155660
3155670
3155690
3155710
3155760
3155770
3155780
3155800
3155810
3155830
3155840
3155930
3155960
3155970
3155980
3156000
3156010
3156020
3156050
3156070
3156080
3156100
3156110
3156120
3156210
3156230
3156240
3156270
3156330
3156360
3156370
3156420
3156430
3156440
3156450
3156510
3156530
3156550
3156590
3156640
3156670
3156680
3156700
3156720
3156730
3156770
3156800
3156820
3156830
3156910
3156920
3156950
3156970
3157000
3157010
3157070
3157080
3157160
3157170
3157220
3157260
3157280
3157290
3157310
3157320
3157360
3157380
3157420
3157530
3157540
3157550
3157670
3157680
3157700
3157750
3157790
3157800
3157810
3157820
3157850
3157870
3157890
3157910
3157920
3157930
3157950
3158010
3158040
3158060
3158070
3158080
3158110
3158160
3158200
3158220
3158260
3158270
3158280
3158290
3158370
3158380
3158390
3158430
3158450
3158460
3158470
3158480
3158500
3158540
3158600
3158620
3158630
3158770
3158810
3158840
3158850
3158860
3158870
3158950
3158980
3158990
3159000
3159010
3159040
3159050
3159060
3159090
3159120
3159130
3159140
3159150
3159290
3159310
3159320
3159330
3159350
3159380
3159440
3159460
3159560
3159570
3159620
3159640
3159680
3159710
3159740
3159750
3159760
3159770
3159780
3159790
3159800
3159810
3159840
3159850
3159860
3159880
3159890
3159900
3159920
3159930
3159940
3159960
3159970
3159990
3160030
3160050
3160060
3160070
3160080
3160090
3160110
3160120
3160140
3160160
3160170
3160180
3160230
3160240
3160250
3160260
3160280
3160300
3160360
3160400
3160410
3160420
3160440
3160450
3160460
3160470
3160490
3160500
3160510
3160520
3160540
3160550
3160560
3160570
3160580
3160640
3160660
3160710
3160720
3160730
3160770
3160790
3160840
3160850
3160880
3160910
3160920
3160950
3160980
3161010
3161050
3161060
3161140
3161170
3161180
3161190
3161210
3161220
3161230
3161260
3161270
3161280
3161290
3161310
3161320
3161340
3161350
3161400
3161410
3161420
3161430
3161440
3161450
3161460
3161510
3161520
3161530
3161540
3161550
3161570
3161590
3161610
3161690
3161710
3161760
3161780
3161850
3161870
3161920
3161930
3161940
3161950
3161960
3161990
3162000
3162020
3162030
3162050
3162060
3162090
3162110
3162120
3162140
3162170
3162190
3162230
3162240
3162260
3162270
3162280
3162290
3162310
3162340
3162350
3162390
3162550
3162630
3162650
3162670
3162700
3162740
3162750
3162780
3162790
3162800
3162810
3162820
3162840
3162850
3162880
3162890
3162900
3162920
3163070
3163110
3163120
3163160
3163170
3163190
3163210
3163310
3163320
3163360
3163370
3163400
3163420
3163460
3163470
3163480
3163540
3163550
3163560
3163570
3163580
3163610
3163620
3163650
3163660
3163690
3163710
3163730
3163740
3163760
3163770
3163790
3163840
3163860
3163880
3163890
3163900
3163910
3163960
3163980
3164030
3164060
3164070
3164120
3164130
3164160
3164190
3164210
3164230
3164260
3164290
3164310
3164320
3164330
3164360
3164370
3164380
3164390
3164400
3164410
3164440
3164460
3164490
3164500
3164520
3164530
3164560
3164570
3164600
3164640
3164680
3164710
3164730
3164740
3164760
3164790
3164800
3164820
3164830
3164850
3164860
3164900
3164910
3164920
3164950
3164960
3164970
3165040
3165050
3165060
3165090
3165100
3165110
3165120
3165130
3165200
3165210
3165230
3165280
3165290
3165300
3165310
3165320
3165330
3165340
3165350
3165370
3165400
3165420
3165460
3165470
3165490
3165500
3165510
3165520
3165530
3165590
3165610
3165620
3165640
3165650
3165680
3165700
3165710
3165740
3165800
3165810
3165830
3165880
3165890
3166030
3166040
3166050
3166070
3166110
3166120
3166130
3166140
3166150
3166160
3166200
3166220
3166250
3166340
3166420
3166430
3166480
3166490
3166520
3166590
3166610
3166630
3166660
3166730
3166750
3166810
3166850
3166900
3166910
3166920
3166930
3166940
3166950
3166960
3166980
3166990
3167000
3167020
3167100
3167130
3167180
3167210
3167220
3167260
3167280
3167320
3167360
3167400
3167410
3167450
3167480
3167520
3167540
3167550
3167610
3167660
3167690
3167710
3167730
3167750
3167760
3167800
3167810
3167820
3167860
3167920
3167930
3167950
3167960
3167970
3167980
3167990
3168110
3168120
3168180
3168200
3168230
3168240
3168260
3168300
3168310
3168350
3168370
3168390
3168400
3168410
3168450
3168490
3168520
3168560
3168590
3168600
3168610
3168620
3168640
3168650
3168670
3168690
3168710
3168720
3168750
3168810
3168820
3168830
3168880
3168890
3168930
3169000
3169010
3169030
3169040
3169060
3169070
3169080
3169090
3169150
3169170
3169180
3169210
3169250
3169270
3169290
3169300
3169310
3169320
3169330
3169360
3169390
3169450
3169510
3169520
3169570
3169580
3169590
3169600
3169610
3169620
3169630
3169660
3169670
3169700
3169750
3169760
3169780
3169790
3169840
3169850
3169890
3169910
3169930
3169960
3170020
3170060
3170080
3170110
3170130
3170140
3170160
3170170
3170250
3170270
3170330
3170350
3170360
3170390
3170410
3170450
3170490
3170540
3170550
3170560
3170570
3170580
3170590
3170640
3170660
3170670
3170690
3170700
3170720
3170730
3170770
3170790
3170800
3170810
3170830
3170840
3170850
3170880
3170930
3170970
3170980
3171060
3171080
3171090
3171160
3171170
3171180
3171230
3171240
3171300
3171340
3171380
3171440
3171450
3171460
3171480
3171490
3171500
3171510
3171520
3171530
3171540
3171560
3171590
3171620
3171630
3171650
3171740
3171760
3171780
3171790
3171810
3171890
3171900
3171910
3171930
3172040
3172050
3172090
3172130
3172140
3172160
3172250
3172270
3172280
3172290
3172300
3172310
3172330
3172380
3172400
3172410
3172420
3172430
3172440
3172450
3172460
3172470
3172480
3172490
3172530
3172540
3172550
3172570
3172590
3172600
3172620
3172640
3172670
3172680
3172690
3172700
3172720
3172750
3172760
3172770
3172790
3172800
3172820
3172830
3172860
3172880
3172990
3173000
3173050
3173070
3173100
3173110
3173120
3173130
3173160
3173200
3173220
3173250
3173270
3173300
3173310
3173320
3173400
3173410
3173430
3173440
3173460
3173480
3173530
3173540
3173550
3173560
3173620
3173670
3173690
3173710
3173740
3173780
3173870
3173890
3173900
3173920
3173930
3173940
3173960
3173970
3173980
3174040
3174070
3174110
3174140
3174160
3174170
3174280
3174310
3174330
3174340
3174380
3174390
3174400
3174410
3174420
3174430
3174440
3174480
3174490
3174500
3174510
3174540
3174620
3174670
3174720
3174740
3174770
3174780
3174790
3174810
3174820
3174830
3174860
3174920
3174950
3174960
3175000
3175020
3175040
3175050
3175130
3175140
3175180
3175190
3175230
3175270
3175290
3175300
3175310
3175380
3175390
3175410
3175440
3175450
3175460
3175510
3175530
3175580
3175630
3175650
3175670
3175690
3175700
3175720
3175740
3175790
3175860
3175890
3175900
3175910
3175920
3175930
3175950
3175990
3176050
3176060
3176070
3176080
3176160
3176190
3176250
3176280
3176290
3176310
3176320
3176330
3176420
3176450
3176460
3176470
3176490
3176500
3176520
3176560
3176580
3176710
3176720
3176740
3176750
3176770
3176780
3176790
3176800
3176810
3176820
3176830
3176850
3176880
3176890
3176940
3176950
3176970
3176980
3177010
3177030
3177050
3177070
3177130
3177160
3177180
3177200
3177210
3177240
3177280
3177320
3177330
3177340
3177380
3177400
3177430
3177450
3177510
3177550
3177590
3177650
3177660
3177670
3177690
3177710
3177730
3177740
3177760
3177800
3177810
3177820
3177870
3177890
3177920
3177970
3178020
3178030
3178350
3178630
3178640
3178650
3178660
3178670
3178760
3178820
3178830
3178880
3178890
3178900
3178910
3178920
3178930
3178950
3178970
3179010
3179020
3179050
3179120
3179130
3179140
3179160
3179170
3179200
3179260
3179280
3179320
3179330
3179350
3179360
3179370
3179450
3179460
3179490
3179510
3179530
3179710
3179720
3179730
3179740
3179750
3179770
3179780
3179810
3179820
3179830
3179840
3179850
3179860
3179870
3179880
3179900
3179950
3179960
3179990
3180000
3180060
3180070
3180150
3180170
3180240
3180270
3180280
3180290
3180310
3180340
3180400
3180410
3180420
3180440
3180450
3180460
3180470
3180480
3180500
3180510
3180520
3180570
3180610
3180640
3180670
3180680
3180690
3180700
3180750
3180760
3180780
3180800
3180810
3180830
3180860
3180960
3180970
3181120
3181150
3181160
3181200
3181220
3181240
3181260
3181290
3181350
3181400
3181420
3181430
3181470
3181630
3181650
3181660
3181670
3181720
3181730
3181770
3181780
3181790
3181830
3181850
3181860
3181870
3181890
3181940
3181950
3181960
3181980
3182020
3182030
3182050
3182140
3182150
3182170
3182180
3182200
3182210
3182230
3182240
3182270
3182280
3182290
3182320
3182330
3182340
3182350
3182360
3182370
3182390
3182400
3182420
3182530
3182560
3182570
3182600
3182730
3182750
3182800
3182820
3182870
3182910
3182930
3182950
3182960
3182990
3183020
3183030
3183080
3183090
3183100
3183120
3183170
3183200
3183210
3183220
3183230
3183240
3183250
3183260
3183270
3183280
3183320
3183330
3183350
3183360
3183400
3183410
3183420
3183430
3183440
3183450
3183480
3183500
3183530
3183540
3183600
3183640
3183660
3183700
3183730
3183760
3183790
3183800
3183840
3183850
3183860
3183870
3183880
3183900
3183910
3183920
3183930
3183950
3183960
3183970
3183980
3183990
3184080
3184110
3184130
3184160
3184170
3184210
3184250
3184270
3184290
3184310
3184420
3184440
3184460
3184480
3184510
3184550
3184570
3184580
3184590
3184620
3184640
3184670
3184700
3184710
3184720
3184730
3184780
3184840
3184880
3184940
3184960
3184970
3184990
3185000
3185010
3185020
3185060
3185070
3185100
3185140
3185170
3185180
3185200
3185230
3185260
3185300
3185400
3185420
3185460
3185480
3185490
3185510
3185520
3185530
3185540
3185600
3185610
3185720
3185750
3185770
3185780
3185790
3185820
3185840
3185860
3185880
3185890
3185900
3185940
3186040
3186070
3186080
3186120
3186130
3186150
3186180
3186200
3186220
3186230
3186250
3186260
3186280
3186300
3186340
3186370
3186420
3186440
3186480
3186640
3186680
3186760
3186770
3186780
3186790
3186810
3186840
3186930
3186950
3186990
3187000
3187010
3187080
3187090
3187120
3187200
3187300
3187330
3187360
3187380
3187400
3187470
3187490
3187510
3187530
3187540
3187550
3187580
3187610
3187640
3187650
3187680
3187700
3187710
3187730
3187740
3187760
3187770
3187790
3187800
3187850
3187870
3187880
3187890
3187960
3188050
3188090
3188340
3188350
3188360
3188400
3188430
3188460
3188470
3188480
3188490
3188510
3188530
3188550
3188590
3188600
3188650
3188660
3188690
3188730
3188750
3188810
3188830
3188840
3188880
3188910
3188920
3188960
3188970
3189010
3189020
3189030
3189070
3189100
3189110
3189140
3189150
3189180
3189190
3189320
3189340
3189350
3189430
3189440
3189460
3189470
3189480
3189560
3189570
3189580
3189650
3189660
3189670
3189680
3189710
3189770
3189780
3189790
3189800
3189810
3189820
3189850
3189870
3189880
3189890
3189900
3189930
3189950
3190340
3190350
3190380
3190420
3190430
3190440
3190480
3190510
3190530
3190540
3190560
3190570
3190580
3190590
3190610
3190620
3190630
3190700
3190720
3190730
3190760
3190810
3190840
3190870
3190910
3190950
3190990
3191010
3191020
3191030
3191050
3191070
3191110
3191140
3191150
3191160
3191170
3191200
3191230
3191240
3191280
3191300
3191310
3191320
3191340
3191370
3191390
3191400
3191420
3191470
3191490
3191500
3191510
3191530
3191540
3191550
3191580
3191600
3191610
3191620
3191630
3191680
3191700
3191710
3191720
3191740
3191770
3191800
3191860
3191880
3191920
3191930
3191940
3191950
3191960
3191970
3191990
3192000
3192010
3192020
3192050
3192080
3192100
3192110
3192120
3192130
3192140
3192150
3192160
3192210
3192260
3192280
3192290
3192300
3192310
3192330
3192340
3192350
3192360
3192390
3192410
3192490
3192510
3192540
3192550
3192560
3192590
3192600
3192610
3192630
3192640
3192650
3192660
3192670
3192680
3192720
3192770
3192800
3192810
3192840
3192860
3192880
3192910
3192930
3192940
3192950
3192960
3192970
3192980
3193010
3193060
3193270
3193290
3193300
3193310
3193330
3193350
3193390
3193470
3193490
3193500
3193510
3193520
3193540
3193560
3193620
3193630
3193640
3193650
3193670
3193680
3193700
3193730
3193750
3193770
3193780
3193800
3193830
3193920
3193980
3193990
3194000
3194070
3194080
3194090
3194110
3194120
3194140
3194150
3194160
3194220
3194300
3194310
3194340
3194360
3194380
3194390
3194400
3194410
3194420
3194440
3194460
3194500
3194510
3194550
3194600
3194610
3194650
3194660
3194690
3194720
3194740
3194760
3194800
3194810
3194840
3194860
3194870
3194890
3194900
3194910
3194940
3194950
3194960
3194970
3194990
3195010
3195020
3195070
3195150
3195180
3195250
3195260
3195310
3195320
3195330
3195350
3195360
3195370
3195400
3195440
3195450
3195470
3195530
3195540
3195580
3195650
3195660
3195690
3195710
3195720
3195790
3195840
3195920
3195980
3195990
3196020
3196030
3196040
3196060
3196080
3196110
3196120
3196150
3196160
3196180
3196190
3196270
3196290
3196310
3196320
3196330
3196340
3196360
3196370
3196380
3196390
3196400
3196440
3196460
3196500
3196510
3196520
3196530
3196540
3196550
3196570
3196590
3196620
3196680
3196730
3196740
3196750
3196770
3196780
3196800
3196810
3196820
3196830
3196840
3196850
3196890
3196910
3196940
3196980
3197000
3197050
3197060
3197100
3197170
3197180
3197190
3197200
3197210
3197220
3197230
3197330
3197360
3197370
3197400
3197450
3197480
3197490
3197540
3197550
3197560
3197590
3197600
3197610
3197640
3197650
3197670
3197680
3197690
3197700
3197710
3197720
3197730
3197780
3197810
3197860
3197890
3197930
3197940
3197950
3198120
3198140
3198190
3198210
3198220
3198230
3198240
3198250
3198260
3198270
3198290
3198300
3198320
3198360
3198400
3198410
3198430
3198460
3198470
3198480
3198490
3198530
3198540
3198610
3198630
3198640
3198680
3198700
3198750
3198760
3198820
3198850
3198880
3198890
3198900
3198940
3198960
3198970
3198990
3199000
3199040
3199080
3199110
3199120
3199170
3199180
3199190
3199200
3199210
3199280
3199360
3199370
3199380
3199390
3199400
3199430
3199440
3199470
3199490
3199500
3199530
3199540
3199560
3199570
3199590
3199610
3199650
3199660
3199740
3199760
3199860
3199890
3199900
3199910
3199930
3199960
3200020
3200030
3200060
3200090
3200110
3200120
3200130
3200140
3200150
3200160
3200190
3200200
3200210
3200220
3200240
3200260
3200290
3200310
3200380
3200460
3200470
3200480
3200500
3200520
3200530
3200540
3200580
3200590
3200600
3200620
3200640
3200650
3200670
3200690
