2055740
2055770
2055790
2055820
2055910
2056030
2056090
2056110
2056130
2056150
2056160
2056180
2056190
2056200
2056210
2056220
2056310
2056320
2056340
2056370
2056420
2056430
2056480
2056490
2056510
2056530
2056550
2056560
2056570
2056640
2056690
2056700
2056750
2056780
2056800
2056830
2056840
2056880
2056890
2056910
2056920
2056960
2056970
2056990
2057000
2057030
2057070
2057080
2057110
2057120
2057170
2057220
2057300
2057310
2057360
2057400
2057430
2057460
2057490
2057500
2057550
2057610
2057620
2057690
2057720
2057760
2057770
2057790
2057820
2057830
2057840
2057850
2057860
2057970
2057980
2058000
2058030
2058050
2058060
2058070
2058090
2058100
2058120
2058130
2058140
2058150
2058170
2058180
2058190
2058200
2058210
2058220
2058230
2058250
2058260
2058270
2058310
2058320
2058340
2058360
2058370
2058380
2058420
2058430
2058460
2058500
2058510
2058530
2058540
2058570
2058660
2058670
2058680
2058690
2058730
2058750
2058800
2058850
2058890
2058910
2058920
2058960
2058970
2058980
2059060
2059070
2059090
2059160
2059170
2059200
2059210
2059250
2059260
2059270
2059280
2059290
2059300
2059310
2059330
2059340
2059350
2059390
2059480
2059490
2059530
2059550
2059570
2059600
2059630
2059650
2059660
2059670
2059690
2059740
2059760
2059790
2059810
2059960
2059980
2060000
2060110
2060130
2060150
2060160
2060170
2060230
2060240
2060320
2060410
2060450
2060470
2060480
2060510
2060520
2060530
2060540
2060550
2060580
2060590
2060670
2060730
2060740
2060750
2060760
2060780
2060790
2060870
2060970
2061000
2061010
2061020
2061030
2061040
2061050
2061060
2061090
2061100
2061140
2061150
2061230
2061250
2061260
2061270
2061280
2061290
2061300
2061340
2061420
2061430
2061440
2061460
2061510
2061540
2061580
2061620
2061630
2061710
2061720
2061750
2061780
2061820
2061850
2061930
2061980
2062020
2062030
2062050
2062100
2062110
2062130
2062140
2062150
2062160
2062170
2062190
2062210
2062220
2062270
2062300
2062330
2062350
2062380
2062390
2062420
2062430
2062440
2062480
2062520
2062550
2062600
2062610
2062630
2062650
2062660
2062690
2062710
2062750
2062770
2062780
2062790
2062800
2062820
2062830
2062840
2062860
2062870
2062900
2062910
2062920
2062930
2062940
2062970
2062990
2063000
2063010
2063020
2063050
2063090
2063110
2063120
2063140
2063170
2063180
2063210
2063220
2063230
2063240
2063260
2063270
2063290
2063310
2063340
2063370
2063390
2063400
2063420
2063430
2063450
2063480
2063510
2063530
2063560
2063580
2063610
2063630
2063660
2063680
2063690
2063700
2063710
2063720
2063730
2063790
2063800
2063850
2063870
2063890
2063900
2063930
2063950
2063960
2063970
2063990
2064000
2064040
2064090
2064100
2064150
2064160
2064180
2064190
2064230
2064270
2064310
2064320
2064370
2064380
2064410
2064470
2064490
2064500
2064550
2064570
2064610
2064650
2064670
2064700
2064710
2064810
2064820
2064830
2064850
2064870
2064950
2064970
2065000
2065010
2065090
2065100
2065110
2065170
2065180
2065200
2065250
2065260
2065280
2065330
2065340
2065400
2065420
2065440
2065490
2065510
2065520
2065560
2065570
2065580
2065610
2065630
2065670
2065710
2065720
2065750
2065770
2065780
2065800
2065810
2065820
2065830
2065840
2065860
2065870
2065890
2065920
2065930
2065970
2065990
2066000
2066020
2066030
2066110
2066160
2066170
2066200
2066210
2066220
2066230
2066240
2066270
2066300
2066320
2066330
2066360
2066370
2066380
2066420
2066430
2066460
2066490
2066520
2066530
2066540
2066550
2066600
2066610
2066680
2066690
2066730
2066740
2066780
2066870
2066920
2066940
2066950
2066960
2066980
2067000
2067020
2067030
2067050
2067070
2067120
2067140
2067150
2067160
2067200
2067210
2067220
2067230
2067240
2067260
2067270
2067280
2067300
2067310
2067330
2067350
2067430
2067460
2067470
2067490
2067570
2067590
2067610
2067640
2067670
2067680
2067700
2067720
2067730
2067750
2067760
2067770
2067780
2067790
2067820
2067850
2067890
2067900
2067910
2067920
2067930
2067940
2067950
2067960
2067970
2068030
2068040
2068050
2068080
2068090
2068100
2068110
2068120
2068130
2068140
2068180
2068190
2068200
2068210
2068220
2068230
2068260
2068280
2068350
2068360
2068370
2068380
2068390
2068400
2068410
2068460
2068480
2068520
2068550
2068560
2068630
2068650
2068660
2068680
2068690
2068700
2068710
2068750
2068820
2068840
2068850
2068880
2068890
2068970
2068980
2068990
2069010
2069020
2069030
2069040
2069060
2069090
2069110
2069160
2069170
2069180
2069190
2069220
2069250
2069260
2069310
2069330
2069340
2069350
2069380
2069410
2069420
2069480
2069500
2069520
2069540
2069550
2069560
2069580
2069630
2069640
2069680
2069710
2069720
2069730
2069750
2069760
2069800
2069820
2069900
2069920
2069930
2069960
2069990
2070000
2070030
2070060
2070120
2070140
2070160
2070170
2070180
2070190
2070210
2070220
2070250
2070270
2070280
2070340
2070380
2070400
2070410
2070420
2070440
2070510
2070540
2070550
2070560
2070580
2070640
2070700
2070750
2070830
2070850
2070860
2070880
2070920
2070930
2070940
2070970
2071020
2071030
2071040
2071050
2071060
2071100
2071120
2071200
2071220
2071240
2071260
2071270
2071280
2071290
2071300
2071340
2071350
2071360
2071390
2071400
2071420
2071430
2071440
2071460
2071490
2071500
2071510
2071520
2071530
2071540
2071550
2071560
2071600
2071620
2071630
2071710
2071720
2071730
2071770
2071790
2071800
2071870
2071980
2072030
2072040
2072080
2072090
2072110
2072130
2072140
2072150
2072160
2072170
2072190
2072230
2072260
2072330
2072340
2072360
2072400
2072420
2072430
2072450
2072480
2072520
2072540
2072550
2072560
2072580
2072600
2072610
2072620
2072640
2072660
2072680
2072690
2072730
2072780
2072820
2072830
2072840
2072880
2072890
2072910
2072950
2072970
2072980
2073010
2073030
2073040
2073050
2073110
2073140
2073150
2073220
2073250
2073280
2073320
2073330
2073370
2073410
2073420
2073450
2073470
2073490
2073520
2073530
2073550
2073560
2073570
2073580
2073590
2073600
2073620
2073630
2073640
2073710
2073750
2073760
2073790
2073820
2073830
2073850
2073870
2073880
2073900
2073910
2073950
2073960
2073970
2073980
2074000
2074010
2074040
2074050
2074120
2074130
2074140
2074150
2074190
2074200
2074260
2074310
2074320
2074330
2074360
2074370
2074390
2074400
2074440
2074460
2074470
2074480
2074490
2074500
2074520
2074530
2074540
2074550
2074560
2074580
2074600
2074620
2074630
2074690
2074700
2074710
2074740
2074750
2074760
2074780
2074790
2074800
2074810
2074840
2074850
2074870
2074890
2074900
2074910
2074920
2074940
2074970
2074980
2075020
2075040
2075050
2075070
2075090
2075100
2075110
2075120
2075130
2075160
2075170
2075210
2075220
2075230
2075240
2075250
2075260
2075280
2075340
2075370
2075390
2075410
2075460
2075470
2075480
2075490
2075510
2075540
2075580
2075590
2075600
2075630
2075640
2075650
2075660
2075680
2075720
2075750
2075760
2075770
2075800
2075820
2075840
2075900
2075920
2075930
2075960
2076010
2076030
2076070
2076100
2076140
2076150
2076200
2076210
2076220
2076230
2076240
2076250
2076260
2076290
2076310
2076320
2076390
2076430
2076450
2076480
2076490
2076500
2076510
2076520
2076540
2076550
2076580
2076600
2076630
2076650
2076660
2076670
2076720
2076730
2076740
2076800
2076810
2076820
2076830
2076840
2076850
2076860
2076890
2076910
2076920
2076950
2076970
2076980
2077020
2077040
2077050
2077060
2077070
2077080
2077100
2077110
2077120
2077130
2077150
2077170
2077180
2077190
2077200
2077230
2077270
2077310
2077330
2077340
2077370
2077380
2077400
2077430
2077460
2077490
2077530
2077550
2077580
2077590
2077610
2077650
2077660
2077670
2077680
2077700
2077720
2077750
2077770
2077800
2077860
2077870
2077890
2077910
2077930
2077940
2077950
2077970
2077990
2078010
2078040
2078070
2078160
2078200
2078210
2078230
2078280
2078290
2078350
2078360
2078370
2078410
2078450
2078460
2078480
2078500
2078510
2078530
2078540
2078580
2078600
2078610
2078640
2078650
2078680
2078710
2078780
2078790
2078810
2078820
2078830
2078850
2078910
2078930
2079000
2079020
2079080
2079110
2079130
2079150
2079160
2079180
2079210
2079230
2079240
2079260
2079280
2079290
2079370
2079380
2079400
2079410
2079430
2079460
2079480
2079500
2079520
2079530
2079540
2079570
2079580
2079590
2079600
2079610
2079640
2079680
2079690
2079710
2079800
2079810
2079820
2079860
2079890
2079920
2079930
2079950
2079960
2079980
2079990
2080010
2080020
2080060
2080070
2080090
2080100
2080130
2080140
2080160
2080170
2080210
2080240
2080250
2080280
2080290
2080300
2080380
2080420
2080450
2080470
2080480
2080490
2080510
2080560
2080570
2080580
2080620
2080640
2080690
2080700
2080800
2080820
2080880
2080890
2080900
2080930
2080940
2080950
2080960
2080970
2080980
2081080
2081090
2081170
2081180
2081220
2081230
2081240
2081290
2081300
2081310
2081340
2081350
2081360
2081390
2081400
2081420
2081430
2081460
2081470
2081490
2081500
2081540
2081590
2081600
2081610
2081630
2081640
2081670
2081720
2081730
2081760
2081770
2081790
2081800
2081810
2081830
2081860
2081880
2081930
2081960
2081970
2082000
2082040
2082060
2082160
2082170
2082210
2082230
2082260
2082270
2082290
2082300
2082310
2082320
2082350
2082410
2082420
2082440
2082510
2082520
2082530
2082540
2082560
2082570
2082580
2082620
2082650
2082690
2082700
2082720
2082730
2082790
2082840
2082860
2082880
2082900
2082940
2082950
2082960
2082980
2082990
2083000
2083010
2083030
2083060
2083100
2083120
2083160
2083180
2083210
2083220
2083240
2083250
2083310
2083320
2083330
2083360
2083380
2083410
2083430
2083440
2083450
2083470
2083490
2083540
2083560
2083580
2083600
2083630
2083640
2083650
2083660
2083670
2083680
2083690
2083700
2083730
2083790
2083800
2083830
2083840
2083850
2083860
2083870
2083890
2083900
2083910
2083920
2083940
2083960
2083990
2084000
2084010
2084030
2084040
2084050
2084070
2084080
2084090
2084100
2084110
2084170
2084180
2084190
2084210
2084220
2084230
2084240
2084250
2084260
2084270
2084300
2084330
2084360
2084380
2084410
2084430
2084440
2084450
2084460
2084470
2084510
2084520
2084580
2084590
2084620
2084660
2084720
2084740
2084820
2084880
2084930
2084940
2084960
2084970
2085000
2085020
2085040
2085080
2085100
2085120
2085140
2085160
2085230
2085270
2085290
2085310
2085320
2085330
2085360
2085370
2085410
2085440
2085450
2085460
2085490
2085510
2085540
2085550
2085580
2085600
2085610
2085620
2085640
2085660
2085760
2085790
2085800
2085860
2085870
2085890
2085910
2085920
2085970
2085980
2086050
2086060
2086090
2086120
2086130
2086140
2086150
2086180
2086190
2086270
2086280
2086320
2086360
2086370
2086380
2086390
2086420
2086430
2086440
2086450
2086460
2086490
2086540
2086560
2086570
2086580
2086640
2086680
2086690
2086720
2086740
2086760
2086780
2086790
2086800
2086810
2086820
2086840
2086850
2086880
2086890
2086910
2086970
2086980
2086990
2087000
2087010
2087030
2087070
2087080
2087150
2087180
2087200
2087230
2087260
2087290
2087300
2087320
2087350
2087360
2087370
2087390
2087430
2087440
2087450
2087460
2087470
2087480
2087500
2087510
2087610
2087630
2087640
2087840
2087850
2087860
2087880
2087910
2087920
2087940
2087960
2087980
2088000
2088020
2088030
2088070
2088080
2088120
2088160
2088170
2088210
2088230
2088240
2088250
2088270
2088280
2088290
2088300
2088330
2088340
2088360
2088400
2088420
2088430
2088440
2088450
2088460
2088520
2088540
2088550
2088570
2088590
2088600
2088630
2088650
2088660
2088670
2088680
2088710
2088720
2088730
2088750
2088770
2088810
2088840
2088850
2088900
2088910
2088920
2088930
2088960
2089000
2089040
2089060
2089070
2089080
2089120
2089140
2089170
2089180
2089230
2089250
2089280
2089330
2089340
2089350
2089450
2089460
2089480
2089490
2089500
2089510
2089520
2089530
2089590
2089600
2089620
2089630
2089640
2089710
2089750
2089770
2089780
2089790
2089820
2089830
2089890
2089920
2089980
2089990
2090030
2090040
2090050
2090100
2090130
2090140
2090150
2090160
2090170
2090180
2090200
2090210
2090220
2090300
2090370
2090390
2090400
2090450
2090460
2090480
2090580
2090600
2090630
2090640
2090650
2090660
2090700
2090760
2090800
2090810
2090830
2090840
2090890
2090960
2090980
2091020
2091030
2091080
2091130
2091150
2091160
2091190
2091220
2091230
2091240
2091250
2091280
2091300
2091350
2091370
2091380
2091410
2091490
2091500
2091510
2091520
2091530
2091540
2091580
2091620
2091630
2091640
2091650
2091680
2091700
2091720
2091730
2091740
2091750
2091760
2091770
2091790
2091800
2091810
2091820
2091830
2091840
2091850
2091880
2091890
2091910
2091920
2091930
2091960
2091980
2092000
2092010
2092030
2092040
2092070
2092090
2092130
2092140
2092160
2092170
2092180
2092190
2092240
2092260
2092270
2092330
2092340
2092390
2092480
2092510
2092520
2092530
2092560
2092620
2092660
2092670
2092700
2092710
2092730
2092750
2092790
2092820
2092840
2092850
2092970
2093000
2093010
2093020
2093050
2093060
2093070
2093100
2093110
2093220
2093250
2093270
2093290
2093300
2093330
2093340
2093380
2093390
2093410
2093420
2093460
2093490
2093510
2093520
2093540
2093550
2093580
2093590
2093610
2093630
2093640
2093650
2093680
2093750
2093760
2093780
2093800
2093850
2093860
2093870
2093900
2093910
2093920
2093940
2093950
2093960
2093970
2093980
2094000
2094070
2094090
2094120
2094150
2094160
2094170
2094180
2094190
2094200
2094210
2094220
2094230
2094250
2094270
2094290
2094300
2094320
2094340
2094350
2094370
2094380
2094390
2094440
2094480
2094520
2094540
2094550
2094570
2094580
2094600
2094610
2094620
2094640
2094650
2094660
2094720
2094730
2094740
2094750
2094760
2094780
2094850
2094890
2094900
2094910
2094920
2094930
2094950
2095010
2095030
2095040
2095060
2095070
2095080
2095090
2095100
2095120
2095130
2095140
2095150
2095170
2095180
2095220
2095230
2095250
2095260
2095290
2095300
2095330
2095340
2095350
2095420
2095430
2095440
2095450
2095460
2095480
2095490
2095510
2095540
2095560
2095570
2095600
2095620
2095650
2095740
2095770
2095800
2095830
2095840
2095870
2095880
2095890
2095900
2095910
2095930
2095960
2096020
2096030
2096040
2096050
2096070
2096080
2096120
2096130
2096150
2096170
2096180
2096190
2096210
2096220
2096250
2096260
2096280
2096300
2096380
2096390
2096400
2096450
2096480
2096500
2096510
2096540
2096560
2096570
2096580
2096600
2096610
2096620
2096630
2096640
2096650
2096660
2096670
2096680
2096710
2096720
2096730
2096740
2096780
2096800
2096820
2096860
2096930
2096960
2096980
2097030
2097090
2097100
2097130
2097150
2097160
2097170
2097180
2097190
2097200
2097210
2097230
2097260
2097410
2097470
2097480
2097490
2097520
2097540
2097550
2097570
2097620
2097630
2097670
2097720
2097730
2097740
2097750
2097770
2097790
2097810
2097830
2097840
2097850
2097860
2097880
2097890
2097900
2097910
2097920
2097930
2097950
2097960
2098010
2098040
2098070
2098080
2098090
2098100
2098120
2098130
2098150
2098160
2098170
2098210
2098250
2098280
2098290
2098330
2098350
2098360
2098370
2098390
2098450
2098470
2098530
2098540
2098550
2098560
2098600
2098670
2098690
2098720
2098760
2098790
2098820
2098830
2098840
2098860
2098870
2098890
2098920
2098930
2098940
2098950
2098960
2098970
2099000
2099010
2099030
2099040
2099050
2099060
2099080
2099090
2099110
2099120
2099140
2099150
2099180
2099190
2099220
2099240
2099270
2099280
2099290
2099310
2099320
2099330
2099350
2099370
2099390
2099400
2099420
2099430
2099440
2099510
2099520
2099570
2099610
2099630
2099650
2099670
2099680
2099690
2099730
2099750
2099790
2099830
2099880
2099900
2099910
2099920
2099940
2099990
2100010
2100020
2100040
2100050
2100080
2100090
2100100
2100130
2100140
2100150
2100160
2100170
2100190
2100200
2100230
2100270
2100280
2100300
2100310
2100320
2100340
2100360
2100390
2100410
2100440
2100460
2100470
2100500
2100510
2100560
2100590
2100600
2100620
2100640
2100650
2100710
2100720
2100730
2100760
2100780
2100790
2100810
2100830
2100840
2100880
2100940
2100970
2100980
2101060
2101070
2101100
2101110
2101130
2101180
2101190
2101220
2101250
2101260
2101270
2101280
2101290
2101330
2101340
2101350
2101360
2101390
2101410
2101420
2101440
2102180
2101470
2101480
2101490
2101590
2101600
2101610
2101620
2101630
2101650
2101660
2101680
2101690
2101710
2101730
2101740
2101750
2101760
2101800
2101840
2101850
2101880
2101890
2101960
2101980
2101990
2102000
2102020
2102040
2102060
2102070
2102080
2102110
2102130
2102180
2102200
2102220
2102230
2102240
2102300
2102320
2102330
2102400
2102410
2102420
2102440
2102450
2102460
2102470
2102480
2102490
2102500
2102520
2102530
2102540
2102550
2102590
2102610
2102640
2102670
2102680
2102700
2102750
2102760
2102770
2102810
2102870
2102880
2102930
2102940
2102970
2102980
2103000
2103020
2103070
2103090
2103110
2103130
2103140
2103150
2103160
2103180
2103190
2103200
2103210
2103230
2103240
2103270
2103290
2103300
2103320
2103340
2103350
2103370
2103390
2103400
2103440
2103470
2103480
2103500
2103510
2103530
2103590
2103620
2103630
2103640
2103660
2103670
2103680
2103690
2103710
2103930
2103940
2103950
2103960
2104010
2104050
2104060
2104110
2104120
2104260
2104270
2104310
2104320
2104340
2104390
2104400
2104430
2104440
2104450
2104460
2104520
2104530
2104560
2104570
2104600
2104610
2104670
2104680
2104710
2104750
2104760
2104770
2104780
2104820
2104850
2104860
2104880
2104890
2104910
2104920
2104970
2104990
2105000
2105010
2105020
2105060
2105070
2105090
2105120
2105130
2105140
2105170
2105230
2105250
2105260
2105360
2105370
2105400
2105430
2105440
2105450
2105460
2105470
2105480
2105500
2105510
2105530
2105600
2105610
2105620
2105660
2105670
2105680
2105690
2105700
2105730
2105750
2105760
2105770
2105840
2105850
2105860
2105880
2105890
2105910
2105940
2105960
2105980
2105990
2106030
2106040
2106080
2106110
2106150
2106170
2106200
2106230
2106280
2106290
2106340
2106390
2106420
2106450
2106490
2106520
2106530
2106560
2106590
2106600
2106610
2106620
2106650
2106670
2106680
2106720
2106730
2106760
2106770
2106810
2106820
2106840
2106860
2106910
2106930
2106960
2107030
2107040
2107060
2107080
2107090
2107100
2107130
2107150
2107170
2107180
2107220
2107270
2107280
2107290
2107300
2107400
2107420
2107440
2107460
2107470
2107480
2107520
2107540
2107550
2107580
2107590
2107640
2107650
2107710
2107740
2107770
2107780
2107800
2107810
2107820
2107860
2107870
2107920
2107930
2108060
2108080
2108110
2108180
2108210
2108270
2108290
2108310
2108370
2108400
2108410
2108420
2108430
2108440
2108520
2108560
2108580
2108600
2108610
2108640
2108650
2108730
2108750
2108760
2108800
2108820
2108840
2108870
2108950
2108980
2108990
2109010
2109020
2109030
2109060
2109070
2109090
2109150
2109160
2109270
2109330
2109360
2109370
2109380
2109390
2109400
2109420
2109430
2109440
2109460
2109510
2109530
2109570
2109600
2109620
2109630
2109640
2109650
2109660
2109700
2109710
2109720
2109750
2109770
2109800
2109830
2109840
2109850
2109860
2109870
2109880
2109930
2109950
2109980
2110000
2110110
2110150
2110240
2110300
2110320
2110390
2110430
2110440
2110460
2110510
2110520
2110540
2110550
2110600
2110610
2110630
2110690
2110700
2110710
2110740
2110760
2110820
2110840
2110890
2110930
2110990
2111000
2111010
2111020
2111040
2111060
2111070
2111080
2111090
2111170
2111190
2111200
2111210
2111220
2111230
2111300
2111340
2111360
2111370
2111390
2111400
2111410
2111420
2111430
2111440
2111470
2111480
2111490
2111520
2111540
2111550
2111590
2111600
2111610
2111630
2111660
2111710
2111750
2111760
2111770
2111870
2111900
2111920
2111980
2111990
2112080
2112090
2112140
2112150
2112160
2112170
2112200
2112210
2112260
2112270
2112290
2112310
2112330
2112360
2112370
2112380
2112420
2112500
2112520
2112530
2112540
2112550
2112560
2112570
2112580
2112610
2112680
2112730
2112740
2112750
2112760
2112780
2112810
2112820
2112830
2112880
2112910
2112920
2112930
2112980
2112990
2113000
2113010
2113030
2113040
2113050
2113070
2113110
2113120
2113140
2113150
2113170
2113180
2113190
2113200
2113210
2113220
2113230
2113250
2113270
2113290
2113300
2113330
2113350
2113370
2113410
2113420
2113450
2113460
2113470
2113490
2113500
2113530
2113540
2113550
2113570
2113580
2113590
2113600
2113630
2113650
2113660
2113680
2113690
2113710
2113750
2113770
2113790
2113810
2113820
2113840
2113850
2113880
2113900
2113920
2113940
2113960
2113970
2113990
2114020
2114070
2114090
2114100
2114130
2114160
2114170
2114180
2114190
2114240
2114300
2114320
2114330
2114350
2114360
2114370
2114380
2114430
2114440
2114470
2114480
2114500
2114520
2114540
2114580
2114640
2114660
2114670
2114680
2114690
2114710
2114740
2114750
2114770
2114790
2114810
2114820
2114830
2114860
2114890
2114920
2114960
2114970
2114980
2114990
2115020
2115030
2115040
2115050
2115060
2115070
2115080
2115110
2115120
2115130
2115140
2115160
2115170
2115180
2115190
2115210
2115300
2115310
2115340
2115390
2115400
2115470
2115480
2115490
2115500
2115510
2115530
2115560
2115610
2115650
2115670
2115680
2115710
2115720
2115760
2115800
2115810
2115820
2115840
2115850
2115860
2115880
2115890
2115920
2115930
2115980
2116000
2116040
2116060
2116080
2116120
2116150
2116170
2116180
2116190
2116200
2116210
2116250
2116260
2116290
2116300
2116350
2116380
2116390
2116430
2116460
2116510
2116520
2116590
2116600
2116610
2116620
2116670
2116680
2116690
2116700
2116710
2116740
2116750
2116760
2116770
2116780
2116790
2116800
2116840
2116850
2116860
2116920
2116930
2116950
2116970
2116980
2117020
2117110
2117120
2117130
2117140
2117160
2117170
2117180
2117190
2117200
2117210
2117230
2117240
2117290
2117300
2117320
2117370
2117400
2117410
2117420
2117430
2117440
2117450
2117510
2117520
2117790
2117930
2117940
2117960
2118000
2118010
2118030
2118040
2118060
2118100
2118110
2118120
2118130
2118230
2118250
2118260
2118330
2118370
2118380
2118420
2118500
2118520
2118540
2118550
2118570
2118580
2118610
2118680
2118690
2118750
2118810
2118850
2118890
2118900
2118910
2118940
2118990
2119000
2119010
2119050
2119070
2119080
2119100
2119110
2119210
2119240
2119370
2119380
2119390
2119420
2119440
2119470
2119550
2119570
2119580
2119590
2119620
2119630
2119640
2119650
2119660
2119670
2119680
2119730
2119740
2119830
2119850
2119880
2119940
2119960
2120050
2120060
2120070
2120110
2120120
2120130
2120140
2120220
2120240
2120250
2120270
2120300
2120310
2120320
2120340
2120350
2120410
2120440
2120510
2120560
2120640
2120650
2120660
2120670
2120680
2120710
2120730
2120750
2120790
2120810
2120820
2120830
2120840
2120850
2120870
2120880
2120900
2120910
2120930
2120950
2120960
2121000
2121040
2121050
2121090
2121100
2121120
2121130
2121150
2121170
2121180
2121190
2121210
2121220
2121260
2121320
2121350
2121360
2121370
2121390
2121430
2121440
2121450
2121480
2121490
2121510
2121530
2121550
2121570
2121590
2121610
2121620
2121630
2121640
2121710
2121720
2121740
2121760
2121770
2121790
2121820
2121840
2121850
2121910
2121930
2121960
2121980
2121990
2122000
2122010
2122040
2122070
2122080
2122090
2122100
2122110
2122130
2122170
2122180
2122190
2122210
2122230
2122360
2122430
2122470
2122490
2122550
2122570
2122590
2122640
2122680
2122700
2122770
2122780
2122810
2122830
2122840
2122860
2122880
2122890
2122910
2122960
2122980
2123000
2123020
2123030
2123050
2123070
2123090
2123100
2123110
2123120
2123140
2123150
2123230
2123290
2123300
2123320
2123330
2123350
2123380
2123390
2123400
2123410
2123420
2123430
2123450
2123460
2123510
2123530
2123540
2123550
2123560
2123630
2123640
2123650
2123680
2123770
2123800
2123840
2123850
2123920
2123940
2123990
2124000
2124010
2124040
2124050
2124070
2124100
2124110
2124120
2124150
2124200
2124210
2124240
2124300
2124360
2124380
2124390
2124420
2124440
2124460
2124480
2124490
2124500
2124560
2124570
2124640
2124650
2124660
2124690
2124740
2124760
2124770
2124780
2124790
2124800
2124810
2124870
2124900
2124910
2124930
2125050
2125070
2125090
2125100
2125110
2125140
2125150
2125160
2125190
2125230
2125250
2125270
2125300
2125320
2125340
2125350
2125360
2125370
2125400
2125410
2125420
2125430
2125460
2125480
2125490
2125500
2125540
2125580
2125600
2125720
2125750
2125770
2125800
2125810
2125820
2125840
2125870
2125880
2125900
2125920
2125930
2125950
2126010
2126020
2126090
2126120
2126190
2126200
2126250
2126270
2126300
2126340
2126360
2126370
2126380
2126400
2126500
2126580
2126590
2126600
2126620
2126630
2126650
2126670
2126680
2126700
2126770
2126790
2126810
2126830
2126860
2126870
2126940
2126950
2126960
2126970
2126980
2126990
2127010
2127030
2127100
2127130
2127230
2127240
2127300
2127310
2127330
2127340
2127350
2127430
2127440
2127470
2127530
2127550
2127570
2127590
2127610
2127660
2127700
2127720
2127730
2127750
2127800
2127810
2127820
2127830
2127920
2127980
2127990
2128000
2128010
2128020
2128030
2128040
2128050
2128070
2128120
2128130
2128140
2128160
2128220
2128230
2128270
2128290
2128300
2128310
2128320
2128330
2128340
2128360
2128390
2128400
2128410
2128430
2128440
2128480
2128500
2128530
2128540
2128560
2128570
2128580
2128590
2128600
2128610
2128630
2128680
2128690
2128710
2128730
2128750
2128760
2128770
2128810
2128830
2128840
2128910
2128930
2128940
2128990
2129000
2129020
2129030
2129050
2129090
2129130
2129140
2129150
2129160
2129200
2129220
2129280
2129290
2129380
2129390
2129410
2129490
2129530
2129540
2129560
2129570
2129600
2129660
2129670
2129680
2129720
2129730
2129780
2129800
2129810
2129830
2129850
2129860
2129870
2129910
2129950
2129970
2130000
2130010
2130030
2130050
2130060
2130080
2130170
2130230
2130250
2130280
2130300
2130380
2130440
2130460
2130470
2130500
2130510
2130540
2130550
2130590
2130650
2130670
2130680
2130740
2130750
2130800
2130850
2130940
2130980
2131010
2131020
2131050
2131080
2131150
2131180
2131200
2131220
2131240
2131260
2131280
2131290
2131330
2131350
2131360
2131380
2131430
2131460
2131500
2131510
2131520
2131530
2131550
2131620
2131630
2131640
2131650
2131660
2131670
2131680
2131700
2131780
2131800
2131820
2131830
2131840
2131860
2131920
2131960
2131980
2132040
2132060
2132070
2132080
2132090
2132160
2132190
2132220
2132260
2132270
2132310
2132350
2132370
2132380
2132410
2132430
2132450
2132460
2132480
2132510
2132520
2132530
2132540
2132560
2132570
2132610
2132620
2132680
2132690
2132710
2132770
2132840
2132850
2132860
2132870
2132890
2132900
2132930
2132950
2132970
2132990
2133040
2133050
2133070
2133100
2133110
2133170
2133180
2133250
2133300
2133330
2133350
2133360
2133400
2133440
2133450
2133500
2133520
2133530
2133540
2133570
2133580
2133590
2133620
2133650
2133730
2133760
2133770
2133810
2133830
2133850
2133870
2133890
2133930
2133940
2133950
2133970
2133980
2134030
2134050
2134060
2134100
2134120
2134140
2134270
2134280
2134300
2134320
2134330
2134360
2134370
2134390
2134400
2134410
2134420
2134430
2134440
2134470
2134510
2134530
2134540
2134560
2134580
2134600
2134630
2134640
2134650
2134670
2134680
2134690
2134720
2134760
2134770
2134780
2134800
2134850
2134860
2134900
2134910
2134920
2134960
2134970
2134980
2135000
2135030
2135150
2135190
2135210
2135280
2135320
2135350
2135380
2135460
2135500
2135510
2135560
2135570
2135580
2135600
2135630
2135640
2135650
2135680
2135690
2135710
2135740
2135780
2135800
2135810
2135830
2135850
2135860
2135870
2135890
2135920
2135930
2135960
2135970
2135990
2136060
2136090
2136110
2136130
2136170
2136180
2136200
2136210
2136220
2136280
2136300
2136310
2136320
2136340
2136380
2136390
2136400
2136420
2136430
2136450
2136470
2136480
2136550
2136600
2136620
2136690
2136700
2136770
2136800
2136810
2136820
2136860
2136890
2136910
2136950
2136970
2136990
2137000
2137090
2137150
2137200
2137250
2137260
2137280
2137300
2137330
2137350
2137400
2137430
2137460
2137470
2137480
2137510
2137520
2137540
2137560
2137570
2137580
2137600
2137610
2137620
2137660
2137670
2137680
2137690
2137700
2137740
2137750
2137760
2137770
2137780
2137790
2137840
2137880
2137900
2137920
2137950
2137990
2138000
2138010
2138050
2138080
2138090
2138100
2138110
2138120
2138140
2138150
2138180
2138190
2138230
2138240
2138270
2138290
2138300
2138340
2138360
2138380
2138400
2138410
2138450
2138460
2138480
2138510
2138520
2138560
2138570
2138580
2138600
2138610
2138670
2138700
2138710
2138720
2138740
2138780
2138790
2138820
2138840
2138850
2138860
2138920
2138930
2138960
2139020
2139030
2139040
2139090
2139100
2139180
2139290
2139300
2139310
2139320
2139330
2139350
2139370
2139410
2139440
2139460
2139480
2139500
2139510
2139580
2139620
2139630
2139690
2139730
2139770
2139790
2139800
2139820
2139830
2139840
2139850
2139870
2139890
2139960
2140000
2140020
2140050
2140070
2140080
2140090
2140100
2140110
2140150
2140170
2140180
2140200
2140210
2140310
2140360
2140410
2140460
2140470
2140480
2140510
2140520
2140540
2140550
2140570
2140590
2140600
2140620
2140650
2140680
2140700
2140740
2140770
2140810
2140840
2140850
2140870
2140880
2140900
2140960
2140980
2141000
2141040
2141090
2141100
2141130
2141140
2141160
2141180
2141250
2141280
2141330
2141350
2141360
2141460
2141470
2141490
2141520
2141550
2141560
2141600
2141620
2141640
2141650
2141690
2141710
2141720
2141730
2141740
2141770
2141780
2141790
2141810
2141820
2141850
2141900
2141910
2141990
2142030
2142040
2142110
2142130
2142140
2142160
2142170
2142220
2142230
2142240
2142250
2142260
2142300
2142330
2142370
2142380
2142390
2142400
2142420
2142430
2142440
2142450
2142460
2142470
2142490
2142530
2142540
2142550
2142570
2142610
2142630
2142640
2142660
2142680
2142710
2142780
2142790
2142810
2142820
2142840
2142850
2142860
2142870
2142890
2142920
2142930
2142960
2143000
2143010
2143020
2143030
2143050
2143090
2143110
2143140
2143160
2143170
2143190
2143200
2143210
2143250
2143280
2143290
2143330
2143340
2143380
2143390
2143410
2143420
2143450
2143500
2143540
2143550
2143590
2143600
2143620
2143660
2143680
2143690
2143700
2143710
2143740
2143760
2143770
2143790
2143810
2143840
2143870
2143880
2143930
2143980
2144020
2144040
2144080
2144100
2144120
2144130
2144180
2144220
2144240
2144260
2144270
2144280
2144290
2144320
2144330
2144350
2144360
2144390
2144410
2144420
2144460
2144470
2144500
2144510
2144530
2144560
2144580
2144590
2144600
2144610
2144640
2144670
2144680
2144740
2144750
2144800
2144810
2144820
2144830
2144870
2144910
2144990
2145000
2145030
2145050
2145080
2145090
2145100
2145130
2145160
2145170
2145190
2145210
2145220
2145230
2145260
2145280
2145290
2145300
2145320
2145330
2145460
2145480
2145490
2145510
2145530
2145640
2145700
2145710
2145720
2145740
2145810
2145830
2145850
2145860
2145880
2145950
2145960
2145980
2146040
2146050
2146070
2146100
2146140
2146170
2146180
2146230
2146270
2146280
2146290
2146300
2146310
2146320
2146380
2146390
2146430
2146440
2146450
2146470
2146490
2146500
2146550
2146560
2146570
2146600
2146610
2146680
2146720
2146730
2146760
2146770
2146790
2146940
2146960
2146970
2147020
2147030
2147050
2147080
2147110
2147130
2147200
2147230
2147260
2147290
2147310
2147330
2147340
2147360
2147380
2147410
2147420
2147530
2147550
2147560
2147580
2147600
2147620
2147640
2147670
2147680
2147690
2147700
2147710
2147730
2147740
2147770
2147830
2147860
2147890
2147900
2147950
2147980
2147990
2148010
2148030
2148060
2148070
2148080
2148110
2148120
2148170
2148190
2148210
2148220
2148230
2148240
2148280
2148320
2148390
2148400
2148510
2148560
2148590
2148610
2148720
2148730
2148740
2148750
2148760
2148770
2148780
2148790
2148830
2148850
2148880
2148930
2148940
2148970
2148990
2149000
2149070
2149120
2149190
2149200
2149240
2149270
2149290
2149330
2149340
2149370
2149400
2149420
2149430
2149480
2149490
2149520
2149530
2149560
2149580
2149610
2149630
2149660
2149690
2149710
2149820
2149840
2149870
2149880
2149900
2149940
2149960
2149980
2149990
2150020
2150060
2150070
2150090
2150100
2150110
2150120
2150150
2150170
2150180
2150200
2150210
2150300
2150310
2150370
2150460
2150490
2150510
2150530
2150560
2150580
2150660
2150700
2150740
2150760
2150770
2150800
2150810
2150820
2150840
2150850
2150870
2150890
2150900
2150910
2150930
2150950
2150970
2151010
2151080
2151110
2151130
2151140
2151150
2151290
2151310
2151320
2151360
2151370
2151380
2151410
2151420
2151430
2151450
2151480
2151490
2151530
2151580
2151590
2151600
2151630
2151640
2151660
2151700
2151710
2151740
2151770
2151790
2151810
2151820
2151830
2151840
2151850
2151860
2151900
2151910
2151920
2151950
2151960
2152000
2152030
2152050
2152060
2152070
2152080
2152090
2152100
2152120
2152180
2152190
2152250
2152270
2152290
2152300
2152320
2152350
2152360
2152410
2152420
2152460
2152480
2152540
2152560
2152570
2152580
2152590
2152610
2152630
2152690
2152710
2152720
2152730
2152740
2152750
2152780
2152810
2152830
2152900
2152940
2152960
2152970
2152990
2153000
2153020
2153040
2153050
2153090
2153130
2153140
2153160
2153190
2153240
2153250
2153280
2153290
2153300
2153310
2153320
2153330
2153350
2153390
2153400
2153410
2153420
2153430
2153480
2153500
2153550
2153570
2153590
2153600
2153610
2153630
2153640
2153690
2153710
2153720
2153730
2153750
2153770
2153780
2153800
2153810
2153840
2153850
2153880
2153900
2153920
2153950
2153970
2154000
2154030
2154040
2154070
2154090
2154130
2154140
2154190
2154200
2154230
2154240
2154250
2154270
2154290
2154330
2154350
2154380
2154400
2154420
2154430
2154470
2154490
2154520
2154530
2154570
2154630
2154640
2154650
2154660
2154700
2154710
2154730
2154750
2154760
2154780
2154790
2154800
2154820
2154830
2154840
2154870
2154940
2154950
2154960
2154990
2155010
2155020
2155030
2155060
2155100
2155130
2155140
2155180
2155220
2155270
2155280
2155320
2155350
2155370
2155410
2155460
2155480
2155490
2155500
2155570
2155600
2155650
2155660
2155680
2155710
2155720
2155730
2155740
2155750
2155760
2155770
2155800
2155860
2155970
2155980
2156000
2156150
2156270
2156280
2156290
2156330
2156350
2156390
2156410
2156440
2156480
2156540
2156550
2156590
2156610
2156620
2156630
2156770
2156790
2156810
2156830
2156880
2156890
2156950
2156960
2156970
2156980
2157050
2157060
2157070
2157100
2157110
2157130
2157190
2157210
2157230
2157250
2157260
2157290
2157340
2157410
2157440
2157450
2157460
2157470
2157490
2157500
2157510
2157540
2157560
2157630
2157650
2157670
2157680
2157710
2157760
2157830
2157860
2157910
2157920
2157940
2157960
2158020
2158030
2158040
2158050
2158130
2158160
2158190
2158210
2158220
2158240
2158270
2158290
2158360
2158370
2158390
2158430
2158500
2158530
2158540
2158550
2158590
2158600
2158610
2158620
2158650
2158690
2158700
2158710
2158730
2158740
2158750
2158760
2158800
2158810
2158850
2158870
2158880
2158900
2159020
2159040
2159050
2159060
2159090
2159120
2159170
2159180
2159200
2159210
2159230
2159240
2159260
2159270
2159280
2159300
2159310
2159350
2159370
2159390
2159400
2159440
2159450
2159470
2159500
2159520
2159530
2159590
2159650
2159670
2159680
2159720
2159730
2159770
2159780
2159860
2159870
2159880
2159900
2159960
2159980
2160000
2160010
2160030
2160040
2160070
2160090
2160190
2160220
2160230
2160240
2160250
2160270
2160340
2160360
2160380
2160420
2160430
2160440
2160460
2160470
2160480
2160500
2160560
2160570
2160670
2160680
2160700
2160710
2160760
2160800
2160810
2160840
2161000
2161050
2161090
2161110
2161120
2161130
2161190
2161200
2161230
2161280
2161330
2161410
2161430
2161440
2161450
2161490
2161590
2161600
2161620
2161630
2161640
2161660
2161700
2161710
2161730
2161760
2161810
2161830
2161840
2161900
2161940
2161950
2161960
2161980
2162020
2162050
2162070
2162130
2162150
2162160
2162210
2162220
2162260
2162310
2162350
2162390
2162520
2162540
2162570
2162580
2162610
2162680
2162720
2162730
2162750
2162770
2162780
2162790
2162800
2162810
2162820
2162870
2162890
2162900
2162950
2162960
2162970
2162980
2163000
2163030
2163040
2163050
2163060
2163100
2163140
2163160
2163190
2163200
2163210
2163220
2163230
2163250
2163330
2163400
2163430
2163450
2163460
2163470
2163480
2163500
2163540
2163560
2163590
2163600
2163620
2163660
2163680
2163690
2163710
2163730
2163760
2163790
2163800
2163860
2163890
2163930
2164030
2164040
2164050
2164060
2164100
2164150
2164220
2164280
2164310
2164320
2164370
2164390
2164400
2164480
2164490
2164500
2164570
2164580
2164590
2164610
2164630
2164660
2164690
2164720
2164740
2164750
2164760
2164780
2164790
2164810
2164820
2164870
2164880
2164930
2164970
2164980
2165030
2165040
2165130
2165140
2165160
2165210
2165230
2165280
2165300
2165340
2165350
2165370
2165380
2165390
2165400
2165420
2165440
2165470
2165510
2165520
2165530
2165550
2165560
2165600
2165610
2165620
2165650
2165690
2165720
2165730
2165740
2165750
2165810
2165840
2166020
2166050
2166060
2166070
2166120
2166140
2166150
2166170
2166180
2166190
2166200
2166220
2166250
2166260
2166310
2166340
2166370
2166420
2166430
2166450
2166470
2166480
2166490
2166500
2166510
2166530
2166540
2166580
2166610
2166620
2166630
2166640
2166690
2166710
2166720
2166730
2166740
2166750
2166780
2166820
2166850
2166870
2166890
2166910
2166920
2166950
2166960
2166990
2167010
2167040
2167100
2167110
2167130
2167190
2167210
2167220
2167260
2167340
2167380
2167390
2167400
2167430
2167470
2167480
2167530
2167560
2167580
2167600
2167640
2167660
2167750
2167760
2167770
2167790
2167800
2167830
2167840
2167850
2167860
2167870
2167880
2167890
2167900
2167910
2167930
2167960
2167980
2167990
2168000
2168060
2168070
2168080
2168090
2168120
2168150
2168170
2168190
2168200
2168230
2168240
2168260
2168290
2168330
2168380
2168390
2168450
2168480
2168490
2168530
2168600
2168610
2168630
2168650
2168660
2168680
2168710
2168760
2168800
2168810
2168820
2168830
2168870
2168880
2168920
2169000
2169010
2169060
2169120
2169140
2169150
2169160
2169200
2169220
2169230
2169250
2169260
2169270
2169300
2169330
2169350
2169370
2169420
2169460
2169570
2169580
2169620
2169660
2169680
2169700
2169730
2169760
2169790
2169800
2169810
2169830
2169930
2169940
2169950
2170050
2170060
2170090
2170100
2170160
2170170
2170210
2170230
2170240
2170320
2170350
2170370
2170380
2170390
2170410
2170450
2170490
2170500
2170520
2170580
2170590
2170650
2170680
2170690
2170700
2170760
2170790
2170830
2170860
2170880
2170890
2170910
2170920
2170960
2171010
2171030
2171040
2171060
2171100
2171240
2171250
2171260
2171270
2171310
2171350
2171420
2171440
2171450
2171490
2171500
2171530
2171550
2171560
2171570
2171600
2171610
2171630
2171640
2171650
2171660
2171680
2171690
2171700
2171720
2171750
2171830
2171840
2171880
2171910
2171920
2171930
2171970
2171980
2172010
2172030
2172050
2172060
2172090
2172110
2172120
2172150
2172180
2172190
2172260
2172320
2172350
2172370
2172380
2172410
2172420
2172470
2172490
2172500
2172520
2172580
2172600
2172610
2172620
2172630
2172730
2172750
2172760
2172780
2172800
2172870
2172900
2172910
2172920
2172940
2172950
2172970
2172980
2173000
2173160
2173170
2173190
2173200
2173270
2173300
2173330
2173350
2173380
2173420
2173460
2173480
2173520
2173530
2173550
2173570
2173580
2173600
2173620
2173640
2173650
2173660
2173670
2173680
2173700
2173730
2173740
2173750
2173760
2173770
2173800
2173810
2173850
2173860
2173870
2173880
2173890
2173900
2173910
2173920
2173930
2173980
2174060
2174080
2174160
2174190
2174210
2174220
2174260
2174270
2174300
2174320
2174330
2174370
2174380
2174420
2174430
2174440
2174460
2174500
2174510
2174560
2174600
2174620
2174650
2174690
2174710
2174720
2174750
2174780
2174790
2174830
2174840
2174850
2174900
2174930
2174940
2175000
2175040
2175050
2175070
2175080
2175090
2175100
2175110
2175120
2175150
2175170
2175180
2175190
2175200
2175250
2175390
2175400
2175450
2175460
2175480
2175490
2175510
2175530
2175540
2175570
2175610
2175630
2175640
2175650
2175670
2175690
2175700
2175740
2175750
2175770
2175780
2175790
2175800
2175810
2175840
2175890
2175900
2175940
2175980
2176000
2176020
2176030
2176040
2176060
2176070
2176090
2176130
2176140
2176160
2176180
2176190
2176200
2176240
2176260
2176310
2176320
2176340
2176400
2176430
2176450
2176460
2176490
2176500
2176510
2176540
2176560
2176570
2176580
2176640
2176650
2176670
2176710
2176730
2176760
2176770
2176790
2176850
2176880
2176900
2176920
2176930
2176940
2177010
2177020
2177030
2177040
2177050
2177060
2177150
2177160
2177170
2177200
2177210
2177230
2177260
2177290
2177320
2177330
2177350
2177450
2177490
2177510
2177540
2177550
2177570
2177610
2177630
2177640
2177660
2177680
2177690
2177700
2177710
2177720
2177730
2177800
2177810
2177820
2177880
2177890
2177940
2177990
2178010
2178030
2178060
2178070
2178090
2178100
2178120
2178130
2178160
2178170
2178180
2178190
2178230
2178270
2178280
2178290
2178300
2178310
2178330
2178340
2178350
2178360
2178380
2178390
2178410
2178430
2178440
2178470
2178480
2178490
2178550
2178560
2178570
2178590
2178620
2178640
2178650
2178670
2178740
2178760
2178780
2178790
2178800
2178820
2178840
2178860
2178890
2178920
2178930
2178960
2178970
2178980
2178990
2179000
2179020
2179030
2179040
2179060
2179100
2179130
2179170
2179180
2179190
2179210
2179220
2179260
2179270
2179290
2179300
2179350
2179360
2179370
2179380
2179390
2179440
2179450
2179460
2179470
2179480
2179490
2179520
2179530
2179560
2179610
2179630
2179650
2179660
2179690
2179720
2179760
2179770
2179790
2179850
2179860
2179900
2179940
2180000
2180010
2180040
2180050
2180060
2180070
2180150
2180180
2180200
2180210
2180250
2180310
2180330
2180340
2180350
2180390
2180410
2180430
2180500
2180550
2180570
2180580
2180600
2180610
2180630
2180660
2180680
2180690
2180700
2180710
2180730
2180740
2180750
2180800
2180810
2180830
2180840
2180850
2180890
2180920
2180930
2180950
2180970
2180980
2181000
2181060
2181100
2181130
2181140
2181180
2181220
2181230
2181250
2181320
2181340
2181350
2181380
2181440
2181450
2181480
2181550
2181600
2181610
2181620
2181640
2181700
2181710
2181720
2181730
2181750
2181770
2181790
2181800
2181820
2181830
2181840
2181880
2181890
2181930
2181940
2181950
2181960
2181980
2182000
2182020
2182070
2182110
2182130
2182160
2182170
2182190
2182200
2182240
2182290
2182310
2182320
2182390
2182400
2182420
2182440
2182450
2182470
2182480
2182490
2182530
2182540
2182570
2182580
2182590
2182610
2182630
2182680
2182690
2182710
2182750
2182770
2182790
2182800
2182820
2182840
2182850
2182870
2182910
2182920
2182930
2182940
2182950
2182960
2182970
2182990
2183030
2183040
2183070
2183080
2183090
2183100
2183110
2183120
2183170
2183190
2183200
2183210
2183220
2183230
2183240
2183320
2183340
2183360
2183370
2183380
2183430
2183450
2183530
2183550
2183560
2183580
2183590
2183600
2183610
2183630
2183650
2183660
2183670
2183690
2183700
2183710
2183720
2183730
2183740
2183760
2183770
2183780
2183790
2183800
2183820
2183830
2183860
2183870
2183890
2183900
2183910
2183920
2183940
2183950
2183960
2184010
2184020
2184030
2184040
2184080
2184090
2184100
2184110
2184130
2184140
2184150
2184200
2184210
2184220
2184230
2184250
2184260
2184270
2184280
2184290
2184350
2184370
2184380
2184390
2184400
2184410
2184420
2184430
2184440
2184470
2184480
2184490
2184560
2184570
2184580
2184590
2184600
2184610
2184620
2184630
2184640
2184650
2184660
2184720
2184740
2184770
2184820
2184850
2184870
2184880
2184920
2184940
2184970
2185030
2185050
2185060
2185080
2185100
2185110
2185160
2185170
2185180
2185190
2185240
2185250
2185280
2185290
2185320
2185400
2185440
2185470
2185490
2185510
2185530
2185710
2185720
2185730
2185760
2185770
2185780
2185810
2185840
2185850
2185860
2185870
2185880
2185890
2185900
2185920
2185930
2185970
2185990
2186000
2186010
2186030
2186090
2186100
2186130
2186140
2186210
2186240
2186270
2186300
2186320
2186350
2186360
2186370
2186380
2186400
2186420
2186430
2186440
2186450
2186490
2186500
2186510
2186530
2186570
2186580
2186610
2186670
2186680
2186690
2186700
2186730
2186740
2186780
2186800
2186820
2186940
2186950
2186970
2186980
2186990
2187030
2187050
2187060
2187110
2187130
2187160
2187190
2187220
2187230
2187290
2187300
2187320
2187340
2187370
2187390
2187420
2187450
2187560
2187570
2187610
2187640
2187660
2187670
2187690
2187730
2187740
2187840
2187850
2187920
2188010
2188030
2188180
2188220
2188230
2188260
2188380
2188430
2188470
2188480
2188490
2188500
2188510
2188520
2188530
2188570
2188620
2188630
2188640
2188660
2188670
2188690
2188700
2188710
2188740
2188790
2188820
2188840
2188870
2188880
2188890
2188930
2188960
2189040
2189050
2189110
2189120
2189150
2189160
2189200
2189230
2189260
2189310
2189350
2189370
2189420
2189430
2189450
2189470
2189490
2189530
2189580
2189590
2189620
2189630
2189640
2189670
2189690
2189750
2189760
2189790
2189810
2189850
2189860
2189890
2189910
2189930
2189970
2190030
2190060
2190070
2190080
2190120
2190130
2190150
2190160
2190170
2190180
2190190
2190200
2190210
2190220
2190230
2190240
2190250
2190260
2190270
2190280
2190290
2190300
2190320
2190370
2190380
2190390
2190400
2190410
2190420
2190460
2190470
2190500
2190570
2190590
2190640
2190650
2190680
2190690
2190700
2190740
2190760
2190840
2190870
2190880
2190900
2190910
2190930
2190950
2190960
2190980
2191020
2191050
2191080
2191090
2191100
2191140
2191160
2191180
2191190
2191200
2191210
2191220
2191230
2191260
2191270
2191280
2191310
2191320
2191370
2191400
2191410
2191450
2191480
2191490
2191500
2191530
2191540
2191550
2191560
2191570
2191590
2191610
2191620
2191660
2191670
2191680
2191690
2191720
2191770
2191820
2191880
2191890
2191920
2192020
2192060
2192070
2192080
2192100
2192120
2192170
2192200
2192220
2192240
2192260
2192270
2192280
2192290
2192330
2192350
2192380
2192400
2192460
2192480
2192490
2192500
2192520
2192530
2192570
2192600
2192620
2192640
2192650
2192660
2192670
2192680
2192730
2192750
2192780
2192790
2192800
2192840
2192900
2192920
2192970
2192990
2193010
2193040
2193050
2193070
2193080
2193090
2193100
2193110
2193120
2193130
2193150
2193170
2193190
2193270
2193370
2193380
2193400
2193410
2193420
2193490
2193500
2193510
2193530
2193540
2193570
2193580
2193590
2193600
2193630
2193650
2193670
2193690
2193720
2193730
2193750
2193760
2193770
2193870
2193900
2193920
2193930
2193940
2193990
2194000
2194050
2194070
2194090
2194100
2194160
2194190
2194200
2194240
2194290
2194300
2194340
2194400
2194410
2194480
2194510
2194530
2194540
2194560
2194570
2194590
2194600
2194610
2194660
2194670
2194690
2194700
2194710
2194730
2194740
2194760
2194780
2194790
2194800
2194810
2194820
2194840
2194880
2194910
2194930
2194950
2194980
2195010
2195030
2195040
2195050
2195060
2195070
2195090
2195120
2195140
2195150
2195160
2195190
2195200
2195220
2195230
2195240
2195340
2195350
2195390
2195400
2195410
2195450
2195490
2195500
2195510
2195520
2195530
2195550
2195560
2195570
2195590
2195630
2195650
2195660
2195670
2195680
2195690
2195710
2195720
2195730
2195750
2195780
2195790
2195820
2195890
2195910
2195960
2195970
2196020
2196030
2196050
2196060
2196100
2196110
2196120
2196140
2196150
2196170
2196190
2196210
2196220
2196230
2196240
2196270
2196280
2196300
2196320
2196340
2196350
2196390
2196400
2196410
2196420
2196430
2196440
2196490
2196530
2196560
2196570
2196590
2196640
2196700
2196740
2196750
2196770
2196780
2196790
2196810
2196840
2196850
2196870
2196910
2196920
2196930
2196950
2196980
2197000
2197020
2197030
2197050
2197060
2197130
2197140
2197160
2197170
2197230
2197240
2197280
2197310
2197330
2197340
2197360
2197370
2197410
2197430
2197450
2197470
2197490
2197500
2197510
2197530
2197540
2197550
2197580
2197600
2197650
2197670
2197680
2197690
2197740
2197750
2197760
2197780
2197790
2197830
2197840
2197870
2197890
2197910
2197930
2197960
2197980
2197990
2198000
2198030
2198070
2198110
2198120
2198150
2198170
2198220
2198250
2198280
2198290
2198300
2198310
2198370
2198390
2198400
2198410
2198430
2198460
2198510
2198540
2198560
2198570
2198590
2198640
2198650
2198680
2198690
2198730
2198740
2198770
2198790
2198800
2198820
2198830
2198850
2198890
2198920
2198940
2198970
2198980
2199000
2199060
2199080
2199120
2199130
2199230
2199250
2199270
2199280
2199290
2199300
2199330
2199340
2199350
2199360
2199380
2199390
2199410
2199420
2199440
2199450
2199490
2199510
2199540
2199560
2199570
2199580
2199610
2199640
2199750
2199760
2199780
2199790
2199810
2199820
2199830
2199860
2199890
2199930
2199950
2199980
2200030
2200060
2200100
2200170
2200190
2200220
2200230
2200240
2200250
2200260
2200270
2200320
2200330
2200340
2200350
2200360
2200380
2200390
2200400
2200410
2200420
2200450
2200470
2200560
2200580
2200590
2200600
2200620
2200670
2200700
2200760
2200770
2200780
2200790
2200820
2200860
2200900
2200910
2200930
2200940
2200990
2201000
2201020
2201030
2201040
2201070
2201110
2201130
2201150
2201160
2201170
2201180
2201190
2201230
2201240
2201260
2201320
2201340
2201390
2201420
2201450
2201470
2201500
2201530
2201540
2201560
2201620
2201660
2201680
2201700
2201710
2201810
2201830
2201840
2201880
2201910
2201930
2201940
2201980
2202000
2202010
2202070
2202110
2202120
2202150
2202200
2202220
2202240
2202270
2202320
2202330
2202340
2202360
2202370
2202380
2202400
2202470
2202480
2202500
2202510
2202580
2202590
2202650
2202690
2202710
2202720
2202750
2202770
2202850
2202880
2202890
2202900
2202910
2202930
2202950
2202980
2203040
2203070
2203100
2203130
2203140
2203170
2203200
2203210
2203240
2203260
2203270
2203290
2203320
2203350
2203370
2203410
2203480
2203500
2203510
2203530
2203540
2203550
2203570
2203580
2203590
2203710
2203720
2203730
2203770
2203780
2203790
2203800
2203820
2203830
2203850
2203860
2203890
2203900
2203920
2203930
2203970
2203990
2204030
2204040
2204130
2204160
2204170
2204190
2204210
2204220
2204260
2204270
2204350
2204360
2204400
2204410
2204430
2204450
2204470
2204480
2204490
2204540
2204560
2204570
2204600
2204620
2204650
2204680
2204730
2204750
2204760
2204770
2204810
2204820
2204830
2204840
2204850
2204870
2204880
2204900
2204910
2204920
2204940
2204950
2204960
2204970
2204990
2205010
2205020
2205080
2205090
2205100
2205130
2205190
2205230
2205260
2205270
2205290
2205320
2205330
2205380
2205410
2205460
2205470
2205490
2205500
2205510
2205520
2205550
2205570
2205600
2205610
2205630
2205640
2205650
2205660
2205670
2205680
2205690
2205700
2205710
2205720
2205730
2205740
2205750
2205800
2205850
2205860
2205870
2205880
2205930
2205950
2205960
2206000
2206130
2206140
2206160
2206180
2206210
2206230
2206240
2206270
2206280
2206290
2206310
2206320
2206340
2206350
2206380
2206390
2206400
2206410
2206450
2206460
2206480
2206490
2206500
2206530
2206560
2206570
2206580
2206590
2206660
2206670
2206680
2206690
2206700
2206720
2206730
2206750
2206790
2206800
2206810
2206820
2206850
2206860
2206870
2206890
2206930
2206960
2206970
2206980
2207010
2207030
2207040
2207050
2207060
2207070
2207080
2207100
2207110
2207120
2207160
2207180
2207220
2207230
2207260
2207350
2207440
2207460
2207470
2207480
2207490
2207500
2207520
2207540
2207550
2207560
2207580
2207590
2207600
2207610
2207620
2207630
2207640
2207670
2207690
2207700
2207710
2207750
2207760
2207810
2207840
2207900
2207910
2207920
2207940
2207960
2207970
2207980
2207990
2208000
2208040
2208050
2208060
2208070
2208130
2208140
2208200
2208220
2208260
2208270
2208280
2208300
2208330
2208350
2208360
2208390
2208480
2208520
2208530
2208570
2208610
2208620
2208680
2208720
2208730
2208780
2208810
2208820
2208840
2208900
2208920
2208930
2208940
2208950
2208960
2208990
2209020
2209080
2209130
2209140
2209150
2209180
2209190
2209210
2209220
2209270
2209310
2209320
2209330
2209340
2209360
2209370
2209380
2209390
2209430
2209440
2209470
2209500
2209520
2209560
2209580
2209590
2209610
2209620
2209660
2209670
2209680
2209710
2209760
2209790
2209800
2209810
2209820
2209860
2209880
2209890
2209900
2209910
2209930
2209940
2209980
2209990
2210000
2210020
2210040
2210050
2210060
2210100
2210130
2210150
2210180
2210210
2210220
2210240
2210300
2210410
2210450
2210500
2210520
2210590
2210620
2210630
2210670
2210700
2210710
2210750
2210760
2210780
2210800
2210810
2210840
2210890
2210920
2210980
2211000
2211020
2211040
2211090
2211110
2211120
2211130
2211140
2211150
2211170
2211190
2211250
2211260
2211270
2211280
2211320
2211340
2211390
2211400
2211410
2211440
2211460
2211490
2211500
2211520
2211570
2211640
2211660
2211730
2211750
2211760
2211780
2211790
2211800
2211840
2211860
2211870
2211880
2211910
2211920
2211930
2211940
2211960
2211970
2212050
2212110
2212200
2212250
2212280
2212310
2212330
2212340
2212390
2212400
2212410
2212440
2212450
2212470
2212490
2212500
2212520
2212550
2212580
2212600
2212620
2212650
2212660
2212670
2212680
2212690
2212710
2212740
2212750
2212790
2212810
2212830
2212840
2212850
2212880
2212940
2212960
2212970
2213070
2213120
2213190
2213260
2213290
2213300
2213330
2213340
2213390
2213410
2213420
2213430
2213440
2213450
2213460
2213480
2213490
2213500
2213600
2213610
2213640
2213650
2213660
2213680
2213700
2213710
2213730
2213770
2213830
2213850
2213880
2213890
2213910
2213920
2213930
2213950
2213980
2213990
2214000
2214010
2214020
2214030
2214040
2214050
2214060
2214090
2214160
2214170
2214180
2214220
2214250
2214260
2214320
2214360
2214410
2214420
2214430
2214440
2214460
2214470
2214480
2214500
2214570
2214590
2214620
2214650
2214840
2214860
2214870
2214880
2214890
2214900
2214940
2214950
2214970
2215020
2215050
2215060
2215080
2215120
2215180
2215190
2215200
2215220
2215260
2215270
2215280
2215290
2215300
2215330
2215340
2215390
2215410
2215430
2215460
2215500
2215540
2215570
2215590
2215650
2215670
2215690
2215710
2215750
2215780
2215790
2215800
2215820
2215910
2215980
2216000
2216010
2216040
2216060
2216090
2216110
2216120
2216130
2216160
2216170
2216180
2216190
2216240
2216250
2216260
2216270
2216320
2216360
2216370
2216420
2216430
2216440
2216510
2216560
2216570
2216580
2216600
2216650
2216660
2216670
2216690
2216700
2216710
2216750
2216770
2216830
2216840
2216850
2216860
2216910
2216960
2216970
2216980
2217000
2217010
2217030
2217040
2217060
2217100
2217180
2217210
2217220
2217270
2217420
2217440
2217450
2217470
2217530
2217540
2217550
2217560
2217580
2217590
2217600
2217680
2217720
2217730
2217740
2217770
2217780
2217790
2217800
2217810
2217820
2217840
2217860
2217880
2217910
2217980
2218030
2218060
2218090
2218120
2218130
2218150
2218190
2218200
2218210
2218270
2218290
2218300
2218320
2218340
2218400
2218440
2218460
2218500
2218540
2218570
2218620
2218630
2218660
2218680
2218720
2218740
2218750
2218760
2218770
2218780
2218800
2218830
2218840
2218850
2218890
2218900
2218910
2218930
2218940
2218950
2218970
2218980
2219000
2219020
2219050
2219120
2219130
2219140
2219150
2219160
2219170
2219180
2219190
2219240
2219270
2219280
2219360
2219370
2219390
2219410
2219450
2219470
2219480
2219520
2219530
2219580
2219590
2219600
2219620
2219640
2219660
2219670
2219690
2219730
2219770
2219800
2219810
2219820
2219830
2219840
2219850
2219880
2219890
2219910
2219930
2219960
2219970
2219990
2220040
2220060
2220070
2220080
2220100
2220110
2220170
2220180
2220200
2220260
2220280
2220320
2220330
2220340
2220350
2220360
2220390
2220400
2220420
2220450
2220480
2220500
2220520
2220570
2220580
2220590
2220600
2220690
2220710
2220730
2220750
2220770
2220810
2220850
2220860
2220870
2220970
2220980
2221010
2221050
2221060
2221080
2221090
2221100
2221130
2221150
2221160
2221170
2221190
2221220
2221230
2221270
2221390
2221440
2221490
2221500
2221530
2221540
2221620
2221630
2221690
2221740
2221750
2221760
2221780
2221790
2221800
2221820
2221830
2221840
2221850
2221910
2221920
2221980
2222020
2222030
2222090
2222150
2222160
2222170
2222180
2222190
2222200
2222220
2222240
2222250
2222260
2222310
2222320
2222370
2222420
2222480
2222490
2222520
2222530
2222540
2222550
2222670
2222680
2222690
2222710
2222750
2222770
2222830
2222850
2222860
2222870
2222890
2222910
2222920
2222930
2222950
2222970
2223000
2223010
2223020
2223040
2223130
2223150
2223170
2223220
2223230
2223260
2223270
2223280
2223300
2223310
2223320
2223350
2223380
2223420
2223430
2223440
2223450
2223460
2223470
2223480
2223530
2223540
2223550
2223570
2223590
2223600
2223620
2223630
2223640
2223700
2223710
2223740
2223760
2223800
2223810
2223820
2223840
2223850
2223880
2223900
2223920
2223930
2224000
2224020
2224030
2224060
2224090
2224120
2224160
2224200
2224260
2224330
2224350
2224400
2224430
2224440
2224450
2224470
2224510
2224520
2224530
2224540
2224550
2224560
2224570
2224580
2224600
2224610
2224640
2224660
2224680
2224740
2224750
2224760
2224780
2224790
2224850
2224870
2224900
2224910
2225010
2225020
2225030
2225070
2225080
2225090
2225130
2225210
2225220
2225250
2225260
2225290
2225300
2225340
2225370
2225430
2225450
2225460
2225470
2225480
2225500
2225510
2225520
2225530
2225560
2225600
2225610
2225680
2225710
2225730
2225740
2225750
2225800
2225830
2225870
2225890
2225960
2225990
2226000
2226020
2226030
2226080
2226090
2226110
2226140
2226150
2226160
2226190
2226280
2226310
2226350
2226420
2226430
2226440
2226460
2226470
2226480
2226500
2226510
2226550
2226610
2226640
2226660
2226680
2226690
2226700
2226730
2226750
2226780
2226800
2226810
2226830
2226840
2226870
2226890
2226910
2226920
2226930
2226940
2226960
2226980
2226990
2227030
2227040
2227050
2227070
2227080
2227100
2227110
2227130
2227150
2227160
2227170
2227180
2227220
2227290
2227320
2227340
2227380
2227410
2227440
2227450
2227480
2227490
2227500
2227520
2227600
2227660
2227690
2227700
2227710
2227810
2227820
2227830
2227840
2227860
2227870
2227900
2227940
2227960
2227990
2228000
2228010
2228030
2228040
2228090
2228100
2228120
2228140
2228150
2228210
2228220
2228250
2228280
2228290
2228310
2228320
2228330
2228340
2228350
2228380
2228390
2228400
2228410
2228430
2228450
2228460
2228480
2228490
2228500
2228710
2228720
2228830
2228840
2228890
2228900
2228910
2228940
2228960
2228980
2229020
2229030
2229050
2229110
2229120
2229150
2229160
2229230
2229250
2229260
2229320
2229350
2229370
2229380
2229420
2229450
2229470
2229480
2229490
2229500
2229520
2229560
2229570
2229590
2229670
2229680
2229710
2229720
2229730
2229740
2229790
2229830
2229840
2229850
2229870
2229880
2229890
2229900
2229910
2229920
2229930
2229940
2229950
2229960
2229990
2230000
2230030
2230040
2230050
2230060
2230070
2230080
2230090
2230110
2230120
2230160
2230170
2230180
2230210
2230220
2230250
2230280
2230290
2230330
2230370
2230410
2230420
2230430
2230450
2230500
2230530
2230540
2230560
2230590
2230620
2230630
2230650
2230680
2230720
2230740
2230770
2230790
2230800
2230820
2230830
2230840
2230860
2230940
2230950
2230960
2230980
2230990
2231000
2231010
2231020
2231040
2231060
2231070
2231080
2231090
2231130
2231160
2231170
2231180
2231190
2231230
2231270
2231280
2231300
2231310
2231380
2231450
2231460
2231490
2231520
2231530
2231540
2231550
2231560
2231580
2231610
2231630
2231680
2231730
2231750
2231790
2231800
2231820
2231840
2231850
2231870
2231880
2231890
2231900
2231920
2231940
2231960
2231970
2231980
2232030
2232040
2232060
2232070
2232100
2232110
2232120
2232180
2232200
2232240
2232260
2232270
2232290
2232320
2232380
2232420
2232600
2232650
2232660
2232680
2232760
2232770
2232780
2232790
2232800
2232810
2232830
2232840
2232870
2232880
2232900
2232950
2232970
2233020
2233040
2233080
2233090
2233110
2233120
2233140
2233150
2233170
2233220
2233240
2233270
2233300
2233310
2233320
2233330
2233360
2233370
2233390
2233420
2233430
2233540
2233550
2233560
2233570
2233580
2233590
2233600
2233610
2233640
2233660
2233670
2233700
2233720
2233730
2233740
2233750
2233770
2233790
2233820
2233830
2233840
2233850
2233860
2233870
2233890
2233900
2233920
2233950
2233970
2233980
2234000
2234020
2234060
2234080
2234100
2234140
2234150
2234160
2234200
2234230
2234250
2234300
2234310
2234320
2234370
2234380
2234400
2234420
2234440
2234470
2234490
2234530
2234550
2234570
2234600
2234630
2234640
2234650
2234670
2234690
2234720
2234740
2234760
2234770
2234780
2234790
2234820
2234870
2234890
2234910
2234920
2234930
2234950
2234960
2235010
2235020
2235090
2235150
2235180
2235200
2235210
2235220
2235230
2235240
2235310
2235340
2235350
2235360
2235370
2235390
2235400
2235430
2235440
2235450
2235490
2235500
2235530
2235550
2235570
2235610
2235620
2235670
2235690
2235730
2235750
2235760
2235780
2235790
2235800
2235810
2235820
2236060
2236070
2236080
2236100
2236170
2236190
2236220
2236230
2236240
2236260
2236300
2236450
2236460
2236480
2236490
2236590
2236600
2236680
2236790
2236820
2236860
2236880
2236900
2236920
2236930
2236960
2237000
2237010
2237070
2237090
2237120
2237150
2237190
2237200
2237210
2237220
2237230
2237260
2237270
2237280
2237310
2237320
2237350
2237370
2237440
2237460
2237520
2237690
2237700
2237710
2237720
2237740
2237760
2237770
2237800
2237810
2237840
2237870
2237940
2237950
2237970
2237980
2238010
2238040
2238070
2238080
2238110
2238160
2238170
2238180
2238210
2238230
2238240
2238260
2238310
2238320
2238340
2238350
2238360
2238370
2238400
2238410
2238430
2238440
2238450
2238470
2238510
2238620
2238630
2238660
2238690
2238710
2238740
2238750
2238760
2238810
2238850
2238860
2238900
2238980
2238990
2239020
2239040
2239050
2239060
2239110
2239130
2239140
2239150
2239190
2239200
2239230
2239320
2239340
2239350
2239360
2239420
2239450
2239470
2239490
2239520
2239540
2239550
2239640
2239650
2239670
2239710
2239730
2239750
2239770
2239800
2239820
2239830
2239840
2239850
2239860
2239870
2239930
2239960
2239990
2240080
2240090
2240100
2240130
2240150
2240170
2240200
2240220
2240240
2240300
2240390
2240410
2240430
2240440
2240470
2240480
2240520
2240530
2240600
2240620
2240630
2240660
2240690
2240700
2240720
2240780
2240790
2240890
2240900
2240910
2240940
2240950
2241000
2241020
2241130
2241150
2241180
2241190
2241200
2241220
2241230
2241240
2241250
2241350
2241360
2241380
2241390
2241410
2241440
2241510
2241540
2241550
2241560
2241580
2241590
2241610
2241620
2241630
2241660
2241710
2241740
2241760
2241770
2241790
2241800
2241860
2241880
2241910
2241920
2241970
2241980
2241990
2242000
2242050
2242070
2242080
2242090
2242100
2242110
2242130
2242180
2242200
2242220
2242240
2242270
2242290
2242310
2242320
2242330
2242340
2242360
2242370
2242420
2242430
2242440
2242500
2242510
2242600
2242610
2242620
2242630
2242660
2242710
2242750
2242760
2242810
2242820
2242840
2242890
2242930
2242950
2242970
2242980
2243000
2243040
2243050
2243060
2243070
2243080
2243100
2243110
2243130
2243140
2243150
2243220
2243250
2243260
2243310
2243320
2243330
2243370
2243380
2243420
2243470
2243480
2243510
2243550
2243560
2243570
2243580
2243660
2243670
2243690
2243700
2243710
2243850
2243880
2243890
2243900
2243920
2243950
2243980
2243990
2244010
2244020
2244030
2244040
2244050
2244060
2244080
2244100
2244110
2244130
2244150
2244160
2244170
2244200
2244210
2244300
2244320
2244330
2244350
2244360
2244380
2244400
2244410
2244420
2244430
2244440
2244450
2244460
2244470
2244480
2244500
2244520
2244530
2244540
2244550
2244570
2244580
2244610
2244620
2244630
2244640
2244650
2244660
2244690
2244700
2244770
2244780
2244800
2244830
2244840
2244860
2244880
2244900
2244920
2244930
2244970
2245000
2245010
2245020
2245030
2245040
2245080
2245090
2245130
2245180
2245210
2245250
2245270
2245300
2245310
2245320
2245330
2245370
2245390
2245420
2245430
2245450
2245460
2245480
2245490
2245500
2245510
2245610
2245620
2245630
2245670
2245700
2245730
2245750
2245780
2245790
2245820
2245850
2245890
2245900
2245960
2245980
2246010
2246030
2246040
2246070
2246110
2246120
2246130
2246180
2246250
2246290
2246300
2246310
2246330
2246340
2246350
2246360
2246370
2246390
2246400
2246410
2246460
2246470
2246490
2246510
2246520
2246530
2246550
2246560
2246590
2246640
2246650
2246670
2246700
2246710
2246740
2246760
2246780
2246790
2246800
2246810
2246820
2246840
2246850
2246880
2246940
2247050
2247080
2247190
2247200
2247220
2247240
2247270
2247360
2247410
2247450
2247480
2247490
2247500
2247510
2247540
2247550
2247570
2247580
2247610
2247620
2247630
2247640
2247660
2247670
2247680
2247700
2247730
2247760
2247790
2247800
2247820
2247830
2247850
2247860
2247880
2247930
2247950
2247970
2248000
2248010
2248020
2248120
2248130
2248150
2248170
2248180
2248190
2248220
2248230
2248250
2248270
2248280
2248290
2248330
2248340
2248350
2248380
2248390
2248400
2248420
2248430
2248470
2248480
2248520
2248540
2248570
2248590
2248620
2248640
2248670
2248760
2248790
2248800
2248810
2248820
2248830
2248840
2248870
2248880
2248890
2248900
2248920
2248950
2248960
2249020
2249040
2249060
2249070
2249080
2249100
2249120
2249160
2249210
2249250
2249290
2249320
2249360
2249440
2249450
2249510
2249530
2249550
2249570
2249580
2249590
2249600
2249690
2249700
2249730
2249800
2249830
2249850
2249890
2249950
2249960
2249970
2250020
2250060
2250080
2250090
2250160
2250170
2250180
2250210
2250230
2250250
2250270
2250290
2250300
2250330
2250340
2250370
2250390
2250400
2250410
2250450
2250460
2250470
2250480
2250500
2250510
2250520
2250530
2250550
2250560
2250590
2250600
2250670
2250690
2250710
2250740
2250780
2250790
2250820
2250830
2250840
2250850
2250870
2250960
2251010
2251020
2251030
2251040
2251080
2251120
2251170
2251180
2251210
2251220
2251240
2251270
2251280
2251310
2251320
2251340
2251380
2251400
2251420
2251430
2251450
2251480
2251500
2251510
2251540
2251570
2251580
2251620
2251630
2251650
2251660
2251670
2251680
2251730
2251740
2251780
2251810
2251840
2251850
2251870
2251900
2251910
2251920
2251930
2251970
2252000
2252070
2252170
2252180
2252190
2252290
2252310
2252330
2252360
2252470
2252520
2252530
2252550
2252680
2252710
2252750
2252760
2252790
2252820
2252830
2252850
2252870
2252900
2252930
2252940
2252960
2252970
2252980
2253070
2253080
2253100
2253110
2253130
2253160
2253200
2253260
2253290
2253300
2253360
2253370
2253400
2253460
2253510
2253560
2253580
2253590
2253650
2253660
2253680
2253710
2253720
2253730
2253740
2253760
2253770
2253780
2253880
2253900
2253910
2253930
2253940
2253970
2253980
2254000
2254020
2254030
2254060
2254100
2254110
2254140
2254200
2254210
2254270
2254310
2254340
2254350
2254380
2254390
2254410
2254430
2254490
2254540
2254550
2254590
2254600
2254670
2254710
2254740
2254750
2254780
2254830
2254860
2254890
2254900
2254910
2254940
2254950
2254990
2255020
2255050
2255080
2255090
2255120
2255140
2255150
2255210
2255290
2255300
2255350
2255360
2255370
2255380
2255390
2255420
2255440
2255480
2255490
2255530
2255550
2255560
2255600
2255630
2255670
2255720
2255730
2255760
2255820
2255830
2255910
2255950
2255970
2255980
2256100
2256110
2256160
2256190
2256200
2256220
2256230
2256240
2256260
2256280
2256290
2256300
2256340
2256350
2256360
2256370
2256380
2256390
2256410
2256420
2256430
2256440
2256450
2256510
2256520
2256550
2256600
2256650
2256690
2256750
2256760
2256770
2256780
2256790
2256810
2256830
2256840
2256860
2256880
2256900
2256920
2256940
2256950
2256970
2256990
2257010
2257030
2257040
2257050
2257060
2257070
2257100
2257110
2257120
2257140
2257170
2257190
2257220
2257290
2257360
2257380
2257400
2257410
2257440
2257450
2257460
2257490
2257510
2257560
2257580
2257590
2257610
2257630
2257640
2257650
2257680
2257720
2257750
2257770
2257780
2257790
2257800
2257830
2257840
2257850
2257870
2257880
2257910
2257920
2257940
2258010
2258020
2258040
2258060
2258070
2258080
2258090
2258100
2258110
2258120
2258130
2258170
2258180
2258260
2258290
2258300
2258320
2258330
2258350
2258380
2258420
2258480
2258490
2258500
2258510
2258530
2258550
2258560
2258580
2258590
2258670
2258770
2258790
2258830
2258840
2258890
2258910
2258930
2258940
2258950
2258960
2259000
2259050
2259060
2259070
2259080
2259100
2259130
2259180
2259190
2259210
2259220
2259230
2259240
2259260
2259270
2259300
2259310
2259320
2259330
2259340
2259360
2259370
2259380
2259390
2259400
2259460
2259530
2259580
2259590
2259620
2259640
2259690
2259700
2259730
2259740
2259770
2259990
2260030
2260050
2260060
2260100
2260130
2260150
2260170
2260220
2260230
2260260
2260310
2260330
2260350
2260360
2260450
2260480
2260510
2260530
2260540
2260550
2260560
2260630
2260650
2260680
2260700
2260750
2260800
2260850
2260930
2260950
2260960
2260980
2261000
2261030
2261040
2261050
2261070
2261090
2261100
2261110
2261120
2261130
2261140
2261150
2261200
2261220
2261240
2261250
2261280
2261290
2261310
2261330
2261350
2261360
2261380
2261400
2261410
2261420
2261430
2261440
2261500
2261540
2261550
2261560
2261570
2261600
2261610
2261640
2261650
2261660
2261680
2261690
2261720
2261750
2261760
2261890
2261900
2261910
2261920
2261930
2261940
2262010
2262020
2262040
2262060
2262070
2262080
2262110
2262120
2262170
2262180
2262190
2262200
2262210
2262220
2262230
2262240
2262250
2262320
2262330
2262340
2262370
2262410
2262450
2262470
2262520
2262540
2262560
2262570
2262580
2262600
2262610
2262620
2262630
2262680
2262690
2262730
2262740
2262750
2262770
2262790
2262820
2262880
2262890
2262900
2262910
2262930
2262950
2262960
2262970
2262980
2262990
2263000
2263010
2263040
2263050
2263120
2263130
2263150
2263160
2263170
2263210
2263220
2263230
2263240
2263250
2263260
2263290
2263330
2263340
2263360
2263380
2263390
2263430
2263450
2263490
2263500
2263510
2263520
2263530
2263550
2263560
2263570
2263660
2263680
2263700
2263710
2263720
2263740
2263760
2263780
2263860
2263920
2263950
2263960
2263970
2263980
2264000
2264020
2264050
2264110
2264120
2264140
2264160
2264190
2264200
2264210
2264240
2264280
2264290
2264300
2264340
2264390
2264400
2264410
2264420
2264430
2264440
2264460
2264470
2264490
2264500
2264510
2264550
2264580
2264600
2264690
2264730
2264740
2264750
2264760
2264770
2264780
2264820
2264840
2264880
2264930
2264950
2264970
2265010
2265020
2265040
2265080
2265120
2265130
2265160
2265170
2265180
2265190
2265210
2265220
2265240
2265270
2265290
2265310
2265320
2265370
2265380
2265400
2265410
2265420
2265440
2265450
2265460
2265490
2265520
2265530
2265590
2265610
2265640
2265650
2265680
2265730
2265750
2265760
2265800
2265830
2265870
2265920
2265940
2265950
2265960
2265990
2266000
2266010
2266020
2266030
2266050
2266060
2266090
2266130
2266150
2266160
2266190
2266200
2266260
2266270
2266320
2266360
2266370
2266400
2266440
2266500
2266510
2266530
2266570
2266580
2266590
2266600
2266640
2266700
2266740
2266750
2266780
2266790
2266820
2266840
2266850
2266870
2266890
2266910
2266920
2266930
2266980
2267010
2267040
2267070
2267100
2267120
2267140
2267170
2267220
2267230
2267260
2267290
2267310
2267320
2267340
2267360
2267370
2267480
2267500
2267520
2267560
2267570
2267580
2267590
2267600
2267630
2267650
2267660
2267680
2267710
2267770
2267790
2267800
2267810
2267840
2267860
2267870
2267900
2267930
2267940
2267970
2267990
2268000
2268040
2268050
2268140
2268160
2268200
2268220
2268240
2268250
2268260
2268280
2268300
2268310
2268330
2268340
2268430
2268440
2268460
2268470
2268520
2268540
2268550
2268560
2268580
2268600
2268720
2268780
2268800
2268880
2268960
2269000
2269010
2269030
2269060
2269070
2269090
2269120
2269150
2269170
2269220
2269230
2269270
2269280
2269290
2269300
2269310
2269320
2269330
2269350
2269360
2269380
2269410
2269420
2269450
2269460
2269490
2269500
2269530
2269540
2269580
2269590
2269640
2269650
2269680
2269690
2269700
2269710
2269720
2269730
2269750
2269770
2269800
2269860
2269880
2269930
2269950
2269970
2269980
2270000
2270020
2270040
2270120
2270130
2270150
2270210
2270220
2270230
2270240
2270250
2270270
2270280
2270290
2270310
2270320
2270340
2270350
2270360
2270370
2270400
2270410
2270420
2270460
2270500
2270520
2270530
2270540
2270550
2270570
2270590
2270600
2270610
2270630
2270640
2270700
2270720
2270750
2270900
2270910
2270930
2270940
2270960
2270970
2270980
2271000
2271030
2271040
2271050
2271060
2271100
2271110
2271120
2271130
2271140
2271150
2271160
2271170
2271180
2271190
2271200
2271250
2271270
2271280
2271300
2271320
2271360
2271380
2271390
2271430
2271490
2271500
2271520
2271530
2271540
2271560
2271570
2271590
2271740
2271750
2271760
2271810
2271890
2271900
2271920
2271930
2271940
2272010
2272040
2272070
2272090
2272120
2272140
2272150
2272180
2272190
2272220
2272250
2272290
2272300
2272310
2272360
2272400
2272410
2272420
2272430
2272480
2272520
2272540
2272560
2272590
2272600
2272630
2272640
2272710
2272720
2272730
2272770
2272800
2272860
2272870
2272880
2272900
2272930
2272940
2272950
2272970
2273040
2273050
2273060
2273110
2273180
2273210
2273220
2273280
2273390
2273420
2273430
2273440
2273460
2273470
2273490
2273500
2273510
2273520
2273530
2273550
2273570
2273630
2273650
2273720
2273810
2273820
2273850
2273880
2273920
2273980
2274000
2274050
2274110
2274120
2274150
2274160
2274190
2274200
2274250
2274270
2274320
2274330
2274340
2274380
2274390
2274410
2274420
2274430
2274460
2274480
2274500
2274510
2274530
2274550
2274560
2274580
2274610
2274620
2274700
2274710
2274730
2274800
2274810
2274820
2274850
2274860
2274870
2274880
2274890
2274970
2274980
2274990
2275000
2275010
2275020
2275070
2275100
2275120
2275130
2275150
2275180
2275220
2275230
2275240
2275290
2275300
2275340
2275350
2275370
2275420
2275440
2275450
2275460
2275490
2275560
2275600
2275650
2275680
2275700
2275720
2275750
2275760
2275780
2275790
2275820
2275840
2275860
2275870
2275880
2275920
2275940
2275960
2275970
2275980
2275990
2276030
2276040
2276050
2276060
2276080
2276090
2276100
2276110
2276120
2276130
2276140
2276180
2276230
2276260
2276270
2276340
2276400
2276420
2276440
2276460
2276480
2276500
2276540
2276550
2276570
2276620
2276720
2276740
2276770
2276780
2276800
2276810
2276830
2276840
2276850
2276880
2276930
2276960
2276980
2277000
2277050
2277070
2277090
2277110
2277160
2277250
2277300
2277310
2277320
2277350
2277400
2277410
2277420
2277490
2277500
2277510
2277520
2277560
2277600
2277610
2277670
2277680
2277720
2277740
2277770
2277790
2277830
2277840
2277850
2277870
2277910
2277940
2277950
2277960
2278000
2278010
2278060
2278080
2278110
2278120
2278130
2278160
2278180
2278190
2278200
2278220
2278270
2278290
2278300
2278360
2278380
2278390
2278430
2278480
2278530
2278550
2278600
2278630
2278640
2278690
2278760
2278780
2278790
2278800
2278820
2278830
2278910
2278920
2278930
2278940
2278950
2279040
2279060
2279080
2279120
2279160
2279180
2279220
2279260
2279270
2279280
2279310
2279330
2279350
2279370
2279380
2279390
2279410
2279420
2279430
2279440
2279450
2279490
2279510
2279530
2279550
2279560
2279570
2279600
2279610
2279620
2279640
2279660
2279700
2279710
2279740
2279800
2279810
2279860
2279870
2279930
2279940
2279960
2279980
2280060
2280140
2280150
2280200
2280220
2280260
2280320
2280330
2280350
2280360
2280370
2280390
2280420
2280430
2280440
2280450
2280460
2280470
2280490
2280510
2280520
2280540
2280590
2280630
2280640
2280670
2280700
2280710
2280720
2280740
2280810
2280870
2280890
2280900
2280910
2280970
2280990
2281040
2281070
2281080
2281100
2281130
2281150
2281160
2281170
2281200
2281230
2281270
2281300
2281310
2281340
2281360
2281370
2281390
2281410
2281470
2281480
2281520
2281530
2281540
2281550
2281580
2281610
2281620
2281650
2281700
2281720
2281730
2281760
2281790
2281800
2281820
2281850
2281860
2281870
2281890
2281900
2281940
2281980
2282010
2282020
2282050
2282080
2282110
2282130
2282190
2282200
2282260
2282310
2282330
2282340
2282350
2282360
2282380
2282400
2282410
2282480
2282540
2282600
2282620
2282630
2282650
2282690
2282700
2282720
2282730
2282740
2282760
2282770
2282780
2282790
2282810
2282820
2282840
2282890
2282900
2282910
2282920
2282930
2282940
2282990
2283050
2283060
2283070
2283090
2283110
2283120
2283140
2283170
2283200
2283230
2283240
2283250
2283280
2283310
2283330
2283340
2283350
2283360
2283380
2283390
2283400
2283410
2283440
2283460
2283470
2283490
2283540
2283580
2283600
2283630
2283640
2283650
2283660
2283670
2283690
2283710
2283720
2283780
2283800
2283820
2283850
2283860
2283870
2283880
2283910
2283930
2283940
2283950
2284000
2284080
2284090
2284100
2284140
2284160
2284190
2284200
2284210
2284240
2284260
2284270
2284290
2284310
2284370
2284380
2284390
2284410
2284430
2284460
2284480
2284510
2284520
2284530
2284590
2284600
2284630
2284640
2284650
2284680
2284770
2284780
2284800
2284810
2284840
2284860
2284870
2284900
2284990
2285000
2285040
2285090
2285120
2285140
2285150
2285160
2285180
2285190
2285210
2285250
2285270
2285280
2285320
2285330
2285340
2285350
2285390
2285400
2285410
2285420
2285430
2285490
2285500
2285520
2285540
2285550
2285570
2285610
2285620
2285630
2285640
2285650
2285730
2285750
2285820
2285830
2285860
2285880
2285890
2285930
2285940
2285950
2285980
2285990
2286000
2286020
2286070
2286080
2286090
2286110
2286200
2286220
2286230
2286240
2286250
2286260
2286280
2286300
2286320
2286330
2286380
2286390
2286440
2286450
2286460
2286510
2286520
2286530
2286540
2286560
2286580
2286590
2286600
2286620
2286680
2286690
2286720
2286730
2286750
2286760
2286770
2286780
2286790
2286800
2286830
2286840
2286880
2286890
2286940
2286950
2286960
2286990
2287000
2287030
2287040
2287050
2287060
2287070
2287080
2287090
2287100
2287130
2287140
2287150
2287170
2287180
2287190
2287220
2287330
2287350
2287360
2287370
2287390
2287420
2287430
2287440
2287500
2287520
2287550
2287560
2287600
2287650
2287710
2287720
2287760
2287770
2287780
2287790
2287950
2287960
2287970
2287980
2287990
2288020
2288050
2288070
2288080
2288090
2288110
2288150
2288190
2288210
2288280
2288300
2288310
2288330
2288340
2288350
2288460
2288470
2288480
2288520
2288530
2288560
2288570
2288600
2288630
2288640
2288660
2288710
2288730
2288760
2288770
2288840
2288880
2288950
2289000
2289040
2289050
2289080
2289090
2289120
2289130
2289210
2289220
2289230
2289270
2289370
2289390
2289400
2289420
2289450
2289460
2289490
2289550
2289560
2289580
2289590
2289610
2289630
2289640
2289650
2289660
2289670
2289720
2289740
2289750
2289770
2289860
2289910
2289920
2289930
2289960
2289970
2290000
2290010
2290070
2290130
2290140
2290180
2290190
2290200
2290210
2290250
2290270
2290280
2290290
2290300
2290310
2290320
2290360
2290440
2290450
2290480
2290490
2290500
2290520
2290530
2290550
2290600
2290610
2290650
2290680
2290700
2290760
2290770
2290850
2290870
2290880
2290890
2290930
2290950
2290960
2291020
2291060
2291120
2291130
2291140
2291160
2291190
2291210
2291250
2291340
2291390
2291490
2291510
2291530
2291660
2291680
2291690
2291700
2291740
2291760
2291780
2291810
2291850
2291870
2291880
2291910
2291920
2291950
2291980
2292010
2292030
2292060
2292080
2292140
2292160
2292180
2292210
2292220
2292250
2292260
2292280
2292300
2292350
2292360
2292370
2292400
2292410
2292440
2292520
2292540
2292550
2292580
2292590
2292600
2292610
2292630
2292650
2292690
2292700
2292710
2292720
2292740
2292750
2292780
2292790
2292800
2292810
2292840
2292860
2292870
2292880
2292890
2292910
2292920
2292940
2292960
2292970
2292980
2293010
2293030
2293080
2293180
2293190
2293200
2293210
2293260
2293280
2293300
2293310
2293320
2293330
2293400
2293410
2293420
2293430
2293440
2293460
2293510
2293520
2293530
2293540
2293570
2293610
2293620
2293640
2293650
2293660
2293680
2293700
2293730
2293750
2293760
2293780
2293810
2293820
2293830
2293850
2293860
2293880
2293900
2294020
2294030
2294050
2294080
2294100
2294120
2294130
2294160
2294180
2294210
2294230
2294250
2294280
2294290
2294300
2294320
2294330
2294430
2294450
2294530
2294540
2294550
2294590
2294600
2294620
2294640
2294660
2294670
2294690
2294720
2294730
2294780
2294790
2294860
2294880
2294890
2294910
2294920
2294930
2294950
2294970
2294980
2294990
2295060
2295070
2295110
2295120
2295150
2295170
2295200
2295210
2295220
2295280
2295290
2295300
2295320
2295370
2295390
2295410
2295430
2295450
2295520
2295530
2295570
2295580
2295610
2295650
2295660
2295700
2295740
2295790
2295830
2295870
2295920
2295930
2295940
2295970
2295980
2296000
2296020
2296050
2296060
2296080
2296120
2296270
2296380
2296460
2296490
2296500
2296510
2296540
2296550
2296580
2296590
2296610
2296740
2296750
2296790
2296850
2296870
2296880
2296910
2296950
2296960
2296980
2296990
2297010
2297040
2297130
2297140
2297150
2297160
2297180
2297200
2297210
2297230
2297240
2297260
2297270
2297320
2297330
2297360
2297430
2297450
2297490
2297510
2297530
2297540
2297570
2297590
2297600
2297650
2297670
2297690
2297800
2297880
2297960
2297990
2298010
2298020
2298060
2298080
2298140
2298160
2298210
2298240
2298250
2298280
2298300
2298330
2298350
2298390
2298460
2298480
2298500
2298560
2298570
2298590
2298610
2298620
2298630
2298650
2298660
2298690
2298730
2298740
2298750
2298880
2298900
2298940
2298950
2298960
2298990
2299040
2299080
2299130
2299150
2299230
2299240
2299270
2299280
2299400
2299430
2299450
2299460
2299470
2299480
2299490
2299520
2299610
2299650
2299660
2299690
2299700
2299710
2299730
2299740
2299750
2299760
2299790
2299840
2299870
2299890
2299900
2299920
2299930
2299940
2299950
2299990
2300040
2300090
2300100
2300110
2300120
2300130
2300160
2300230
2300240
2300260
2300270
2300280
2300300
2300310
2300320
2300330
2300340
2300370
2300380
2300390
2300400
2300440
2300470
2300520
2300530
2300570
2300580
2300590
2300600
2300620
2300660
2300690
2300730
2300750
2300760
2300840
2300850
2300860
2300880
2300890
2300910
2300920
2300930
2300950
2300960
2300970
2301000
